%Time [ms]	Commanded Torque [mNm]	Angular Velocity [RPM]	Actual Current [Amp]	%9/7/20212:22 PM
0.000	0.000	0.000	0.000
20.000	7.000	-9.766	-0.016
30.000	7.000	-9.766	-0.016
40.000	7.000	0.000	-0.003
50.000	7.000	0.000	-0.003
60.000	7.000	0.000	-0.003
70.000	7.000	-13.672	-0.025
80.000	7.000	-13.672	-0.025
90.000	7.000	-13.672	-0.025
100.000	7.000	13.672	-0.033
110.000	7.000	13.672	-0.033
120.000	7.000	13.672	-0.033
130.000	7.000	7.812	-0.006
140.000	7.000	7.812	-0.006
150.000	7.000	7.812	-0.006
160.000	7.000	-39.062	-0.021
170.000	7.000	-39.062	-0.021
180.000	7.000	-39.062	-0.021
190.000	7.000	-29.297	-0.012
200.000	7.000	-29.297	-0.012
210.000	7.000	-29.297	-0.012
220.000	7.000	-3.906	-0.020
230.000	7.000	-3.906	-0.020
240.000	7.000	-3.906	-0.020
250.000	7.000	-31.250	-0.028
260.000	7.000	-31.250	-0.028
270.000	7.000	-31.250	-0.028
280.000	7.000	-11.719	-0.026
290.000	7.000	-11.719	-0.026
300.000	7.000	-11.719	-0.026
310.000	7.000	-9.766	-0.007
320.000	7.000	-9.766	-0.007
330.000	7.000	-9.766	-0.007
340.000	7.000	-19.531	-0.005
350.000	7.000	-19.531	-0.005
360.000	7.000	-19.531	-0.005
370.000	7.000	0.000	-0.008
380.000	7.000	0.000	-0.008
390.000	7.000	0.000	-0.008
400.000	7.000	1.953	-0.029
410.000	7.000	1.953	-0.029
420.000	7.000	1.953	-0.029
430.000	7.000	17.578	-0.028
440.000	7.000	17.578	-0.028
450.000	7.000	17.578	-0.028
460.000	7.000	-7.812	-0.013
470.000	7.000	-7.812	-0.013
480.000	7.000	-7.812	-0.013
490.000	7.000	3.906	-0.023
500.000	7.000	3.906	-0.023
510.000	7.000	3.906	-0.023
520.000	7.000	-11.719	-0.030
530.000	7.000	-11.719	-0.030
540.000	7.000	-11.719	-0.030
550.000	7.000	-13.672	-0.018
560.000	7.000	-13.672	-0.018
570.000	7.000	-13.672	-0.018
580.000	7.000	-17.578	-0.001
590.000	7.000	-17.578	-0.001
600.000	7.000	-17.578	-0.001
610.000	7.000	13.672	-0.041
620.000	7.000	13.672	-0.041
630.000	7.000	13.672	-0.041
640.000	7.000	-21.484	-0.039
650.000	7.000	-21.484	-0.039
660.000	7.000	-21.484	-0.039
670.000	7.000	-17.578	-0.036
680.000	7.000	-17.578	-0.036
690.000	7.000	-17.578	-0.036
700.000	7.000	-27.344	-0.021
710.000	7.000	-27.344	-0.021
720.000	7.000	-27.344	-0.021
730.000	7.000	25.391	-0.034
740.000	7.000	25.391	-0.034
750.000	7.000	25.391	-0.034
760.000	7.000	17.578	-0.029
770.000	7.000	17.578	-0.029
780.000	7.000	17.578	-0.029
790.000	7.000	-27.344	-0.029
800.000	7.000	-27.344	-0.029
810.000	7.000	-27.344	-0.029
820.000	7.000	-5.859	-0.031
830.000	7.000	-5.859	-0.031
840.000	7.000	-5.859	-0.031
850.000	7.000	-21.484	-0.042
860.000	7.000	-21.484	-0.042
870.000	7.000	-21.484	-0.042
880.000	7.000	-17.578	-0.006
890.000	7.000	-17.578	-0.006
900.000	7.000	-17.578	-0.006
910.000	7.000	19.531	-0.006
920.000	7.000	19.531	-0.006
930.000	7.000	19.531	-0.006
940.000	7.000	-29.297	-0.020
950.000	7.000	-29.297	-0.020
960.000	7.000	-29.297	-0.020
970.000	7.000	-17.578	-0.022
980.000	7.000	-17.578	-0.022
990.000	7.000	-17.578	-0.022
1000.000	7.000	-7.812	-0.011
1010.000	7.000	-7.812	-0.011
1020.000	7.000	-7.812	-0.011
1030.000	7.000	1.953	-0.041
1040.000	7.000	1.953	-0.041
1050.000	7.000	1.953	-0.041
1060.000	7.000	-25.391	0.000
1070.000	7.000	-25.391	0.000
1080.000	7.000	-25.391	0.000
1090.000	7.000	-11.719	-0.019
1100.000	7.000	-11.719	-0.019
1110.000	7.000	-11.719	-0.019
1120.000	7.000	-23.437	-0.012
1130.000	7.000	-23.437	-0.012
1140.000	7.000	-23.437	-0.012
1150.000	7.000	-19.531	-0.012
1160.000	7.000	-19.531	-0.012
1170.000	7.000	-19.531	-0.012
1180.000	7.000	-1.953	-0.024
1190.000	7.000	-1.953	-0.024
1200.000	7.000	-1.953	-0.024
1210.000	7.000	-11.719	-0.002
1220.000	7.000	-11.719	-0.002
1230.000	7.000	-11.719	-0.002
1240.000	7.000	9.766	-0.032
1250.000	7.000	9.766	-0.032
1260.000	7.000	9.766	-0.032
1270.000	7.000	3.906	-0.044
1280.000	7.000	3.906	-0.044
1290.000	7.000	3.906	-0.044
1300.000	7.000	15.625	-0.006
1310.000	7.000	15.625	-0.006
1320.000	7.000	15.625	-0.006
1330.000	7.000	17.578	-0.038
1340.000	7.000	17.578	-0.038
1350.000	7.000	17.578	-0.038
1360.000	7.000	-21.484	-0.028
1370.000	7.000	-21.484	-0.028
1380.000	7.000	-21.484	-0.028
1390.000	7.000	-19.531	-0.021
1400.000	7.000	-19.531	-0.021
1410.000	7.000	-19.531	-0.021
1420.000	7.000	-44.922	-0.015
1430.000	7.000	-44.922	-0.015
1440.000	7.000	-44.922	-0.015
1450.000	7.000	-15.625	-0.032
1460.000	7.000	-15.625	-0.032
1470.000	7.000	-15.625	-0.032
1480.000	7.000	-15.625	-0.022
1490.000	7.000	-15.625	-0.022
1500.000	7.000	-15.625	-0.022
1510.000	7.000	13.672	-0.040
1520.000	7.000	13.672	-0.040
1530.000	7.000	13.672	-0.040
1540.000	7.000	-29.297	-0.024
1550.000	7.000	-29.297	-0.024
1560.000	7.000	-29.297	-0.024
1570.000	7.000	-42.969	-0.030
1580.000	7.000	-42.969	-0.030
1590.000	7.000	-42.969	-0.030
1600.000	7.000	-7.812	-0.011
1610.000	7.000	-7.812	-0.011
1620.000	7.000	-7.812	-0.011
1630.000	7.000	9.766	-0.001
1640.000	7.000	9.766	-0.001
1650.000	7.000	9.766	-0.001
1660.000	7.000	1.953	-0.028
1670.000	7.000	1.953	-0.028
1680.000	7.000	1.953	-0.028
1690.000	7.000	-42.969	-0.030
1700.000	7.000	-42.969	-0.030
1710.000	7.000	-42.969	-0.030
1720.000	7.000	-15.625	-0.036
1730.000	7.000	-15.625	-0.036
1740.000	7.000	-15.625	-0.036
1750.000	7.000	-9.766	-0.022
1760.000	7.000	-9.766	-0.022
1770.000	7.000	-9.766	-0.022
1780.000	7.000	-13.672	-0.030
1790.000	7.000	-13.672	-0.030
1800.000	7.000	-13.672	-0.030
1810.000	7.000	-7.812	-0.021
1820.000	7.000	-7.812	-0.021
1830.000	7.000	-7.812	-0.021
1840.000	7.000	-15.625	-0.030
1850.000	7.000	-15.625	-0.030
1860.000	7.000	-15.625	-0.030
1870.000	7.000	-15.625	-0.023
1880.000	7.000	-15.625	-0.023
1890.000	7.000	-15.625	-0.023
1900.000	7.000	9.766	-0.018
1910.000	7.000	9.766	-0.018
1920.000	7.000	9.766	-0.018
1930.000	7.000	-13.672	-0.012
1940.000	7.000	-13.672	-0.012
1950.000	7.000	-13.672	-0.012
1960.000	7.000	-15.625	-0.021
1970.000	7.000	-15.625	-0.021
1980.000	7.000	-15.625	-0.021
1990.000	7.000	-33.203	-0.023
2000.000	7.000	-33.203	-0.023
2010.000	7.000	-33.203	-0.023
2020.000	7.000	21.484	-0.035
2030.000	7.000	21.484	-0.035
2040.000	7.000	21.484	-0.035
2050.000	7.000	-11.719	-0.012
2060.000	7.000	-11.719	-0.012
2070.000	7.000	-11.719	-0.012
2080.000	7.000	-1.953	-0.008
2090.000	7.000	-1.953	-0.008
2100.000	7.000	-1.953	-0.008
2110.000	7.000	-9.766	-0.018
2120.000	7.000	-9.766	-0.018
2130.000	7.000	-9.766	-0.018
2140.000	7.000	3.906	-0.022
2150.000	7.000	3.906	-0.022
2160.000	7.000	3.906	-0.022
2170.000	7.000	3.906	-0.009
2180.000	7.000	3.906	-0.009
2190.000	7.000	3.906	-0.009
2200.000	7.000	-17.578	-0.015
2210.000	7.000	-17.578	-0.015
2220.000	7.000	-17.578	-0.015
2230.000	7.000	-41.016	-0.021
2240.000	7.000	-41.016	-0.021
2250.000	7.000	-41.016	-0.021
2260.000	7.000	0.000	0.000
2270.000	7.000	0.000	0.000
2280.000	7.000	0.000	0.000
2290.000	7.000	5.859	-0.022
2300.000	7.000	5.859	-0.022
2310.000	7.000	5.859	-0.022
2320.000	7.000	19.531	-0.027
2330.000	7.000	19.531	-0.027
2340.000	7.000	19.531	-0.027
2350.000	7.000	-25.391	-0.034
2360.000	7.000	-25.391	-0.034
2370.000	7.000	-25.391	-0.034
2380.000	7.000	-15.625	-0.018
2390.000	7.000	-15.625	-0.018
2400.000	7.000	-15.625	-0.018
2410.000	7.000	13.672	-0.012
2420.000	7.000	13.672	-0.012
2430.000	7.000	13.672	-0.012
2440.000	7.000	-9.766	-0.009
2450.000	7.000	-9.766	-0.009
2460.000	7.000	-9.766	-0.009
2470.000	7.000	-11.719	-0.026
2480.000	7.000	-11.719	-0.026
2490.000	7.000	-11.719	-0.026
2500.000	7.000	-1.953	-0.036
2510.000	7.000	-1.953	-0.036
2520.000	7.000	-1.953	-0.036
2530.000	7.000	3.906	-0.013
2540.000	7.000	3.906	-0.013
2550.000	7.000	3.906	-0.013
2560.000	7.000	-50.781	-0.021
2570.000	7.000	-50.781	-0.021
2580.000	7.000	-50.781	-0.021
2590.000	7.000	-25.391	-0.022
2600.000	7.000	-25.391	-0.022
2610.000	7.000	-25.391	-0.022
2620.000	7.000	-23.437	-0.020
2630.000	7.000	-23.437	-0.020
2640.000	7.000	-23.437	-0.020
2650.000	7.000	-44.922	-0.023
2660.000	7.000	-44.922	-0.023
2670.000	7.000	-44.922	-0.023
2680.000	7.000	-41.016	-0.021
2690.000	7.000	-41.016	-0.021
2700.000	7.000	-41.016	-0.021
2710.000	7.000	-5.859	0.000
2720.000	7.000	-5.859	0.000
2730.000	7.000	-5.859	0.000
2740.000	7.000	-23.437	-0.035
2750.000	7.000	-23.437	-0.035
2760.000	7.000	-23.437	-0.035
2770.000	7.000	1.953	-0.012
2780.000	7.000	1.953	-0.012
2790.000	7.000	1.953	-0.012
2800.000	7.000	-19.531	-0.017
2810.000	7.000	-19.531	-0.017
2820.000	7.000	-19.531	-0.017
2830.000	7.000	0.000	-0.024
2840.000	7.000	0.000	-0.024
2850.000	7.000	0.000	-0.024
2860.000	7.000	-31.250	-0.028
2870.000	7.000	-31.250	-0.028
2880.000	7.000	-31.250	-0.028
2890.000	7.000	-23.437	-0.022
2900.000	7.000	-23.437	-0.022
2910.000	7.000	-23.437	-0.022
2920.000	7.000	1.953	-0.023
2930.000	7.000	1.953	-0.023
2940.000	7.000	1.953	-0.023
2950.000	7.000	-23.437	-0.014
2960.000	7.000	-23.437	-0.014
2970.000	7.000	-23.437	-0.014
2980.000	7.000	19.531	-0.031
2990.000	7.000	19.531	-0.031
3000.000	7.000	19.531	-0.031
3010.000	7.000	0.000	-0.021
3020.000	7.000	0.000	-0.021
3030.000	7.000	0.000	-0.021
3040.000	7.000	-9.766	0.001
3050.000	7.000	-9.766	0.001
3060.000	7.000	-9.766	0.001
3070.000	7.000	-19.531	-0.024
3080.000	7.000	-19.531	-0.024
3090.000	7.000	-19.531	-0.024
3100.000	7.000	-25.391	-0.014
3110.000	7.000	-25.391	-0.014
3120.000	7.000	-25.391	-0.014
3130.000	7.000	-15.625	-0.039
3140.000	7.000	-15.625	-0.039
3150.000	7.000	-15.625	-0.039
3160.000	7.000	3.906	-0.021
3170.000	7.000	3.906	-0.021
3180.000	7.000	3.906	-0.021
3190.000	7.000	0.000	-0.031
3200.000	7.000	0.000	-0.031
3210.000	7.000	0.000	-0.031
3220.000	7.000	-41.016	-0.016
3230.000	7.000	-41.016	-0.016
3240.000	7.000	-41.016	-0.016
3250.000	7.000	-42.969	-0.029
3260.000	7.000	-42.969	-0.029
3270.000	7.000	-42.969	-0.029
3280.000	7.000	-19.531	-0.011
3290.000	7.000	-19.531	-0.011
3300.000	7.000	-19.531	-0.011
3310.000	7.000	1.953	-0.006
3320.000	7.000	1.953	-0.006
3330.000	7.000	1.953	-0.006
3340.000	7.000	1.953	-0.011
3350.000	7.000	1.953	-0.011
3360.000	7.000	1.953	-0.011
3370.000	7.000	-19.531	-0.012
3380.000	7.000	-19.531	-0.012
3390.000	7.000	-19.531	-0.012
3400.000	7.000	5.859	-0.016
3410.000	7.000	5.859	-0.016
3420.000	7.000	5.859	-0.016
3430.000	7.000	-3.906	-0.012
3440.000	7.000	-3.906	-0.012
3450.000	7.000	-3.906	-0.012
3460.000	7.000	-31.250	-0.009
3470.000	7.000	-31.250	-0.009
3480.000	7.000	-31.250	-0.009
3490.000	7.000	-3.906	-0.010
3500.000	7.000	-3.906	-0.010
3510.000	7.000	-3.906	-0.010
3520.000	7.000	21.484	-0.036
3530.000	7.000	21.484	-0.036
3540.000	7.000	21.484	-0.036
3550.000	7.000	7.812	-0.027
3560.000	7.000	7.812	-0.027
3570.000	7.000	7.812	-0.027
3580.000	7.000	-17.578	-0.004
3590.000	7.000	-17.578	-0.004
3600.000	7.000	-17.578	-0.004
3610.000	7.000	-1.953	-0.013
3620.000	7.000	-1.953	-0.013
3630.000	7.000	-1.953	-0.013
3640.000	7.000	9.766	-0.024
3650.000	7.000	9.766	-0.024
3660.000	7.000	9.766	-0.024
3670.000	7.000	-19.531	-0.025
3680.000	7.000	-19.531	-0.025
3690.000	7.000	-19.531	-0.025
3700.000	7.000	15.625	-0.038
3710.000	7.000	15.625	-0.038
3720.000	7.000	15.625	-0.038
3730.000	7.000	-5.859	-0.003
3740.000	7.000	-5.859	-0.003
3750.000	7.000	-5.859	-0.003
3760.000	7.000	-44.922	-0.019
3770.000	7.000	-44.922	-0.019
3780.000	7.000	-44.922	-0.019
3790.000	7.000	15.625	-0.039
3800.000	7.000	15.625	-0.039
3810.000	7.000	15.625	-0.039
3820.000	7.000	-39.062	-0.022
3830.000	7.000	-39.062	-0.022
3840.000	7.000	-39.062	-0.022
3850.000	7.000	23.437	-0.008
3860.000	7.000	23.437	-0.008
3870.000	7.000	23.437	-0.008
3880.000	7.000	1.953	-0.022
3890.000	7.000	1.953	-0.022
3900.000	7.000	1.953	-0.022
3910.000	7.000	-25.391	-0.022
3920.000	7.000	-25.391	-0.022
3930.000	7.000	-25.391	-0.022
3940.000	7.000	-5.859	-0.019
3950.000	7.000	-5.859	-0.019
3960.000	7.000	-5.859	-0.019
3970.000	7.000	5.859	-0.003
3980.000	7.000	5.859	-0.003
3990.000	7.000	5.859	-0.003
4000.000	7.000	-13.672	-0.033
4010.000	7.000	-13.672	-0.033
4020.000	7.000	-13.672	-0.033
4030.000	7.000	7.812	-0.025
4040.000	7.000	7.812	-0.025
4050.000	7.000	7.812	-0.025
4060.000	7.000	15.625	-0.040
4070.000	7.000	15.625	-0.040
4080.000	7.000	15.625	-0.040
4090.000	7.000	3.906	-0.010
4100.000	7.000	3.906	-0.010
4110.000	7.000	3.906	-0.010
4120.000	7.000	-13.672	-0.014
4130.000	7.000	-13.672	-0.014
4140.000	7.000	-13.672	-0.014
4150.000	7.000	-21.484	-0.012
4160.000	7.000	-21.484	-0.012
4170.000	7.000	-21.484	-0.012
4180.000	7.000	-9.766	-0.034
4190.000	7.000	-9.766	-0.034
4200.000	7.000	-9.766	-0.034
4210.000	7.000	-13.672	-0.023
4220.000	7.000	-13.672	-0.023
4230.000	7.000	-13.672	-0.023
4240.000	7.000	-7.812	-0.010
4250.000	7.000	-7.812	-0.010
4260.000	7.000	-7.812	-0.010
4270.000	7.000	17.578	-0.035
4280.000	7.000	17.578	-0.035
4290.000	7.000	17.578	-0.035
4300.000	7.000	7.812	-0.021
4310.000	7.000	7.812	-0.021
4320.000	7.000	7.812	-0.021
4330.000	7.000	15.625	-0.001
4340.000	7.000	15.625	-0.001
4350.000	7.000	15.625	-0.001
4360.000	7.000	-3.906	-0.021
4370.000	7.000	-3.906	-0.021
4380.000	7.000	-3.906	-0.021
4390.000	7.000	-17.578	-0.036
4400.000	7.000	-17.578	-0.036
4410.000	7.000	-17.578	-0.036
4420.000	7.000	-11.719	-0.032
4430.000	7.000	-11.719	-0.032
4440.000	7.000	-11.719	-0.032
4450.000	7.000	5.859	-0.022
4460.000	7.000	5.859	-0.022
4470.000	7.000	5.859	-0.022
4480.000	7.000	1.953	-0.011
4490.000	7.000	1.953	-0.011
4500.000	7.000	1.953	-0.011
4510.000	7.000	-23.437	-0.007
4520.000	7.000	-23.437	-0.007
4530.000	7.000	-23.437	-0.007
4540.000	7.000	-7.812	-0.021
4550.000	7.000	-7.812	-0.021
4560.000	7.000	-7.812	-0.021
4570.000	7.000	-42.969	-0.025
4580.000	7.000	-42.969	-0.025
4590.000	7.000	-42.969	-0.025
4600.000	7.000	-9.766	-0.028
4610.000	7.000	-9.766	-0.028
4620.000	7.000	-9.766	-0.028
4630.000	7.000	-5.859	0.000
4640.000	7.000	-5.859	0.000
4650.000	7.000	-5.859	0.000
4660.000	7.000	-1.953	-0.002
4670.000	7.000	-1.953	-0.002
4680.000	7.000	-1.953	-0.002
4690.000	7.000	-27.344	-0.036
4700.000	7.000	-27.344	-0.036
4710.000	7.000	-27.344	-0.036
4720.000	7.000	-25.391	-0.027
4730.000	7.000	-25.391	-0.027
4740.000	7.000	-25.391	-0.027
4750.000	7.000	-11.719	-0.020
4760.000	7.000	-11.719	-0.020
4770.000	7.000	-11.719	-0.020
4780.000	7.000	9.766	-0.025
4790.000	7.000	9.766	-0.025
4800.000	7.000	9.766	-0.025
4810.000	7.000	11.719	-0.021
4820.000	7.000	11.719	-0.021
4830.000	7.000	11.719	-0.021
4840.000	7.000	3.906	-0.024
4850.000	7.000	3.906	-0.024
4860.000	7.000	3.906	-0.024
4870.000	7.000	13.672	-0.030
4880.000	7.000	13.672	-0.030
4890.000	7.000	13.672	-0.030
4900.000	7.000	-29.297	-0.038
4910.000	7.000	-29.297	-0.038
4920.000	7.000	-29.297	-0.038
4930.000	7.000	3.906	-0.020
4940.000	7.000	3.906	-0.020
4950.000	7.000	3.906	-0.020
4960.000	7.000	-21.484	-0.039
4970.000	7.000	-21.484	-0.039
4980.000	7.000	-21.484	-0.039
4990.000	7.000	17.578	-0.021
5000.000	7.000	17.578	-0.021
5010.000	7.000	17.578	-0.021
5020.000	7.000	-19.531	-0.008
5030.000	7.000	-19.531	-0.008
5040.000	7.000	-19.531	-0.008
5050.000	7.000	19.531	-0.034
5060.000	7.000	19.531	-0.034
5070.000	7.000	19.531	-0.034
5080.000	7.000	-44.922	-0.027
5090.000	7.000	-44.922	-0.027
5100.000	7.000	-44.922	-0.027
5110.000	7.000	9.766	0.082
5120.000	7.000	9.766	0.082
5130.000	7.000	9.766	0.082
5140.000	7.000	1.953	0.157
5150.000	7.000	1.953	0.157
5160.000	7.000	1.953	0.157
5170.000	7.000	13.672	0.161
5180.000	7.000	13.672	0.161
5190.000	7.000	13.672	0.161
5200.000	7.000	15.625	0.193
5210.000	7.000	15.625	0.193
5220.000	7.000	15.625	0.193
5230.000	7.000	31.250	0.213
5240.000	7.000	31.250	0.213
5250.000	7.000	31.250	0.213
5260.000	7.000	64.453	0.198
5270.000	7.000	64.453	0.198
5280.000	7.000	64.453	0.198
5290.000	7.000	83.984	0.203
5300.000	7.000	83.984	0.203
5310.000	7.000	83.984	0.203
5320.000	7.000	52.734	0.200
5330.000	7.000	52.734	0.200
5340.000	7.000	52.734	0.200
5350.000	7.000	97.656	0.187
5360.000	7.000	97.656	0.187
5370.000	7.000	97.656	0.187
5380.000	7.000	76.172	0.215
5390.000	7.000	76.172	0.215
5400.000	7.000	76.172	0.215
5410.000	7.000	99.609	0.193
5420.000	7.000	99.609	0.193
5430.000	7.000	99.609	0.193
5440.000	7.000	134.766	0.212
5450.000	7.000	134.766	0.212
5460.000	7.000	134.766	0.212
5470.000	7.000	142.578	0.202
5480.000	7.000	142.578	0.202
5490.000	7.000	142.578	0.202
5500.000	7.000	138.672	0.214
5510.000	7.000	138.672	0.214
5520.000	7.000	138.672	0.214
5530.000	7.000	169.922	0.191
5540.000	7.000	169.922	0.191
5550.000	7.000	169.922	0.191
5560.000	7.000	212.891	0.185
5570.000	7.000	212.891	0.185
5580.000	7.000	212.891	0.185
5590.000	7.000	208.984	0.211
5600.000	7.000	208.984	0.211
5610.000	7.000	208.984	0.211
5620.000	7.000	169.922	0.201
5630.000	7.000	169.922	0.201
5640.000	7.000	169.922	0.201
5650.000	7.000	218.750	0.204
5660.000	7.000	218.750	0.204
5670.000	7.000	218.750	0.204
5680.000	7.000	203.125	0.206
5690.000	7.000	203.125	0.206
5700.000	7.000	203.125	0.206
5710.000	7.000	240.234	0.210
5720.000	7.000	240.234	0.210
5730.000	7.000	240.234	0.210
5740.000	7.000	238.281	0.204
5750.000	7.000	238.281	0.204
5760.000	7.000	238.281	0.204
5770.000	7.000	251.953	0.198
5780.000	7.000	251.953	0.198
5790.000	7.000	251.953	0.198
5800.000	7.000	281.250	0.181
5810.000	7.000	281.250	0.181
5820.000	7.000	281.250	0.181
5830.000	7.000	316.406	0.197
5840.000	7.000	316.406	0.197
5850.000	7.000	316.406	0.197
5860.000	7.000	291.016	0.209
5870.000	7.000	291.016	0.209
5880.000	7.000	291.016	0.209
5890.000	7.000	333.984	0.194
5900.000	7.000	333.984	0.194
5910.000	7.000	333.984	0.194
5920.000	7.000	335.937	0.188
5930.000	7.000	335.937	0.188
5940.000	7.000	335.937	0.188
5950.000	7.000	347.656	0.185
5960.000	7.000	347.656	0.185
5970.000	7.000	347.656	0.185
5980.000	7.000	328.125	0.206
5990.000	7.000	328.125	0.206
6000.000	7.000	328.125	0.206
6010.000	7.000	347.656	0.193
6020.000	7.000	347.656	0.193
6030.000	7.000	347.656	0.193
6040.000	7.000	416.016	0.200
6050.000	7.000	416.016	0.200
6060.000	7.000	416.016	0.200
6070.000	7.000	400.391	0.173
6080.000	7.000	400.391	0.173
6090.000	7.000	400.391	0.173
6100.000	7.000	369.141	0.209
6110.000	7.000	369.141	0.209
6120.000	7.000	369.141	0.209
6130.000	7.000	416.016	0.199
6140.000	7.000	416.016	0.199
6150.000	7.000	416.016	0.199
6160.000	7.000	429.687	0.195
6170.000	7.000	429.687	0.195
6180.000	7.000	429.687	0.195
6190.000	7.000	423.828	0.189
6200.000	7.000	423.828	0.189
6210.000	7.000	423.828	0.189
6220.000	7.000	425.781	0.208
6230.000	7.000	425.781	0.208
6240.000	7.000	425.781	0.208
6250.000	7.000	457.031	0.190
6260.000	7.000	457.031	0.190
6270.000	7.000	457.031	0.190
6280.000	7.000	457.031	0.210
6290.000	7.000	457.031	0.210
6300.000	7.000	457.031	0.210
6310.000	7.000	457.031	0.191
6320.000	7.000	457.031	0.191
6330.000	7.000	457.031	0.191
6340.000	7.000	500.000	0.199
6350.000	7.000	500.000	0.199
6360.000	7.000	500.000	0.199
6370.000	7.000	507.812	0.212
6380.000	7.000	507.812	0.212
6390.000	7.000	507.812	0.212
6400.000	7.000	533.203	0.212
6410.000	7.000	533.203	0.212
6420.000	7.000	533.203	0.212
6430.000	7.000	513.672	0.218
6440.000	7.000	513.672	0.218
6450.000	7.000	513.672	0.218
6460.000	7.000	535.156	0.212
6470.000	7.000	535.156	0.212
6480.000	7.000	535.156	0.212
6490.000	7.000	535.156	0.178
6500.000	7.000	535.156	0.178
6510.000	7.000	535.156	0.178
6520.000	7.000	568.359	0.192
6530.000	7.000	568.359	0.192
6540.000	7.000	568.359	0.192
6550.000	7.000	589.844	0.207
6560.000	7.000	589.844	0.207
6570.000	7.000	589.844	0.207
6580.000	7.000	570.312	0.173
6590.000	7.000	570.312	0.173
6600.000	7.000	570.312	0.173
6610.000	7.000	607.422	0.190
6620.000	7.000	607.422	0.190
6630.000	7.000	607.422	0.190
6640.000	7.000	589.844	0.192
6650.000	7.000	589.844	0.192
6660.000	7.000	589.844	0.192
6670.000	7.000	597.656	0.195
6680.000	7.000	597.656	0.195
6690.000	7.000	597.656	0.195
6700.000	7.000	611.328	0.190
6710.000	7.000	611.328	0.190
6720.000	7.000	611.328	0.190
6730.000	7.000	640.625	0.195
6740.000	7.000	640.625	0.195
6750.000	7.000	640.625	0.195
6760.000	7.000	671.875	0.189
6770.000	7.000	671.875	0.189
6780.000	7.000	671.875	0.189
6790.000	7.000	679.687	0.194
6800.000	7.000	679.687	0.194
6810.000	7.000	679.687	0.194
6820.000	7.000	681.641	0.195
6830.000	7.000	681.641	0.195
6840.000	7.000	681.641	0.195
6850.000	7.000	675.781	0.186
6860.000	7.000	675.781	0.186
6870.000	7.000	675.781	0.186
6880.000	7.000	708.984	0.200
6890.000	7.000	708.984	0.200
6900.000	7.000	708.984	0.200
6910.000	7.000	673.828	0.206
6920.000	7.000	673.828	0.206
6930.000	7.000	673.828	0.206
6940.000	7.000	726.562	0.186
6950.000	7.000	726.562	0.186
6960.000	7.000	726.562	0.186
6970.000	7.000	744.141	0.186
6980.000	7.000	744.141	0.186
6990.000	7.000	744.141	0.186
7000.000	7.000	710.937	0.178
7010.000	7.000	710.937	0.178
7020.000	7.000	710.937	0.178
7030.000	7.000	753.906	0.207
7040.000	7.000	753.906	0.207
7050.000	7.000	753.906	0.207
7060.000	7.000	720.703	0.205
7070.000	7.000	720.703	0.205
7080.000	7.000	720.703	0.205
7090.000	7.000	800.781	0.205
7100.000	7.000	800.781	0.205
7110.000	7.000	800.781	0.205
7120.000	7.000	798.828	0.199
7130.000	7.000	798.828	0.199
7140.000	7.000	798.828	0.199
7150.000	7.000	806.641	0.187
7160.000	7.000	806.641	0.187
7170.000	7.000	806.641	0.187
7180.000	7.000	812.500	0.179
7190.000	7.000	812.500	0.179
7200.000	7.000	812.500	0.179
7210.000	7.000	796.875	0.174
7220.000	7.000	796.875	0.174
7230.000	7.000	796.875	0.174
7240.000	7.000	839.844	0.181
7250.000	7.000	839.844	0.181
7260.000	7.000	839.844	0.181
7270.000	7.000	857.422	0.206
7280.000	7.000	857.422	0.206
7290.000	7.000	857.422	0.206
7300.000	7.000	845.703	0.207
7310.000	7.000	845.703	0.207
7320.000	7.000	845.703	0.207
7330.000	7.000	855.469	0.179
7340.000	7.000	855.469	0.179
7350.000	7.000	855.469	0.179
7360.000	7.000	886.719	0.192
7370.000	7.000	886.719	0.192
7380.000	7.000	886.719	0.192
7390.000	7.000	888.672	0.203
7400.000	7.000	888.672	0.203
7410.000	7.000	888.672	0.203
7420.000	7.000	908.203	0.183
7430.000	7.000	908.203	0.183
7440.000	7.000	908.203	0.183
7450.000	7.000	875.000	0.205
7460.000	7.000	875.000	0.205
7470.000	7.000	875.000	0.205
7480.000	7.000	878.906	0.202
7490.000	7.000	878.906	0.202
7500.000	7.000	878.906	0.202
7510.000	7.000	927.734	0.190
7520.000	7.000	927.734	0.190
7530.000	7.000	927.734	0.190
7540.000	7.000	917.969	0.182
7550.000	7.000	917.969	0.182
7560.000	7.000	917.969	0.182
7570.000	7.000	943.359	0.185
7580.000	7.000	943.359	0.185
7590.000	7.000	943.359	0.185
7600.000	7.000	947.266	0.204
7610.000	7.000	947.266	0.204
7620.000	7.000	947.266	0.204
7630.000	7.000	951.172	0.201
7640.000	7.000	951.172	0.201
7650.000	7.000	951.172	0.201
7660.000	7.000	933.594	0.201
7670.000	7.000	933.594	0.201
7680.000	7.000	933.594	0.201
7690.000	7.000	982.422	0.187
7700.000	7.000	982.422	0.187
7710.000	7.000	982.422	0.187
7720.000	7.000	994.141	0.186
7730.000	7.000	994.141	0.186
7740.000	7.000	994.141	0.186
7750.000	7.000	988.281	0.193
7760.000	7.000	988.281	0.193
7770.000	7.000	988.281	0.193
7780.000	7.000	1007.812	0.194
7790.000	7.000	1007.812	0.194
7800.000	7.000	1007.812	0.194
7810.000	7.000	1009.766	0.204
7820.000	7.000	1009.766	0.204
7830.000	7.000	1009.766	0.204
7840.000	7.000	1023.437	0.191
7850.000	7.000	1023.437	0.191
7860.000	7.000	1023.437	0.191
7870.000	7.000	1039.062	0.209
7880.000	7.000	1039.062	0.209
7890.000	7.000	1039.062	0.209
7900.000	7.000	1031.250	0.204
7910.000	7.000	1031.250	0.204
7920.000	7.000	1031.250	0.204
7930.000	7.000	1052.734	0.185
7940.000	7.000	1052.734	0.185
7950.000	7.000	1052.734	0.185
7960.000	7.000	1027.344	0.209
7970.000	7.000	1027.344	0.209
7980.000	7.000	1027.344	0.209
7990.000	7.000	1064.453	0.191
8000.000	7.000	1064.453	0.191
8010.000	7.000	1064.453	0.191
8020.000	7.000	1039.062	0.206
8030.000	7.000	1039.062	0.206
8040.000	7.000	1039.062	0.206
8050.000	7.000	1089.844	0.178
8060.000	7.000	1089.844	0.178
8070.000	7.000	1089.844	0.178
8080.000	7.000	1099.609	0.201
8090.000	7.000	1099.609	0.201
8100.000	7.000	1099.609	0.201
8110.000	7.000	1097.656	0.202
8120.000	7.000	1097.656	0.202
8130.000	7.000	1097.656	0.202
8140.000	7.000	1123.047	0.190
8150.000	7.000	1123.047	0.190
8160.000	7.000	1123.047	0.190
8170.000	7.000	1105.469	0.209
8180.000	7.000	1105.469	0.209
8190.000	7.000	1105.469	0.209
8200.000	7.000	1101.562	0.206
8210.000	7.000	1101.562	0.206
8220.000	7.000	1101.562	0.206
8230.000	7.000	1123.047	0.212
8240.000	7.000	1123.047	0.212
8250.000	7.000	1123.047	0.212
8260.000	7.000	1130.859	0.205
8270.000	7.000	1130.859	0.205
8280.000	7.000	1130.859	0.205
8290.000	7.000	1201.172	0.195
8300.000	7.000	1201.172	0.195
8310.000	7.000	1201.172	0.195
8320.000	7.000	1171.875	0.211
8330.000	7.000	1171.875	0.211
8340.000	7.000	1171.875	0.211
8350.000	7.000	1189.453	0.183
8360.000	7.000	1189.453	0.183
8370.000	7.000	1189.453	0.183
8380.000	7.000	1189.453	0.192
8390.000	7.000	1189.453	0.192
8400.000	7.000	1189.453	0.192
8410.000	7.000	1201.172	0.196
8420.000	7.000	1201.172	0.196
8430.000	7.000	1201.172	0.196
8440.000	7.000	1216.797	0.175
8450.000	7.000	1216.797	0.175
8460.000	7.000	1216.797	0.175
8470.000	7.000	1240.234	0.194
8480.000	7.000	1240.234	0.194
8490.000	7.000	1240.234	0.194
8500.000	7.000	1220.703	0.203
8510.000	7.000	1220.703	0.203
8520.000	7.000	1220.703	0.203
8530.000	7.000	1232.422	0.199
8540.000	7.000	1232.422	0.199
8550.000	7.000	1232.422	0.199
8560.000	7.000	1271.484	0.200
8570.000	7.000	1271.484	0.200
8580.000	7.000	1271.484	0.200
8590.000	7.000	1253.906	0.198
8600.000	7.000	1253.906	0.198
8610.000	7.000	1253.906	0.198
8620.000	7.000	1271.484	0.193
8630.000	7.000	1271.484	0.193
8640.000	7.000	1271.484	0.193
8650.000	7.000	1292.969	0.187
8660.000	7.000	1292.969	0.187
8670.000	7.000	1292.969	0.187
8680.000	7.000	1261.719	0.182
8690.000	7.000	1261.719	0.182
8700.000	7.000	1261.719	0.182
8710.000	7.000	1296.875	0.211
8720.000	7.000	1296.875	0.211
8730.000	7.000	1296.875	0.211
8740.000	7.000	1308.594	0.182
8750.000	7.000	1308.594	0.182
8760.000	7.000	1308.594	0.182
8770.000	7.000	1300.781	0.200
8780.000	7.000	1300.781	0.200
8790.000	7.000	1300.781	0.200
8800.000	7.000	1302.734	0.198
8810.000	7.000	1302.734	0.198
8820.000	7.000	1302.734	0.198
8830.000	7.000	1347.656	0.199
8840.000	7.000	1347.656	0.199
8850.000	7.000	1347.656	0.199
8860.000	7.000	1361.328	0.182
8870.000	7.000	1361.328	0.182
8880.000	7.000	1361.328	0.182
8890.000	7.000	1324.219	0.206
8900.000	7.000	1324.219	0.206
8910.000	7.000	1324.219	0.206
8920.000	7.000	1335.937	0.205
8930.000	7.000	1335.937	0.205
8940.000	7.000	1335.937	0.205
8950.000	7.000	1408.203	0.196
8960.000	7.000	1408.203	0.196
8970.000	7.000	1408.203	0.196
8980.000	7.000	1382.812	0.211
8990.000	7.000	1382.812	0.211
9000.000	7.000	1382.812	0.211
9010.000	7.000	1371.094	0.200
9020.000	7.000	1371.094	0.200
9030.000	7.000	1371.094	0.200
9040.000	7.000	1410.156	0.217
9050.000	7.000	1410.156	0.217
9060.000	7.000	1410.156	0.217
9070.000	7.000	1416.016	0.189
9080.000	7.000	1416.016	0.189
9090.000	7.000	1416.016	0.189
9100.000	7.000	1386.719	0.203
9110.000	7.000	1386.719	0.203
9120.000	7.000	1386.719	0.203
9130.000	7.000	1410.156	0.202
9140.000	7.000	1410.156	0.202
9150.000	7.000	1410.156	0.202
9160.000	7.000	1455.078	0.189
9170.000	7.000	1455.078	0.189
9180.000	7.000	1455.078	0.189
9190.000	7.000	1458.984	0.189
9200.000	7.000	1458.984	0.189
9210.000	7.000	1458.984	0.189
9220.000	7.000	1476.562	0.207
9230.000	7.000	1476.562	0.207
9240.000	7.000	1476.562	0.207
9250.000	7.000	1427.734	0.203
9260.000	7.000	1427.734	0.203
9270.000	7.000	1427.734	0.203
9280.000	7.000	1462.891	0.187
9290.000	7.000	1462.891	0.187
9300.000	7.000	1462.891	0.187
9310.000	7.000	1458.984	0.185
9320.000	7.000	1458.984	0.185
9330.000	7.000	1458.984	0.185
9340.000	7.000	1492.187	0.180
9350.000	7.000	1492.187	0.180
9360.000	7.000	1492.187	0.180
9370.000	7.000	1496.094	0.206
9380.000	7.000	1496.094	0.206
9390.000	7.000	1496.094	0.206
9400.000	7.000	1507.812	0.199
9410.000	7.000	1507.812	0.199
9420.000	7.000	1507.812	0.199
9430.000	7.000	1490.234	0.194
9440.000	7.000	1490.234	0.194
9450.000	7.000	1490.234	0.194
9460.000	7.000	1494.141	0.195
9470.000	7.000	1494.141	0.195
9480.000	7.000	1494.141	0.195
9490.000	7.000	1548.828	0.210
9500.000	7.000	1548.828	0.210
9510.000	7.000	1548.828	0.210
9520.000	7.000	1529.297	0.187
9530.000	7.000	1529.297	0.187
9540.000	7.000	1529.297	0.187
9550.000	7.000	1517.578	0.187
9560.000	7.000	1517.578	0.187
9570.000	7.000	1517.578	0.187
9580.000	7.000	1507.812	0.195
9590.000	7.000	1507.812	0.195
9600.000	7.000	1507.812	0.195
9610.000	7.000	1558.594	0.198
9620.000	7.000	1558.594	0.198
9630.000	7.000	1558.594	0.198
9640.000	7.000	1570.312	0.195
9650.000	7.000	1570.312	0.195
9660.000	7.000	1570.312	0.195
9670.000	7.000	1585.937	0.204
9680.000	7.000	1585.937	0.204
9690.000	7.000	1585.937	0.204
9700.000	7.000	1591.797	0.200
9710.000	7.000	1591.797	0.200
9720.000	7.000	1591.797	0.200
9730.000	7.000	1607.422	0.202
9740.000	7.000	1607.422	0.202
9750.000	7.000	1607.422	0.202
9760.000	7.000	1580.078	0.209
9770.000	7.000	1580.078	0.209
9780.000	7.000	1580.078	0.209
9790.000	7.000	1593.750	0.187
9800.000	7.000	1593.750	0.187
9810.000	7.000	1593.750	0.187
9820.000	7.000	1615.234	0.174
9830.000	7.000	1615.234	0.174
9840.000	7.000	1615.234	0.174
9850.000	7.000	1644.531	0.215
9860.000	7.000	1644.531	0.215
9870.000	7.000	1644.531	0.215
9880.000	7.000	1634.766	0.187
9890.000	7.000	1634.766	0.187
9900.000	7.000	1634.766	0.187
9910.000	7.000	1656.250	0.217
9920.000	7.000	1656.250	0.217
9930.000	7.000	1656.250	0.217
9940.000	7.000	1658.203	0.199
9950.000	7.000	1658.203	0.199
9960.000	7.000	1658.203	0.199
9970.000	7.000	1654.297	0.199
9980.000	7.000	1654.297	0.199
9990.000	7.000	1654.297	0.199
10000.000	7.000	1685.547	0.198
10010.000	7.000	1685.547	0.198
10020.000	7.000	1685.547	0.198
10030.000	7.000	1697.266	0.202
10040.000	7.000	1697.266	0.202
10050.000	7.000	1697.266	0.202
10060.000	7.000	1703.125	0.208
10070.000	7.000	1703.125	0.208
10080.000	7.000	1703.125	0.208
10090.000	7.000	1714.844	0.208
10100.000	7.000	1714.844	0.208
10110.000	7.000	1714.844	0.208
10120.000	7.000	1687.500	0.062
10130.000	7.000	1687.500	0.062
10140.000	7.000	1687.500	0.062
10150.000	7.000	1703.125	0.023
10160.000	7.000	1703.125	0.023
10170.000	7.000	1703.125	0.023
10180.000	7.000	1679.687	0.009
10190.000	7.000	1679.687	0.009
10200.000	7.000	1679.687	0.009
10210.000	7.000	1695.312	-0.003
10220.000	7.000	1695.312	-0.003
10230.000	7.000	1695.312	-0.003
10240.000	7.000	1619.141	-0.004
10250.000	7.000	1619.141	-0.004
10260.000	7.000	1619.141	-0.004
10270.000	7.000	1615.234	-0.024
10280.000	7.000	1615.234	-0.024
10290.000	7.000	1615.234	-0.024
10300.000	7.000	1632.812	-0.019
10310.000	7.000	1632.812	-0.019
10320.000	7.000	1632.812	-0.019
10330.000	7.000	1623.047	-0.005
10340.000	7.000	1623.047	-0.005
10350.000	7.000	1623.047	-0.005
10360.000	7.000	1611.328	-0.021
10370.000	7.000	1611.328	-0.021
10380.000	7.000	1611.328	-0.021
10390.000	7.000	1591.797	-0.027
10400.000	7.000	1591.797	-0.027
10410.000	7.000	1591.797	-0.027
10420.000	7.000	1609.375	-0.020
10430.000	7.000	1609.375	-0.020
10440.000	7.000	1609.375	-0.020
10450.000	7.000	1576.172	-0.020
10460.000	7.000	1576.172	-0.020
10470.000	7.000	1576.172	-0.020
10480.000	7.000	1560.547	-0.016
10490.000	7.000	1560.547	-0.016
10500.000	7.000	1560.547	-0.016
10510.000	7.000	1544.922	-0.015
10520.000	7.000	1544.922	-0.015
10530.000	7.000	1544.922	-0.015
10540.000	7.000	1556.641	-0.018
10550.000	7.000	1556.641	-0.018
10560.000	7.000	1556.641	-0.018
10570.000	7.000	1541.016	-0.024
10580.000	7.000	1541.016	-0.024
10590.000	7.000	1541.016	-0.024
10600.000	7.000	1535.156	-0.006
10610.000	7.000	1535.156	-0.006
10620.000	7.000	1535.156	-0.006
10630.000	7.000	1513.672	-0.019
10640.000	7.000	1513.672	-0.019
10650.000	7.000	1513.672	-0.019
10660.000	7.000	1500.000	-0.006
10670.000	7.000	1500.000	-0.006
10680.000	7.000	1500.000	-0.006
10690.000	7.000	1482.422	-0.011
10700.000	7.000	1482.422	-0.011
10710.000	7.000	1482.422	-0.011
10720.000	7.000	1451.172	-0.010
10730.000	7.000	1451.172	-0.010
10740.000	7.000	1451.172	-0.010
10750.000	7.000	1437.500	-0.011
10760.000	7.000	1437.500	-0.011
10770.000	7.000	1437.500	-0.011
10780.000	7.000	1464.844	-0.028
10790.000	7.000	1464.844	-0.028
10800.000	7.000	1464.844	-0.028
10810.000	7.000	1439.453	-0.006
10820.000	7.000	1439.453	-0.006
10830.000	7.000	1439.453	-0.006
10840.000	7.000	1458.984	-0.013
10850.000	7.000	1458.984	-0.013
10860.000	7.000	1458.984	-0.013
10870.000	7.000	1447.266	-0.021
10880.000	7.000	1447.266	-0.021
10890.000	7.000	1447.266	-0.021
10900.000	7.000	1429.687	-0.024
10910.000	7.000	1429.687	-0.024
10920.000	7.000	1429.687	-0.024
10930.000	7.000	1396.484	-0.035
10940.000	7.000	1396.484	-0.035
10950.000	7.000	1396.484	-0.035
10960.000	7.000	1414.062	-0.019
10970.000	7.000	1414.062	-0.019
10980.000	7.000	1414.062	-0.019
10990.000	7.000	1386.719	0.003
11000.000	7.000	1386.719	0.003
11010.000	7.000	1386.719	0.003
11020.000	7.000	1343.750	-0.016
11030.000	7.000	1343.750	-0.016
11040.000	7.000	1343.750	-0.016
11050.000	7.000	1367.187	-0.037
11060.000	7.000	1367.187	-0.037
11070.000	7.000	1367.187	-0.037
11080.000	7.000	1349.609	-0.005
11090.000	7.000	1349.609	-0.005
11100.000	7.000	1349.609	-0.005
11110.000	7.000	1308.594	0.000
11120.000	7.000	1308.594	0.000
11130.000	7.000	1308.594	0.000
11140.000	7.000	1330.078	-0.021
11150.000	7.000	1330.078	-0.021
11160.000	7.000	1330.078	-0.021
11170.000	7.000	1306.641	-0.038
11180.000	7.000	1306.641	-0.038
11190.000	7.000	1306.641	-0.038
11200.000	7.000	1306.641	-0.022
11210.000	7.000	1306.641	-0.022
11220.000	7.000	1306.641	-0.022
11230.000	7.000	1285.156	-0.007
11240.000	7.000	1285.156	-0.007
11250.000	7.000	1285.156	-0.007
11260.000	7.000	1279.297	-0.021
11270.000	7.000	1279.297	-0.021
11280.000	7.000	1279.297	-0.021
11290.000	7.000	1263.672	-0.014
11300.000	7.000	1263.672	-0.014
11310.000	7.000	1263.672	-0.014
11320.000	7.000	1253.906	0.004
11330.000	7.000	1253.906	0.004
11340.000	7.000	1253.906	0.004
11350.000	7.000	1242.187	-0.038
11360.000	7.000	1242.187	-0.038
11370.000	7.000	1242.187	-0.038
11380.000	7.000	1261.719	-0.027
11390.000	7.000	1261.719	-0.027
11400.000	7.000	1261.719	-0.027
11410.000	7.000	1210.937	-0.015
11420.000	7.000	1210.937	-0.015
11430.000	7.000	1210.937	-0.015
11440.000	7.000	1214.844	-0.011
11450.000	7.000	1214.844	-0.011
11460.000	7.000	1214.844	-0.011
11470.000	7.000	1216.797	-0.019
11480.000	7.000	1216.797	-0.019
11490.000	7.000	1216.797	-0.019
11500.000	7.000	1199.219	-0.010
11510.000	7.000	1199.219	-0.010
11520.000	7.000	1199.219	-0.010
11530.000	7.000	1193.359	-0.030
11540.000	7.000	1193.359	-0.030
11550.000	7.000	1193.359	-0.030
11560.000	7.000	1171.875	-0.035
11570.000	7.000	1171.875	-0.035
11580.000	7.000	1171.875	-0.035
11590.000	7.000	1166.016	-0.004
11600.000	7.000	1166.016	-0.004
11610.000	7.000	1166.016	-0.004
11620.000	7.000	1154.297	-0.001
11630.000	7.000	1154.297	-0.001
11640.000	7.000	1154.297	-0.001
11650.000	7.000	1138.672	-0.003
11660.000	7.000	1138.672	-0.003
11670.000	7.000	1138.672	-0.003
11680.000	7.000	1126.953	-0.004
11690.000	7.000	1126.953	-0.004
11700.000	7.000	1126.953	-0.004
11710.000	7.000	1150.391	-0.027
11720.000	7.000	1150.391	-0.027
11730.000	7.000	1150.391	-0.027
11740.000	7.000	1134.766	-0.024
11750.000	7.000	1134.766	-0.024
11760.000	7.000	1134.766	-0.024
11770.000	7.000	1119.141	-0.027
11780.000	7.000	1119.141	-0.027
11790.000	7.000	1119.141	-0.027
11800.000	7.000	1070.312	-0.005
11810.000	7.000	1070.312	-0.005
11820.000	7.000	1070.312	-0.005
11830.000	7.000	1113.281	-0.010
11840.000	7.000	1113.281	-0.010
11850.000	7.000	1113.281	-0.010
11860.000	7.000	1041.016	-0.010
11870.000	7.000	1041.016	-0.010
11880.000	7.000	1041.016	-0.010
11890.000	7.000	1095.703	-0.012
11900.000	7.000	1095.703	-0.012
11910.000	7.000	1095.703	-0.012
11920.000	7.000	1048.828	-0.009
11930.000	7.000	1048.828	-0.009
11940.000	7.000	1048.828	-0.009
11950.000	7.000	1011.719	-0.011
11960.000	7.000	1011.719	-0.011
11970.000	7.000	1011.719	-0.011
11980.000	7.000	1011.719	-0.007
11990.000	7.000	1011.719	-0.007
12000.000	7.000	1011.719	-0.007
12010.000	7.000	1009.766	-0.019
12020.000	7.000	1009.766	-0.019
12030.000	7.000	1009.766	-0.019
12040.000	7.000	1015.625	-0.033
12050.000	7.000	1015.625	-0.033
12060.000	7.000	1015.625	-0.033
12070.000	7.000	990.234	-0.014
12080.000	7.000	990.234	-0.014
12090.000	7.000	990.234	-0.014
12100.000	7.000	1017.578	-0.024
12110.000	7.000	1017.578	-0.024
12120.000	7.000	1017.578	-0.024
12130.000	7.000	1005.859	-0.021
12140.000	7.000	1005.859	-0.021
12150.000	7.000	1005.859	-0.021
12160.000	7.000	949.219	-0.007
12170.000	7.000	949.219	-0.007
12180.000	7.000	949.219	-0.007
12190.000	7.000	931.641	-0.010
12200.000	7.000	931.641	-0.010
12210.000	7.000	931.641	-0.010
12220.000	7.000	962.891	0.006
12230.000	7.000	962.891	0.006
12240.000	7.000	962.891	0.006
12250.000	7.000	941.406	-0.007
12260.000	7.000	941.406	-0.007
12270.000	7.000	941.406	-0.007
12280.000	7.000	919.922	-0.014
12290.000	7.000	919.922	-0.014
12300.000	7.000	919.922	-0.014
12310.000	7.000	912.109	-0.012
12320.000	7.000	912.109	-0.012
12330.000	7.000	912.109	-0.012
12340.000	7.000	919.922	-0.013
12350.000	7.000	919.922	-0.013
12360.000	7.000	919.922	-0.013
12370.000	7.000	923.828	-0.024
12380.000	7.000	923.828	-0.024
12390.000	7.000	923.828	-0.024
12400.000	7.000	898.437	0.006
12410.000	7.000	898.437	0.006
12420.000	7.000	898.437	0.006
12430.000	7.000	904.297	-0.008
12440.000	7.000	904.297	-0.008
12450.000	7.000	904.297	-0.008
12460.000	7.000	871.094	0.002
12470.000	7.000	871.094	0.002
12480.000	7.000	871.094	0.002
12490.000	7.000	888.672	-0.003
12500.000	7.000	888.672	-0.003
12510.000	7.000	888.672	-0.003
12520.000	7.000	857.422	-0.010
12530.000	7.000	857.422	-0.010
12540.000	7.000	857.422	-0.010
12550.000	7.000	832.031	-0.010
12560.000	7.000	832.031	-0.010
12570.000	7.000	832.031	-0.010
12580.000	7.000	857.422	-0.005
12590.000	7.000	857.422	-0.005
12600.000	7.000	857.422	-0.005
12610.000	7.000	832.031	-0.017
12620.000	7.000	832.031	-0.017
12630.000	7.000	832.031	-0.017
12640.000	7.000	806.641	-0.007
12650.000	7.000	806.641	-0.007
12660.000	7.000	806.641	-0.007
12670.000	7.000	837.891	-0.013
12680.000	7.000	837.891	-0.013
12690.000	7.000	837.891	-0.013
12700.000	7.000	777.344	-0.007
12710.000	7.000	777.344	-0.007
12720.000	7.000	777.344	-0.007
12730.000	7.000	789.062	-0.009
12740.000	7.000	789.062	-0.009
12750.000	7.000	789.062	-0.009
12760.000	7.000	794.922	-0.016
12770.000	7.000	794.922	-0.016
12780.000	7.000	794.922	-0.016
12790.000	7.000	767.578	0.003
12800.000	7.000	767.578	0.003
12810.000	7.000	767.578	0.003
12820.000	7.000	785.156	-0.023
12830.000	7.000	785.156	-0.023
12840.000	7.000	785.156	-0.023
12850.000	7.000	748.047	-0.036
12860.000	7.000	748.047	-0.036
12870.000	7.000	748.047	-0.036
12880.000	7.000	751.953	-0.034
12890.000	7.000	751.953	-0.034
12900.000	7.000	751.953	-0.034
12910.000	7.000	742.187	0.001
12920.000	7.000	742.187	0.001
12930.000	7.000	742.187	0.001
12940.000	7.000	726.562	0.003
12950.000	7.000	726.562	0.003
12960.000	7.000	726.562	0.003
12970.000	7.000	740.234	-0.002
12980.000	7.000	740.234	-0.002
12990.000	7.000	740.234	-0.002
13000.000	7.000	685.547	-0.008
13010.000	7.000	685.547	-0.008
13020.000	7.000	685.547	-0.008
13030.000	7.000	703.125	-0.032
13040.000	7.000	703.125	-0.032
13050.000	7.000	703.125	-0.032
13060.000	7.000	701.172	0.001
13070.000	7.000	701.172	0.001
13080.000	7.000	701.172	0.001
13090.000	7.000	728.516	-0.015
13100.000	7.000	728.516	-0.015
13110.000	7.000	728.516	-0.015
13120.000	7.000	652.344	-0.005
13130.000	7.000	652.344	-0.005
13140.000	7.000	652.344	-0.005
13150.000	7.000	693.359	-0.025
13160.000	7.000	693.359	-0.025
13170.000	7.000	693.359	-0.025
13180.000	7.000	648.437	-0.012
13190.000	7.000	648.437	-0.012
13200.000	7.000	648.437	-0.012
13210.000	7.000	664.062	-0.013
13220.000	7.000	664.062	-0.013
13230.000	7.000	664.062	-0.013
13240.000	7.000	671.875	-0.028
13250.000	7.000	671.875	-0.028
13260.000	7.000	671.875	-0.028
13270.000	7.000	642.578	-0.038
13280.000	7.000	642.578	-0.038
13290.000	7.000	642.578	-0.038
13300.000	7.000	642.578	-0.033
13310.000	7.000	642.578	-0.033
13320.000	7.000	642.578	-0.033
13330.000	7.000	625.000	-0.004
13340.000	7.000	625.000	-0.004
13350.000	7.000	625.000	-0.004
13360.000	7.000	630.859	-0.017
13370.000	7.000	630.859	-0.017
13380.000	7.000	630.859	-0.017
13390.000	7.000	607.422	0.000
13400.000	7.000	607.422	0.000
13410.000	7.000	607.422	0.000
13420.000	7.000	587.891	-0.011
13430.000	7.000	587.891	-0.011
13440.000	7.000	587.891	-0.011
13450.000	7.000	597.656	-0.021
13460.000	7.000	597.656	-0.021
13470.000	7.000	597.656	-0.021
13480.000	7.000	619.141	-0.016
13490.000	7.000	619.141	-0.016
13500.000	7.000	619.141	-0.016
13510.000	7.000	574.219	-0.004
13520.000	7.000	574.219	-0.004
13530.000	7.000	574.219	-0.004
13540.000	7.000	587.891	-0.021
13550.000	7.000	587.891	-0.021
13560.000	7.000	587.891	-0.021
13570.000	7.000	580.078	-0.023
13580.000	7.000	580.078	-0.023
13590.000	7.000	580.078	-0.023
13600.000	7.000	578.125	-0.025
13610.000	7.000	578.125	-0.025
13620.000	7.000	578.125	-0.025
13630.000	7.000	541.016	-0.023
13640.000	7.000	541.016	-0.023
13650.000	7.000	541.016	-0.023
13660.000	7.000	558.594	-0.015
13670.000	7.000	558.594	-0.015
13680.000	7.000	558.594	-0.015
13690.000	7.000	546.875	-0.026
13700.000	7.000	546.875	-0.026
13710.000	7.000	546.875	-0.026
13720.000	7.000	546.875	-0.014
13730.000	7.000	546.875	-0.014
13740.000	7.000	546.875	-0.014
13750.000	7.000	523.437	-0.005
13760.000	7.000	523.437	-0.005
13770.000	7.000	523.437	-0.005
13780.000	7.000	503.906	-0.033
13790.000	7.000	503.906	-0.033
13800.000	7.000	503.906	-0.033
13810.000	7.000	503.906	-0.002
13820.000	7.000	503.906	-0.002
13830.000	7.000	503.906	-0.002
13840.000	7.000	472.656	-0.019
13850.000	7.000	472.656	-0.019
13860.000	7.000	472.656	-0.019
13870.000	7.000	464.844	-0.002
13880.000	7.000	464.844	-0.002
13890.000	7.000	464.844	-0.002
13900.000	7.000	431.641	-0.006
13910.000	7.000	431.641	-0.006
13920.000	7.000	431.641	-0.006
13930.000	7.000	445.312	-0.002
13940.000	7.000	445.312	-0.002
13950.000	7.000	445.312	-0.002
13960.000	7.000	449.219	-0.010
13970.000	7.000	449.219	-0.010
13980.000	7.000	449.219	-0.010
13990.000	7.000	433.594	-0.014
14000.000	7.000	433.594	-0.014
14010.000	7.000	433.594	-0.014
14020.000	7.000	427.734	-0.008
14030.000	7.000	427.734	-0.008
14040.000	7.000	427.734	-0.008
14050.000	7.000	441.406	-0.024
14060.000	7.000	441.406	-0.024
14070.000	7.000	441.406	-0.024
14080.000	7.000	380.859	-0.002
14090.000	7.000	380.859	-0.002
14100.000	7.000	380.859	-0.002
14110.000	7.000	429.687	-0.030
14120.000	7.000	429.687	-0.030
14130.000	7.000	429.687	-0.030
14140.000	7.000	382.812	0.002
14150.000	7.000	382.812	0.002
14160.000	7.000	382.812	0.002
14170.000	7.000	373.047	-0.013
14180.000	7.000	373.047	-0.013
14190.000	7.000	373.047	-0.013
14200.000	7.000	412.109	-0.036
14210.000	7.000	412.109	-0.036
14220.000	7.000	412.109	-0.036
14230.000	7.000	355.469	0.001
14240.000	7.000	355.469	0.001
14250.000	7.000	355.469	0.001
14260.000	7.000	351.562	-0.004
14270.000	7.000	351.562	-0.004
14280.000	7.000	351.562	-0.004
14290.000	7.000	378.906	-0.018
14300.000	7.000	378.906	-0.018
14310.000	7.000	378.906	-0.018
14320.000	7.000	361.328	-0.004
14330.000	7.000	361.328	-0.004
14340.000	7.000	361.328	-0.004
14350.000	7.000	333.984	0.002
14360.000	7.000	333.984	0.002
14370.000	7.000	333.984	0.002
14380.000	7.000	375.000	-0.039
14390.000	7.000	375.000	-0.039
14400.000	7.000	375.000	-0.039
14410.000	7.000	316.406	-0.006
14420.000	7.000	316.406	-0.006
14430.000	7.000	316.406	-0.006
14440.000	7.000	347.656	-0.008
14450.000	7.000	347.656	-0.008
14460.000	7.000	347.656	-0.008
14470.000	7.000	333.984	-0.032
14480.000	7.000	333.984	-0.032
14490.000	7.000	333.984	-0.032
14500.000	7.000	296.875	-0.021
14510.000	7.000	296.875	-0.021
14520.000	7.000	296.875	-0.021
14530.000	7.000	308.594	-0.009
14540.000	7.000	308.594	-0.009
14550.000	7.000	308.594	-0.009
14560.000	7.000	318.359	0.000
14570.000	7.000	318.359	0.000
14580.000	7.000	318.359	0.000
14590.000	7.000	294.922	-0.021
14600.000	7.000	294.922	-0.021
14610.000	7.000	294.922	-0.021
14620.000	7.000	281.250	-0.018
14630.000	7.000	281.250	-0.018
14640.000	7.000	281.250	-0.018
14650.000	7.000	292.969	-0.018
14660.000	7.000	292.969	-0.018
14670.000	7.000	292.969	-0.018
14680.000	7.000	292.969	-0.010
14690.000	7.000	292.969	-0.010
14700.000	7.000	292.969	-0.010
14710.000	7.000	253.906	-0.012
14720.000	7.000	253.906	-0.012
14730.000	7.000	253.906	-0.012
14740.000	7.000	248.047	-0.001
14750.000	7.000	248.047	-0.001
14760.000	7.000	248.047	-0.001
14770.000	7.000	250.000	-0.022
14780.000	7.000	250.000	-0.022
14790.000	7.000	250.000	-0.022
14800.000	7.000	267.578	-0.011
14810.000	7.000	267.578	-0.011
14820.000	7.000	267.578	-0.011
14830.000	7.000	193.359	-0.011
14840.000	7.000	193.359	-0.011
14850.000	7.000	193.359	-0.011
14860.000	7.000	244.141	-0.029
14870.000	7.000	244.141	-0.029
14880.000	7.000	244.141	-0.029
14890.000	7.000	208.984	-0.014
14900.000	7.000	208.984	-0.014
14910.000	7.000	208.984	-0.014
14920.000	7.000	230.469	-0.024
14930.000	7.000	230.469	-0.024
14940.000	7.000	230.469	-0.024
14950.000	7.000	187.500	-0.007
14960.000	7.000	187.500	-0.007
14970.000	7.000	187.500	-0.007
14980.000	7.000	183.594	0.002
14990.000	7.000	183.594	0.002
15000.000	7.000	183.594	0.002
15010.000	7.000	214.844	-0.038
15020.000	7.000	214.844	-0.038
