%Time [ms]	Commanded Torque [mNm]	Angular Velocity [RPM]	Actual Current [Amp]	%9/7/20212:21 PM
0.000	0.000	0.000	0.000
20.000	6.000	1.953	-0.018
30.000	6.000	15.625	-0.038
40.000	6.000	15.625	-0.038
50.000	6.000	15.625	-0.038
60.000	6.000	1.953	-0.020
70.000	6.000	1.953	-0.020
80.000	6.000	1.953	-0.020
90.000	6.000	0.000	-0.018
100.000	6.000	0.000	-0.018
110.000	6.000	0.000	-0.018
120.000	6.000	-1.953	-0.010
130.000	6.000	-1.953	-0.010
140.000	6.000	-1.953	-0.010
150.000	6.000	-17.578	-0.016
160.000	6.000	-17.578	-0.016
170.000	6.000	-17.578	-0.016
180.000	6.000	-15.625	-0.011
190.000	6.000	-15.625	-0.011
200.000	6.000	-15.625	-0.011
210.000	6.000	-9.766	0.007
220.000	6.000	-9.766	0.007
230.000	6.000	-9.766	0.007
240.000	6.000	-31.250	-0.010
250.000	6.000	-31.250	-0.010
260.000	6.000	-31.250	-0.010
270.000	6.000	-23.437	-0.021
280.000	6.000	-23.437	-0.021
290.000	6.000	-23.437	-0.021
300.000	6.000	-23.437	-0.005
310.000	6.000	-23.437	-0.005
320.000	6.000	-23.437	-0.005
330.000	6.000	-11.719	-0.032
340.000	6.000	-11.719	-0.032
350.000	6.000	-11.719	-0.032
360.000	6.000	-27.344	0.001
370.000	6.000	-27.344	0.001
380.000	6.000	-27.344	0.001
390.000	6.000	-5.859	-0.004
400.000	6.000	-5.859	-0.004
410.000	6.000	-5.859	-0.004
420.000	6.000	-7.812	-0.011
430.000	6.000	-7.812	-0.011
440.000	6.000	-7.812	-0.011
450.000	6.000	-7.812	-0.022
460.000	6.000	-7.812	-0.022
470.000	6.000	-7.812	-0.022
480.000	6.000	-3.906	-0.001
490.000	6.000	-3.906	-0.001
500.000	6.000	-3.906	-0.001
510.000	6.000	-13.672	-0.032
520.000	6.000	-13.672	-0.032
530.000	6.000	-13.672	-0.032
540.000	6.000	11.719	-0.042
550.000	6.000	11.719	-0.042
560.000	6.000	11.719	-0.042
570.000	6.000	-35.156	-0.002
580.000	6.000	-35.156	-0.002
590.000	6.000	-35.156	-0.002
600.000	6.000	0.000	-0.023
610.000	6.000	0.000	-0.023
620.000	6.000	0.000	-0.023
630.000	6.000	-17.578	-0.017
640.000	6.000	-17.578	-0.017
650.000	6.000	-17.578	-0.017
660.000	6.000	-17.578	0.000
670.000	6.000	-17.578	0.000
680.000	6.000	-17.578	0.000
690.000	6.000	-44.922	-0.009
700.000	6.000	-44.922	-0.009
710.000	6.000	-44.922	-0.009
720.000	6.000	-13.672	-0.015
730.000	6.000	-13.672	-0.015
740.000	6.000	-13.672	-0.015
750.000	6.000	-23.437	-0.021
760.000	6.000	-23.437	-0.021
770.000	6.000	-23.437	-0.021
780.000	6.000	0.000	-0.007
790.000	6.000	0.000	-0.007
800.000	6.000	0.000	-0.007
810.000	6.000	-9.766	-0.004
820.000	6.000	-9.766	-0.004
830.000	6.000	-9.766	-0.004
840.000	6.000	-21.484	-0.040
850.000	6.000	-21.484	-0.040
860.000	6.000	-21.484	-0.040
870.000	6.000	-31.250	-0.023
880.000	6.000	-31.250	-0.023
890.000	6.000	-31.250	-0.023
900.000	6.000	-5.859	-0.004
910.000	6.000	-5.859	-0.004
920.000	6.000	-5.859	-0.004
930.000	6.000	-15.625	-0.036
940.000	6.000	-15.625	-0.036
950.000	6.000	-15.625	-0.036
960.000	6.000	-7.812	-0.016
970.000	6.000	-7.812	-0.016
980.000	6.000	-7.812	-0.016
990.000	6.000	-7.812	-0.013
1000.000	6.000	-7.812	-0.013
1010.000	6.000	-7.812	-0.013
1020.000	6.000	-29.297	-0.022
1030.000	6.000	-29.297	-0.022
1040.000	6.000	-29.297	-0.022
1050.000	6.000	19.531	-0.041
1060.000	6.000	19.531	-0.041
1070.000	6.000	19.531	-0.041
1080.000	6.000	5.859	-0.021
1090.000	6.000	5.859	-0.021
1100.000	6.000	5.859	-0.021
1110.000	6.000	-7.812	-0.015
1120.000	6.000	-7.812	-0.015
1130.000	6.000	-7.812	-0.015
1140.000	6.000	-1.953	-0.004
1150.000	6.000	-1.953	-0.004
1160.000	6.000	-1.953	-0.004
1170.000	6.000	-17.578	-0.036
1180.000	6.000	-17.578	-0.036
1190.000	6.000	-17.578	-0.036
1200.000	6.000	-5.859	-0.024
1210.000	6.000	-5.859	-0.024
1220.000	6.000	-5.859	-0.024
1230.000	6.000	-41.016	-0.028
1240.000	6.000	-41.016	-0.028
1250.000	6.000	-41.016	-0.028
1260.000	6.000	-23.437	-0.038
1270.000	6.000	-23.437	-0.038
1280.000	6.000	-23.437	-0.038
1290.000	6.000	-17.578	-0.038
1300.000	6.000	-17.578	-0.038
1310.000	6.000	-17.578	-0.038
1320.000	6.000	0.000	-0.011
1330.000	6.000	0.000	-0.011
1340.000	6.000	0.000	-0.011
1350.000	6.000	-21.484	-0.035
1360.000	6.000	-21.484	-0.035
1370.000	6.000	-21.484	-0.035
1380.000	6.000	3.906	-0.020
1390.000	6.000	3.906	-0.020
1400.000	6.000	3.906	-0.020
1410.000	6.000	21.484	-0.042
1420.000	6.000	21.484	-0.042
1430.000	6.000	21.484	-0.042
1440.000	6.000	-11.719	-0.011
1450.000	6.000	-11.719	-0.011
1460.000	6.000	-11.719	-0.011
1470.000	6.000	-11.719	-0.011
1480.000	6.000	-11.719	-0.011
1490.000	6.000	-11.719	-0.011
1500.000	6.000	-52.734	-0.018
1510.000	6.000	-52.734	-0.018
1520.000	6.000	-52.734	-0.018
1530.000	6.000	-48.828	-0.016
1540.000	6.000	-48.828	-0.016
1550.000	6.000	-48.828	-0.016
1560.000	6.000	7.812	0.002
1570.000	6.000	7.812	0.002
1580.000	6.000	7.812	0.002
1590.000	6.000	-21.484	-0.026
1600.000	6.000	-21.484	-0.026
1610.000	6.000	-21.484	-0.026
1620.000	6.000	1.953	-0.030
1630.000	6.000	1.953	-0.030
1640.000	6.000	1.953	-0.030
1650.000	6.000	7.812	-0.015
1660.000	6.000	7.812	-0.015
1670.000	6.000	7.812	-0.015
1680.000	6.000	5.859	-0.017
1690.000	6.000	5.859	-0.017
1700.000	6.000	5.859	-0.017
1710.000	6.000	-3.906	-0.003
1720.000	6.000	-3.906	-0.003
1730.000	6.000	-3.906	-0.003
1740.000	6.000	3.906	-0.015
1750.000	6.000	3.906	-0.015
1760.000	6.000	3.906	-0.015
1770.000	6.000	15.625	-0.028
1780.000	6.000	15.625	-0.028
1790.000	6.000	15.625	-0.028
1800.000	6.000	-7.812	-0.017
1810.000	6.000	-7.812	-0.017
1820.000	6.000	-7.812	-0.017
1830.000	6.000	-25.391	-0.028
1840.000	6.000	-25.391	-0.028
1850.000	6.000	-25.391	-0.028
1860.000	6.000	5.859	-0.017
1870.000	6.000	5.859	-0.017
1880.000	6.000	5.859	-0.017
1890.000	6.000	-3.906	-0.026
1900.000	6.000	-3.906	-0.026
1910.000	6.000	-3.906	-0.026
1920.000	6.000	-3.906	-0.028
1930.000	6.000	-3.906	-0.028
1940.000	6.000	-3.906	-0.028
1950.000	6.000	9.766	-0.029
1960.000	6.000	9.766	-0.029
1970.000	6.000	9.766	-0.029
1980.000	6.000	-23.437	-0.021
1990.000	6.000	-23.437	-0.021
2000.000	6.000	-23.437	-0.021
2010.000	6.000	-3.906	0.005
2020.000	6.000	-3.906	0.005
2030.000	6.000	-3.906	0.005
2040.000	6.000	-19.531	-0.004
2050.000	6.000	-19.531	-0.004
2060.000	6.000	-19.531	-0.004
2070.000	6.000	1.953	-0.022
2080.000	6.000	1.953	-0.022
2090.000	6.000	1.953	-0.022
2100.000	6.000	-7.812	-0.003
2110.000	6.000	-7.812	-0.003
2120.000	6.000	-7.812	-0.003
2130.000	6.000	3.906	-0.029
2140.000	6.000	3.906	-0.029
2150.000	6.000	3.906	-0.029
2160.000	6.000	-7.812	-0.015
2170.000	6.000	-7.812	-0.015
2180.000	6.000	-7.812	-0.015
2190.000	6.000	1.953	-0.023
2200.000	6.000	1.953	-0.023
2210.000	6.000	1.953	-0.023
2220.000	6.000	1.953	-0.011
2230.000	6.000	1.953	-0.011
2240.000	6.000	1.953	-0.011
2250.000	6.000	-7.812	-0.021
2260.000	6.000	-7.812	-0.021
2270.000	6.000	-7.812	-0.021
2280.000	6.000	-5.859	-0.029
2290.000	6.000	-5.859	-0.029
2300.000	6.000	-5.859	-0.029
2310.000	6.000	-15.625	-0.023
2320.000	6.000	-15.625	-0.023
2330.000	6.000	-15.625	-0.023
2340.000	6.000	5.859	-0.026
2350.000	6.000	5.859	-0.026
2360.000	6.000	5.859	-0.026
2370.000	6.000	-27.344	-0.036
2380.000	6.000	-27.344	-0.036
2390.000	6.000	-27.344	-0.036
2400.000	6.000	-13.672	-0.022
2410.000	6.000	-13.672	-0.022
2420.000	6.000	-13.672	-0.022
2430.000	6.000	-15.625	-0.027
2440.000	6.000	-15.625	-0.027
2450.000	6.000	-15.625	-0.027
2460.000	6.000	-7.812	0.001
2470.000	6.000	-7.812	0.001
2480.000	6.000	-7.812	0.001
2490.000	6.000	-11.719	-0.004
2500.000	6.000	-11.719	-0.004
2510.000	6.000	-11.719	-0.004
2520.000	6.000	7.812	-0.017
2530.000	6.000	7.812	-0.017
2540.000	6.000	7.812	-0.017
2550.000	6.000	11.719	-0.015
2560.000	6.000	11.719	-0.015
2570.000	6.000	11.719	-0.015
2580.000	6.000	15.625	-0.017
2590.000	6.000	15.625	-0.017
2600.000	6.000	15.625	-0.017
2610.000	6.000	-25.391	-0.019
2620.000	6.000	-25.391	-0.019
2630.000	6.000	-25.391	-0.019
2640.000	6.000	-19.531	-0.040
2650.000	6.000	-19.531	-0.040
2660.000	6.000	-19.531	-0.040
2670.000	6.000	-21.484	-0.020
2680.000	6.000	-21.484	-0.020
2690.000	6.000	-21.484	-0.020
2700.000	6.000	-25.391	-0.015
2710.000	6.000	-25.391	-0.015
2720.000	6.000	-25.391	-0.015
2730.000	6.000	0.000	-0.016
2740.000	6.000	0.000	-0.016
2750.000	6.000	0.000	-0.016
2760.000	6.000	9.766	-0.018
2770.000	6.000	9.766	-0.018
2780.000	6.000	9.766	-0.018
2790.000	6.000	0.000	-0.021
2800.000	6.000	0.000	-0.021
2810.000	6.000	0.000	-0.021
2820.000	6.000	-11.719	-0.025
2830.000	6.000	-11.719	-0.025
2840.000	6.000	-11.719	-0.025
2850.000	6.000	-21.484	-0.024
2860.000	6.000	-21.484	-0.024
2870.000	6.000	-21.484	-0.024
2880.000	6.000	-23.437	-0.003
2890.000	6.000	-23.437	-0.003
2900.000	6.000	-23.437	-0.003
2910.000	6.000	-37.109	-0.003
2920.000	6.000	-37.109	-0.003
2930.000	6.000	-37.109	-0.003
2940.000	6.000	-5.859	-0.003
2950.000	6.000	-5.859	-0.003
2960.000	6.000	-5.859	-0.003
2970.000	6.000	-25.391	-0.016
2980.000	6.000	-25.391	-0.016
2990.000	6.000	-25.391	-0.016
3000.000	6.000	-25.391	-0.026
3010.000	6.000	-25.391	-0.026
3020.000	6.000	-25.391	-0.026
3030.000	6.000	-23.437	-0.017
3040.000	6.000	-23.437	-0.017
3050.000	6.000	-23.437	-0.017
3060.000	6.000	-17.578	-0.028
3070.000	6.000	-17.578	-0.028
3080.000	6.000	-17.578	-0.028
3090.000	6.000	0.000	-0.023
3100.000	6.000	0.000	-0.023
3110.000	6.000	0.000	-0.023
3120.000	6.000	-1.953	-0.040
3130.000	6.000	-1.953	-0.040
3140.000	6.000	-1.953	-0.040
3150.000	6.000	1.953	-0.017
3160.000	6.000	1.953	-0.017
3170.000	6.000	1.953	-0.017
3180.000	6.000	-5.859	-0.023
3190.000	6.000	-5.859	-0.023
3200.000	6.000	-5.859	-0.023
3210.000	6.000	-41.016	-0.021
3220.000	6.000	-41.016	-0.021
3230.000	6.000	-41.016	-0.021
3240.000	6.000	7.812	-0.012
3250.000	6.000	7.812	-0.012
3260.000	6.000	7.812	-0.012
3270.000	6.000	-3.906	-0.009
3280.000	6.000	-3.906	-0.009
3290.000	6.000	-3.906	-0.009
3300.000	6.000	5.859	-0.013
3310.000	6.000	5.859	-0.013
3320.000	6.000	5.859	-0.013
3330.000	6.000	-1.953	-0.021
3340.000	6.000	-1.953	-0.021
3350.000	6.000	-1.953	-0.021
3360.000	6.000	-23.437	-0.005
3370.000	6.000	-23.437	-0.005
3380.000	6.000	-23.437	-0.005
3390.000	6.000	-17.578	-0.015
3400.000	6.000	-17.578	-0.015
3410.000	6.000	-17.578	-0.015
3420.000	6.000	-23.437	-0.042
3430.000	6.000	-23.437	-0.042
3440.000	6.000	-23.437	-0.042
3450.000	6.000	-9.766	-0.031
3460.000	6.000	-9.766	-0.031
3470.000	6.000	-9.766	-0.031
3480.000	6.000	-1.953	-0.034
3490.000	6.000	-1.953	-0.034
3500.000	6.000	-1.953	-0.034
3510.000	6.000	-21.484	-0.012
3520.000	6.000	-21.484	-0.012
3530.000	6.000	-21.484	-0.012
3540.000	6.000	-23.437	-0.023
3550.000	6.000	-23.437	-0.023
3560.000	6.000	-23.437	-0.023
3570.000	6.000	1.953	-0.023
3580.000	6.000	1.953	-0.023
3590.000	6.000	1.953	-0.023
3600.000	6.000	-39.062	-0.023
3610.000	6.000	-39.062	-0.023
3620.000	6.000	-39.062	-0.023
3630.000	6.000	-27.344	-0.024
3640.000	6.000	-27.344	-0.024
3650.000	6.000	-27.344	-0.024
3660.000	6.000	13.672	-0.013
3670.000	6.000	13.672	-0.013
3680.000	6.000	13.672	-0.013
3690.000	6.000	-15.625	-0.023
3700.000	6.000	-15.625	-0.023
3710.000	6.000	-15.625	-0.023
3720.000	6.000	-11.719	-0.019
3730.000	6.000	-11.719	-0.019
3740.000	6.000	-11.719	-0.019
3750.000	6.000	-17.578	-0.020
3760.000	6.000	-17.578	-0.020
3770.000	6.000	-17.578	-0.020
3780.000	6.000	-3.906	-0.012
3790.000	6.000	-3.906	-0.012
3800.000	6.000	-3.906	-0.012
3810.000	6.000	-9.766	-0.032
3820.000	6.000	-9.766	-0.032
3830.000	6.000	-9.766	-0.032
3840.000	6.000	5.859	-0.021
3850.000	6.000	5.859	-0.021
3860.000	6.000	5.859	-0.021
3870.000	6.000	13.672	-0.021
3880.000	6.000	13.672	-0.021
3890.000	6.000	13.672	-0.021
3900.000	6.000	7.812	-0.025
3910.000	6.000	7.812	-0.025
3920.000	6.000	7.812	-0.025
3930.000	6.000	-1.953	-0.004
3940.000	6.000	-1.953	-0.004
3950.000	6.000	-1.953	-0.004
3960.000	6.000	15.625	-0.032
3970.000	6.000	15.625	-0.032
3980.000	6.000	15.625	-0.032
3990.000	6.000	13.672	-0.031
4000.000	6.000	13.672	-0.031
4010.000	6.000	13.672	-0.031
4020.000	6.000	-27.344	-0.019
4030.000	6.000	-27.344	-0.019
4040.000	6.000	-27.344	-0.019
4050.000	6.000	-3.906	-0.021
4060.000	6.000	-3.906	-0.021
4070.000	6.000	-3.906	-0.021
4080.000	6.000	-23.437	-0.013
4090.000	6.000	-23.437	-0.013
4100.000	6.000	-23.437	-0.013
4110.000	6.000	-5.859	-0.034
4120.000	6.000	-5.859	-0.034
4130.000	6.000	-5.859	-0.034
4140.000	6.000	-3.906	-0.008
4150.000	6.000	-3.906	-0.008
4160.000	6.000	-3.906	-0.008
4170.000	6.000	7.812	-0.020
4180.000	6.000	7.812	-0.020
4190.000	6.000	7.812	-0.020
4200.000	6.000	-25.391	-0.026
4210.000	6.000	-25.391	-0.026
4220.000	6.000	-25.391	-0.026
4230.000	6.000	-23.437	-0.029
4240.000	6.000	-23.437	-0.029
4250.000	6.000	-23.437	-0.029
4260.000	6.000	7.812	-0.021
4270.000	6.000	7.812	-0.021
4280.000	6.000	7.812	-0.021
4290.000	6.000	-21.484	-0.013
4300.000	6.000	-21.484	-0.013
4310.000	6.000	-21.484	-0.013
4320.000	6.000	13.672	-0.032
4330.000	6.000	13.672	-0.032
4340.000	6.000	13.672	-0.032
4350.000	6.000	-29.297	-0.024
4360.000	6.000	-29.297	-0.024
4370.000	6.000	-29.297	-0.024
4380.000	6.000	-13.672	-0.029
4390.000	6.000	-13.672	-0.029
4400.000	6.000	-13.672	-0.029
4410.000	6.000	-44.922	-0.030
4420.000	6.000	-44.922	-0.030
4430.000	6.000	-44.922	-0.030
4440.000	6.000	0.000	-0.008
4450.000	6.000	0.000	-0.008
4460.000	6.000	0.000	-0.008
4470.000	6.000	-23.437	-0.023
4480.000	6.000	-23.437	-0.023
4490.000	6.000	-23.437	-0.023
4500.000	6.000	7.812	-0.016
4510.000	6.000	7.812	-0.016
4520.000	6.000	7.812	-0.016
4530.000	6.000	-25.391	-0.030
4540.000	6.000	-25.391	-0.030
4550.000	6.000	-25.391	-0.030
4560.000	6.000	-31.250	-0.020
4570.000	6.000	-31.250	-0.020
4580.000	6.000	-31.250	-0.020
4590.000	6.000	-15.625	-0.028
4600.000	6.000	-15.625	-0.028
4610.000	6.000	-15.625	-0.028
4620.000	6.000	-5.859	0.003
4630.000	6.000	-5.859	0.003
4640.000	6.000	-5.859	0.003
4650.000	6.000	-27.344	-0.022
4660.000	6.000	-27.344	-0.022
4670.000	6.000	-27.344	-0.022
4680.000	6.000	-7.812	-0.021
4690.000	6.000	-7.812	-0.021
4700.000	6.000	-7.812	-0.021
4710.000	6.000	-1.953	-0.012
4720.000	6.000	-1.953	-0.012
4730.000	6.000	-1.953	-0.012
4740.000	6.000	-48.828	-0.030
4750.000	6.000	-48.828	-0.030
4760.000	6.000	-48.828	-0.030
4770.000	6.000	-13.672	-0.016
4780.000	6.000	-13.672	-0.016
4790.000	6.000	-13.672	-0.016
4800.000	6.000	7.812	-0.036
4810.000	6.000	7.812	-0.036
4820.000	6.000	7.812	-0.036
4830.000	6.000	-29.297	-0.004
4840.000	6.000	-29.297	-0.004
4850.000	6.000	-29.297	-0.004
4860.000	6.000	-52.734	-0.017
4870.000	6.000	-52.734	-0.017
4880.000	6.000	-52.734	-0.017
4890.000	6.000	-17.578	-0.029
4900.000	6.000	-17.578	-0.029
4910.000	6.000	-17.578	-0.029
4920.000	6.000	-19.531	-0.033
4930.000	6.000	-19.531	-0.033
4940.000	6.000	-19.531	-0.033
4950.000	6.000	-21.484	-0.017
4960.000	6.000	-21.484	-0.017
4970.000	6.000	-21.484	-0.017
4980.000	6.000	-9.766	-0.001
4990.000	6.000	-9.766	-0.001
5000.000	6.000	-9.766	-0.001
5010.000	6.000	-33.203	-0.003
5020.000	6.000	-33.203	-0.003
5030.000	6.000	-33.203	-0.003
5040.000	6.000	-1.953	-0.013
5050.000	6.000	-1.953	-0.013
5060.000	6.000	-1.953	-0.013
5070.000	6.000	-15.625	-0.039
5080.000	6.000	-15.625	-0.039
5090.000	6.000	-15.625	-0.039
5100.000	6.000	0.000	0.056
5110.000	6.000	0.000	0.056
5120.000	6.000	0.000	0.056
5130.000	6.000	-5.859	0.129
5140.000	6.000	-5.859	0.129
5150.000	6.000	-5.859	0.129
5160.000	6.000	-5.859	0.139
5170.000	6.000	-5.859	0.139
5180.000	6.000	-5.859	0.139
5190.000	6.000	-5.859	0.139
5200.000	6.000	-5.859	0.139
5210.000	6.000	-5.859	0.139
5220.000	6.000	13.672	0.155
5230.000	6.000	13.672	0.155
5240.000	6.000	13.672	0.155
5250.000	6.000	-1.953	0.146
5260.000	6.000	-1.953	0.146
5270.000	6.000	-1.953	0.146
5280.000	6.000	21.484	0.159
5290.000	6.000	21.484	0.159
5300.000	6.000	21.484	0.159
5310.000	6.000	62.500	0.144
5320.000	6.000	62.500	0.144
5330.000	6.000	62.500	0.144
5340.000	6.000	42.969	0.176
5350.000	6.000	42.969	0.176
5360.000	6.000	42.969	0.176
5370.000	6.000	66.406	0.175
5380.000	6.000	66.406	0.175
5390.000	6.000	66.406	0.175
5400.000	6.000	48.828	0.177
5410.000	6.000	48.828	0.177
5420.000	6.000	48.828	0.177
5430.000	6.000	82.031	0.164
5440.000	6.000	82.031	0.164
5450.000	6.000	82.031	0.164
5460.000	6.000	105.469	0.155
5470.000	6.000	105.469	0.155
5480.000	6.000	105.469	0.155
5490.000	6.000	87.891	0.177
5500.000	6.000	87.891	0.177
5510.000	6.000	87.891	0.177
5520.000	6.000	107.422	0.162
5530.000	6.000	107.422	0.162
5540.000	6.000	107.422	0.162
5550.000	6.000	136.719	0.153
5560.000	6.000	136.719	0.153
5570.000	6.000	136.719	0.153
5580.000	6.000	154.297	0.139
5590.000	6.000	154.297	0.139
5600.000	6.000	154.297	0.139
5610.000	6.000	162.109	0.166
5620.000	6.000	162.109	0.166
5630.000	6.000	162.109	0.166
5640.000	6.000	154.297	0.148
5650.000	6.000	154.297	0.148
5660.000	6.000	154.297	0.148
5670.000	6.000	173.828	0.170
5680.000	6.000	173.828	0.170
5690.000	6.000	173.828	0.170
5700.000	6.000	201.172	0.150
5710.000	6.000	201.172	0.150
5720.000	6.000	201.172	0.150
5730.000	6.000	189.453	0.156
5740.000	6.000	189.453	0.156
5750.000	6.000	189.453	0.156
5760.000	6.000	187.500	0.144
5770.000	6.000	187.500	0.144
5780.000	6.000	187.500	0.144
5790.000	6.000	195.312	0.166
5800.000	6.000	195.312	0.166
5810.000	6.000	195.312	0.166
5820.000	6.000	185.547	0.159
5830.000	6.000	185.547	0.159
5840.000	6.000	185.547	0.159
5850.000	6.000	220.703	0.155
5860.000	6.000	220.703	0.155
5870.000	6.000	220.703	0.155
5880.000	6.000	250.000	0.137
5890.000	6.000	250.000	0.137
5900.000	6.000	250.000	0.137
5910.000	6.000	226.562	0.171
5920.000	6.000	226.562	0.171
5930.000	6.000	226.562	0.171
5940.000	6.000	263.672	0.139
5950.000	6.000	263.672	0.139
5960.000	6.000	263.672	0.139
5970.000	6.000	210.937	0.169
5980.000	6.000	210.937	0.169
5990.000	6.000	210.937	0.169
6000.000	6.000	234.375	0.173
6010.000	6.000	234.375	0.173
6020.000	6.000	234.375	0.173
6030.000	6.000	265.625	0.150
6040.000	6.000	265.625	0.150
6050.000	6.000	265.625	0.150
6060.000	6.000	259.766	0.170
6070.000	6.000	259.766	0.170
6080.000	6.000	259.766	0.170
6090.000	6.000	281.250	0.163
6100.000	6.000	281.250	0.163
6110.000	6.000	281.250	0.163
6120.000	6.000	291.016	0.145
6130.000	6.000	291.016	0.145
6140.000	6.000	291.016	0.145
6150.000	6.000	271.484	0.164
6160.000	6.000	271.484	0.164
6170.000	6.000	271.484	0.164
6180.000	6.000	310.547	0.156
6190.000	6.000	310.547	0.156
6200.000	6.000	310.547	0.156
6210.000	6.000	318.359	0.153
6220.000	6.000	318.359	0.153
6230.000	6.000	318.359	0.153
6240.000	6.000	337.891	0.144
6250.000	6.000	337.891	0.144
6260.000	6.000	337.891	0.144
6270.000	6.000	333.984	0.156
6280.000	6.000	333.984	0.156
6290.000	6.000	333.984	0.156
6300.000	6.000	353.516	0.153
6310.000	6.000	353.516	0.153
6320.000	6.000	353.516	0.153
6330.000	6.000	361.328	0.144
6340.000	6.000	361.328	0.144
6350.000	6.000	361.328	0.144
6360.000	6.000	326.172	0.163
6370.000	6.000	326.172	0.163
6380.000	6.000	326.172	0.163
6390.000	6.000	335.937	0.178
6400.000	6.000	335.937	0.178
6410.000	6.000	335.937	0.178
6420.000	6.000	386.719	0.156
6430.000	6.000	386.719	0.156
6440.000	6.000	386.719	0.156
6450.000	6.000	380.859	0.145
6460.000	6.000	380.859	0.145
6470.000	6.000	380.859	0.145
6480.000	6.000	392.578	0.162
6490.000	6.000	392.578	0.162
6500.000	6.000	392.578	0.162
6510.000	6.000	417.969	0.170
6520.000	6.000	417.969	0.170
6530.000	6.000	417.969	0.170
6540.000	6.000	435.547	0.132
6550.000	6.000	435.547	0.132
6560.000	6.000	435.547	0.132
6570.000	6.000	398.437	0.157
6580.000	6.000	398.437	0.157
6590.000	6.000	398.437	0.157
6600.000	6.000	433.594	0.151
6610.000	6.000	433.594	0.151
6620.000	6.000	433.594	0.151
6630.000	6.000	437.500	0.150
6640.000	6.000	437.500	0.150
6650.000	6.000	437.500	0.150
6660.000	6.000	435.547	0.156
6670.000	6.000	435.547	0.156
6680.000	6.000	435.547	0.156
6690.000	6.000	451.172	0.163
6700.000	6.000	451.172	0.163
6710.000	6.000	451.172	0.163
6720.000	6.000	458.984	0.163
6730.000	6.000	458.984	0.163
6740.000	6.000	458.984	0.163
6750.000	6.000	470.703	0.154
6760.000	6.000	470.703	0.154
6770.000	6.000	470.703	0.154
6780.000	6.000	462.891	0.173
6790.000	6.000	462.891	0.173
6800.000	6.000	462.891	0.173
6810.000	6.000	470.703	0.160
6820.000	6.000	470.703	0.160
6830.000	6.000	470.703	0.160
6840.000	6.000	484.375	0.181
6850.000	6.000	484.375	0.181
6860.000	6.000	484.375	0.181
6870.000	6.000	501.953	0.150
6880.000	6.000	501.953	0.150
6890.000	6.000	501.953	0.150
6900.000	6.000	468.750	0.167
6910.000	6.000	468.750	0.167
6920.000	6.000	468.750	0.167
6930.000	6.000	501.953	0.157
6940.000	6.000	501.953	0.157
6950.000	6.000	501.953	0.157
6960.000	6.000	500.000	0.154
6970.000	6.000	500.000	0.154
6980.000	6.000	500.000	0.154
6990.000	6.000	558.594	0.156
7000.000	6.000	558.594	0.156
7010.000	6.000	558.594	0.156
7020.000	6.000	525.391	0.164
7030.000	6.000	525.391	0.164
7040.000	6.000	525.391	0.164
7050.000	6.000	541.016	0.166
7060.000	6.000	541.016	0.166
7070.000	6.000	541.016	0.166
7080.000	6.000	564.453	0.147
7090.000	6.000	564.453	0.147
7100.000	6.000	564.453	0.147
7110.000	6.000	556.641	0.169
7120.000	6.000	556.641	0.169
7130.000	6.000	556.641	0.169
7140.000	6.000	574.219	0.151
7150.000	6.000	574.219	0.151
7160.000	6.000	574.219	0.151
7170.000	6.000	582.031	0.145
7180.000	6.000	582.031	0.145
7190.000	6.000	582.031	0.145
7200.000	6.000	558.594	0.158
7210.000	6.000	558.594	0.158
7220.000	6.000	558.594	0.158
7230.000	6.000	572.266	0.149
7240.000	6.000	572.266	0.149
7250.000	6.000	572.266	0.149
7260.000	6.000	613.281	0.152
7270.000	6.000	613.281	0.152
7280.000	6.000	613.281	0.152
7290.000	6.000	601.562	0.159
7300.000	6.000	601.562	0.159
7310.000	6.000	601.562	0.159
7320.000	6.000	601.562	0.140
7330.000	6.000	601.562	0.140
7340.000	6.000	601.562	0.140
7350.000	6.000	625.000	0.144
7360.000	6.000	625.000	0.144
7370.000	6.000	625.000	0.144
7380.000	6.000	583.984	0.166
7390.000	6.000	583.984	0.166
7400.000	6.000	583.984	0.166
7410.000	6.000	638.672	0.135
7420.000	6.000	638.672	0.135
7430.000	6.000	638.672	0.135
7440.000	6.000	634.766	0.163
7450.000	6.000	634.766	0.163
7460.000	6.000	634.766	0.163
7470.000	6.000	656.250	0.143
7480.000	6.000	656.250	0.143
7490.000	6.000	656.250	0.143
7500.000	6.000	671.875	0.156
7510.000	6.000	671.875	0.156
7520.000	6.000	671.875	0.156
7530.000	6.000	642.578	0.160
7540.000	6.000	642.578	0.160
7550.000	6.000	642.578	0.160
7560.000	6.000	636.719	0.156
7570.000	6.000	636.719	0.156
7580.000	6.000	636.719	0.156
7590.000	6.000	660.156	0.145
7600.000	6.000	660.156	0.145
7610.000	6.000	660.156	0.145
7620.000	6.000	664.062	0.166
7630.000	6.000	664.062	0.166
7640.000	6.000	664.062	0.166
7650.000	6.000	675.781	0.157
7660.000	6.000	675.781	0.157
7670.000	6.000	675.781	0.157
7680.000	6.000	683.594	0.165
7690.000	6.000	683.594	0.165
7700.000	6.000	683.594	0.165
7710.000	6.000	675.781	0.157
7720.000	6.000	675.781	0.157
7730.000	6.000	675.781	0.157
7740.000	6.000	695.312	0.161
7750.000	6.000	695.312	0.161
7760.000	6.000	695.312	0.161
7770.000	6.000	710.937	0.163
7780.000	6.000	710.937	0.163
7790.000	6.000	710.937	0.163
7800.000	6.000	720.703	0.165
7810.000	6.000	720.703	0.165
7820.000	6.000	720.703	0.165
7830.000	6.000	736.328	0.154
7840.000	6.000	736.328	0.154
7850.000	6.000	736.328	0.154
7860.000	6.000	746.094	0.149
7870.000	6.000	746.094	0.149
7880.000	6.000	746.094	0.149
7890.000	6.000	738.281	0.170
7900.000	6.000	738.281	0.170
7910.000	6.000	738.281	0.170
7920.000	6.000	775.391	0.153
7930.000	6.000	775.391	0.153
7940.000	6.000	775.391	0.153
7950.000	6.000	769.531	0.142
7960.000	6.000	769.531	0.142
7970.000	6.000	769.531	0.142
7980.000	6.000	775.391	0.138
7990.000	6.000	775.391	0.138
8000.000	6.000	775.391	0.138
8010.000	6.000	753.906	0.157
8020.000	6.000	753.906	0.157
8030.000	6.000	753.906	0.157
8040.000	6.000	779.297	0.179
8050.000	6.000	779.297	0.179
8060.000	6.000	779.297	0.179
8070.000	6.000	812.500	0.140
8080.000	6.000	812.500	0.140
8090.000	6.000	812.500	0.140
8100.000	6.000	818.359	0.163
8110.000	6.000	818.359	0.163
8120.000	6.000	818.359	0.163
8130.000	6.000	763.672	0.173
8140.000	6.000	763.672	0.173
8150.000	6.000	763.672	0.173
8160.000	6.000	824.219	0.155
8170.000	6.000	824.219	0.155
8180.000	6.000	824.219	0.155
8190.000	6.000	841.797	0.156
8200.000	6.000	841.797	0.156
8210.000	6.000	841.797	0.156
8220.000	6.000	816.406	0.172
8230.000	6.000	816.406	0.172
8240.000	6.000	816.406	0.172
8250.000	6.000	835.937	0.149
8260.000	6.000	835.937	0.149
8270.000	6.000	835.937	0.149
8280.000	6.000	804.687	0.165
8290.000	6.000	804.687	0.165
8300.000	6.000	804.687	0.165
8310.000	6.000	849.609	0.173
8320.000	6.000	849.609	0.173
8330.000	6.000	849.609	0.173
8340.000	6.000	841.797	0.161
8350.000	6.000	841.797	0.161
8360.000	6.000	841.797	0.161
8370.000	6.000	859.375	0.141
8380.000	6.000	859.375	0.141
8390.000	6.000	859.375	0.141
8400.000	6.000	843.750	0.164
8410.000	6.000	843.750	0.164
8420.000	6.000	843.750	0.164
8430.000	6.000	880.859	0.159
8440.000	6.000	880.859	0.159
8450.000	6.000	880.859	0.159
8460.000	6.000	894.531	0.149
8470.000	6.000	894.531	0.149
8480.000	6.000	894.531	0.149
8490.000	6.000	882.812	0.154
8500.000	6.000	882.812	0.154
8510.000	6.000	882.812	0.154
8520.000	6.000	902.344	0.159
8530.000	6.000	902.344	0.159
8540.000	6.000	902.344	0.159
8550.000	6.000	910.156	0.165
8560.000	6.000	910.156	0.165
8570.000	6.000	910.156	0.165
8580.000	6.000	892.578	0.173
8590.000	6.000	892.578	0.173
8600.000	6.000	892.578	0.173
8610.000	6.000	898.437	0.154
8620.000	6.000	898.437	0.154
8630.000	6.000	898.437	0.154
8640.000	6.000	906.250	0.154
8650.000	6.000	906.250	0.154
8660.000	6.000	906.250	0.154
8670.000	6.000	931.641	0.154
8680.000	6.000	931.641	0.154
8690.000	6.000	931.641	0.154
8700.000	6.000	929.687	0.137
8710.000	6.000	929.687	0.137
8720.000	6.000	929.687	0.137
8730.000	6.000	937.500	0.135
8740.000	6.000	937.500	0.135
8750.000	6.000	937.500	0.135
8760.000	6.000	931.641	0.174
8770.000	6.000	931.641	0.174
8780.000	6.000	931.641	0.174
8790.000	6.000	949.219	0.147
8800.000	6.000	949.219	0.147
8810.000	6.000	949.219	0.147
8820.000	6.000	972.656	0.139
8830.000	6.000	972.656	0.139
8840.000	6.000	972.656	0.139
8850.000	6.000	939.453	0.162
8860.000	6.000	939.453	0.162
8870.000	6.000	939.453	0.162
8880.000	6.000	988.281	0.149
8890.000	6.000	988.281	0.149
8900.000	6.000	988.281	0.149
8910.000	6.000	988.281	0.155
8920.000	6.000	988.281	0.155
8930.000	6.000	988.281	0.155
8940.000	6.000	968.750	0.147
8950.000	6.000	968.750	0.147
8960.000	6.000	968.750	0.147
8970.000	6.000	980.469	0.170
8980.000	6.000	980.469	0.170
8990.000	6.000	980.469	0.170
9000.000	6.000	982.422	0.171
9010.000	6.000	982.422	0.171
9020.000	6.000	982.422	0.171
9030.000	6.000	1021.484	0.169
9040.000	6.000	1021.484	0.169
9050.000	6.000	1021.484	0.169
9060.000	6.000	980.469	0.153
9070.000	6.000	980.469	0.153
9080.000	6.000	980.469	0.153
9090.000	6.000	1009.766	0.145
9100.000	6.000	1009.766	0.145
9110.000	6.000	1009.766	0.145
9120.000	6.000	1031.250	0.149
9130.000	6.000	1031.250	0.149
9140.000	6.000	1031.250	0.149
9150.000	6.000	1011.719	0.175
9160.000	6.000	1011.719	0.175
9170.000	6.000	1011.719	0.175
9180.000	6.000	1015.625	0.154
9190.000	6.000	1015.625	0.154
9200.000	6.000	1015.625	0.154
9210.000	6.000	1029.297	0.160
9220.000	6.000	1029.297	0.160
9230.000	6.000	1029.297	0.160
9240.000	6.000	1029.297	0.184
9250.000	6.000	1029.297	0.184
9260.000	6.000	1029.297	0.184
9270.000	6.000	1044.922	0.151
9280.000	6.000	1044.922	0.151
9290.000	6.000	1044.922	0.151
9300.000	6.000	1035.156	0.170
9310.000	6.000	1035.156	0.170
9320.000	6.000	1035.156	0.170
9330.000	6.000	1062.500	0.155
9340.000	6.000	1062.500	0.155
9350.000	6.000	1062.500	0.155
9360.000	6.000	1054.687	0.167
9370.000	6.000	1054.687	0.167
9380.000	6.000	1054.687	0.167
9390.000	6.000	1056.641	0.160
9400.000	6.000	1056.641	0.160
9410.000	6.000	1056.641	0.160
9420.000	6.000	1064.453	0.171
9430.000	6.000	1064.453	0.171
9440.000	6.000	1064.453	0.171
9450.000	6.000	1076.172	0.169
9460.000	6.000	1076.172	0.169
9470.000	6.000	1076.172	0.169
9480.000	6.000	1093.750	0.158
9490.000	6.000	1093.750	0.158
9500.000	6.000	1093.750	0.158
9510.000	6.000	1080.078	0.149
9520.000	6.000	1080.078	0.149
9530.000	6.000	1080.078	0.149
9540.000	6.000	1080.078	0.157
9550.000	6.000	1080.078	0.157
9560.000	6.000	1080.078	0.157
9570.000	6.000	1113.281	0.158
9580.000	6.000	1113.281	0.158
9590.000	6.000	1113.281	0.158
9600.000	6.000	1117.187	0.146
9610.000	6.000	1117.187	0.146
9620.000	6.000	1117.187	0.146
9630.000	6.000	1115.234	0.171
9640.000	6.000	1115.234	0.171
9650.000	6.000	1115.234	0.171
9660.000	6.000	1136.719	0.138
9670.000	6.000	1136.719	0.138
9680.000	6.000	1136.719	0.138
9690.000	6.000	1132.812	0.145
9700.000	6.000	1132.812	0.145
9710.000	6.000	1132.812	0.145
9720.000	6.000	1134.766	0.138
9730.000	6.000	1134.766	0.138
9740.000	6.000	1134.766	0.138
9750.000	6.000	1158.203	0.171
9760.000	6.000	1158.203	0.171
9770.000	6.000	1158.203	0.171
9780.000	6.000	1117.187	0.162
9790.000	6.000	1117.187	0.162
9800.000	6.000	1117.187	0.162
9810.000	6.000	1154.297	0.147
9820.000	6.000	1154.297	0.147
9830.000	6.000	1154.297	0.147
9840.000	6.000	1179.687	0.149
9850.000	6.000	1179.687	0.149
9860.000	6.000	1179.687	0.149
9870.000	6.000	1169.922	0.172
9880.000	6.000	1169.922	0.172
9890.000	6.000	1169.922	0.172
9900.000	6.000	1158.203	0.160
9910.000	6.000	1158.203	0.160
9920.000	6.000	1158.203	0.160
9930.000	6.000	1181.641	0.151
9940.000	6.000	1181.641	0.151
9950.000	6.000	1181.641	0.151
9960.000	6.000	1146.484	0.166
9970.000	6.000	1146.484	0.166
9980.000	6.000	1146.484	0.166
9990.000	6.000	1208.984	0.158
10000.000	6.000	1208.984	0.158
10010.000	6.000	1208.984	0.158
10020.000	6.000	1201.172	0.161
10030.000	6.000	1201.172	0.161
10040.000	6.000	1201.172	0.161
10050.000	6.000	1234.375	0.165
10060.000	6.000	1234.375	0.165
10070.000	6.000	1234.375	0.165
10080.000	6.000	1203.125	0.157
10090.000	6.000	1203.125	0.157
10100.000	6.000	1203.125	0.157
10110.000	6.000	1216.797	0.059
10120.000	6.000	1216.797	0.059
10130.000	6.000	1216.797	0.059
10140.000	6.000	1199.219	0.010
10150.000	6.000	1199.219	0.010
10160.000	6.000	1199.219	0.010
10170.000	6.000	1181.641	0.010
10180.000	6.000	1181.641	0.010
10190.000	6.000	1181.641	0.010
10200.000	6.000	1173.828	-0.035
10210.000	6.000	1173.828	-0.035
10220.000	6.000	1173.828	-0.035
10230.000	6.000	1164.062	-0.036
10240.000	6.000	1164.062	-0.036
10250.000	6.000	1164.062	-0.036
10260.000	6.000	1175.781	-0.021
10270.000	6.000	1175.781	-0.021
10280.000	6.000	1175.781	-0.021
10290.000	6.000	1119.141	-0.008
10300.000	6.000	1119.141	-0.008
10310.000	6.000	1119.141	-0.008
10320.000	6.000	1169.922	-0.024
10330.000	6.000	1169.922	-0.024
10340.000	6.000	1169.922	-0.024
10350.000	6.000	1125.000	-0.021
10360.000	6.000	1125.000	-0.021
10370.000	6.000	1125.000	-0.021
10380.000	6.000	1121.094	-0.035
10390.000	6.000	1121.094	-0.035
10400.000	6.000	1121.094	-0.035
10410.000	6.000	1101.562	-0.017
10420.000	6.000	1101.562	-0.017
10430.000	6.000	1101.562	-0.017
10440.000	6.000	1099.609	-0.018
10450.000	6.000	1099.609	-0.018
10460.000	6.000	1099.609	-0.018
10470.000	6.000	1095.703	0.001
10480.000	6.000	1095.703	0.001
10490.000	6.000	1095.703	0.001
10500.000	6.000	1099.609	-0.024
10510.000	6.000	1099.609	-0.024
10520.000	6.000	1099.609	-0.024
10530.000	6.000	1070.312	-0.035
10540.000	6.000	1070.312	-0.035
10550.000	6.000	1070.312	-0.035
10560.000	6.000	1048.828	-0.028
10570.000	6.000	1048.828	-0.028
10580.000	6.000	1048.828	-0.028
10590.000	6.000	1060.547	0.000
10600.000	6.000	1060.547	0.000
10610.000	6.000	1060.547	0.000
10620.000	6.000	1033.203	-0.017
10630.000	6.000	1033.203	-0.017
10640.000	6.000	1033.203	-0.017
10650.000	6.000	1013.672	-0.015
10660.000	6.000	1013.672	-0.015
10670.000	6.000	1013.672	-0.015
10680.000	6.000	1003.906	-0.009
10690.000	6.000	1003.906	-0.009
10700.000	6.000	1003.906	-0.009
10710.000	6.000	988.281	-0.012
10720.000	6.000	988.281	-0.012
10730.000	6.000	988.281	-0.012
10740.000	6.000	1001.953	-0.006
10750.000	6.000	1001.953	-0.006
10760.000	6.000	1001.953	-0.006
10770.000	6.000	990.234	-0.038
10780.000	6.000	990.234	-0.038
10790.000	6.000	990.234	-0.038
10800.000	6.000	968.750	-0.022
10810.000	6.000	968.750	-0.022
10820.000	6.000	968.750	-0.022
10830.000	6.000	941.406	-0.005
10840.000	6.000	941.406	-0.005
10850.000	6.000	941.406	-0.005
10860.000	6.000	960.937	-0.015
10870.000	6.000	960.937	-0.015
10880.000	6.000	960.937	-0.015
10890.000	6.000	960.937	-0.026
10900.000	6.000	960.937	-0.026
10910.000	6.000	960.937	-0.026
10920.000	6.000	917.969	-0.010
10930.000	6.000	917.969	-0.010
10940.000	6.000	917.969	-0.010
10950.000	6.000	927.734	-0.035
10960.000	6.000	927.734	-0.035
10970.000	6.000	927.734	-0.035
10980.000	6.000	943.359	-0.022
10990.000	6.000	943.359	-0.022
11000.000	6.000	943.359	-0.022
11010.000	6.000	925.781	-0.025
11020.000	6.000	925.781	-0.025
11030.000	6.000	925.781	-0.025
11040.000	6.000	925.781	-0.021
11050.000	6.000	925.781	-0.021
11060.000	6.000	925.781	-0.021
11070.000	6.000	880.859	-0.016
11080.000	6.000	880.859	-0.016
11090.000	6.000	880.859	-0.016
11100.000	6.000	906.250	-0.025
11110.000	6.000	906.250	-0.025
11120.000	6.000	906.250	-0.025
11130.000	6.000	900.391	-0.011
11140.000	6.000	900.391	-0.011
11150.000	6.000	900.391	-0.011
11160.000	6.000	876.953	-0.015
11170.000	6.000	876.953	-0.015
11180.000	6.000	876.953	-0.015
11190.000	6.000	873.047	-0.024
11200.000	6.000	873.047	-0.024
11210.000	6.000	873.047	-0.024
11220.000	6.000	869.141	-0.014
11230.000	6.000	869.141	-0.014
11240.000	6.000	869.141	-0.014
11250.000	6.000	835.937	-0.038
11260.000	6.000	835.937	-0.038
11270.000	6.000	835.937	-0.038
11280.000	6.000	824.219	-0.032
11290.000	6.000	824.219	-0.032
11300.000	6.000	824.219	-0.032
11310.000	6.000	832.031	-0.003
11320.000	6.000	832.031	-0.003
11330.000	6.000	832.031	-0.003
11340.000	6.000	818.359	-0.024
11350.000	6.000	818.359	-0.024
11360.000	6.000	818.359	-0.024
11370.000	6.000	781.250	-0.017
11380.000	6.000	781.250	-0.017
11390.000	6.000	781.250	-0.017
11400.000	6.000	781.250	-0.001
11410.000	6.000	781.250	-0.001
11420.000	6.000	781.250	-0.001
11430.000	6.000	751.953	-0.009
11440.000	6.000	751.953	-0.009
11450.000	6.000	751.953	-0.009
11460.000	6.000	763.672	-0.031
11470.000	6.000	763.672	-0.031
11480.000	6.000	763.672	-0.031
11490.000	6.000	771.484	-0.017
11500.000	6.000	771.484	-0.017
11510.000	6.000	771.484	-0.017
11520.000	6.000	777.344	-0.023
11530.000	6.000	777.344	-0.023
11540.000	6.000	777.344	-0.023
11550.000	6.000	732.422	-0.009
11560.000	6.000	732.422	-0.009
11570.000	6.000	732.422	-0.009
11580.000	6.000	730.469	-0.009
11590.000	6.000	730.469	-0.009
11600.000	6.000	730.469	-0.009
11610.000	6.000	751.953	-0.012
11620.000	6.000	751.953	-0.012
11630.000	6.000	751.953	-0.012
11640.000	6.000	734.375	-0.030
11650.000	6.000	734.375	-0.030
11660.000	6.000	734.375	-0.030
11670.000	6.000	720.703	-0.021
11680.000	6.000	720.703	-0.021
11690.000	6.000	720.703	-0.021
11700.000	6.000	689.453	-0.014
11710.000	6.000	689.453	-0.014
11720.000	6.000	689.453	-0.014
11730.000	6.000	728.516	-0.011
11740.000	6.000	728.516	-0.011
11750.000	6.000	728.516	-0.011
11760.000	6.000	654.297	-0.013
11770.000	6.000	654.297	-0.013
11780.000	6.000	654.297	-0.013
11790.000	6.000	687.500	-0.018
11800.000	6.000	687.500	-0.018
11810.000	6.000	687.500	-0.018
11820.000	6.000	675.781	-0.019
11830.000	6.000	675.781	-0.019
11840.000	6.000	675.781	-0.019
11850.000	6.000	675.781	-0.023
11860.000	6.000	675.781	-0.023
11870.000	6.000	675.781	-0.023
11880.000	6.000	621.094	-0.011
11890.000	6.000	621.094	-0.011
11900.000	6.000	621.094	-0.011
11910.000	6.000	658.203	-0.026
11920.000	6.000	658.203	-0.026
11930.000	6.000	658.203	-0.026
11940.000	6.000	648.437	-0.022
11950.000	6.000	648.437	-0.022
11960.000	6.000	648.437	-0.022
11970.000	6.000	623.047	-0.016
11980.000	6.000	623.047	-0.016
11990.000	6.000	623.047	-0.016
12000.000	6.000	601.562	-0.024
12010.000	6.000	601.562	-0.024
12020.000	6.000	601.562	-0.024
12030.000	6.000	623.047	-0.021
12040.000	6.000	623.047	-0.021
12050.000	6.000	623.047	-0.021
12060.000	6.000	613.281	-0.003
12070.000	6.000	613.281	-0.003
12080.000	6.000	613.281	-0.003
12090.000	6.000	597.656	-0.020
12100.000	6.000	597.656	-0.020
12110.000	6.000	597.656	-0.020
12120.000	6.000	591.797	-0.024
12130.000	6.000	591.797	-0.024
12140.000	6.000	591.797	-0.024
12150.000	6.000	566.406	-0.014
12160.000	6.000	566.406	-0.014
12170.000	6.000	566.406	-0.014
12180.000	6.000	533.203	-0.008
12190.000	6.000	533.203	-0.008
12200.000	6.000	533.203	-0.008
12210.000	6.000	568.359	-0.029
12220.000	6.000	568.359	-0.029
12230.000	6.000	568.359	-0.029
12240.000	6.000	558.594	-0.002
12250.000	6.000	558.594	-0.002
12260.000	6.000	558.594	-0.002
12270.000	6.000	517.578	-0.016
12280.000	6.000	517.578	-0.016
12290.000	6.000	517.578	-0.016
12300.000	6.000	552.734	-0.018
12310.000	6.000	552.734	-0.018
12320.000	6.000	552.734	-0.018
12330.000	6.000	546.875	-0.022
12340.000	6.000	546.875	-0.022
12350.000	6.000	546.875	-0.022
12360.000	6.000	539.062	-0.021
12370.000	6.000	539.062	-0.021
12380.000	6.000	539.062	-0.021
12390.000	6.000	521.484	-0.032
12400.000	6.000	521.484	-0.032
12410.000	6.000	521.484	-0.032
12420.000	6.000	476.562	-0.001
12430.000	6.000	476.562	-0.001
12440.000	6.000	476.562	-0.001
12450.000	6.000	519.531	-0.013
12460.000	6.000	519.531	-0.013
12470.000	6.000	519.531	-0.013
12480.000	6.000	474.609	-0.011
12490.000	6.000	474.609	-0.011
12500.000	6.000	474.609	-0.011
12510.000	6.000	482.422	-0.009
12520.000	6.000	482.422	-0.009
12530.000	6.000	482.422	-0.009
12540.000	6.000	451.172	-0.013
12550.000	6.000	451.172	-0.013
12560.000	6.000	451.172	-0.013
12570.000	6.000	455.078	-0.010
12580.000	6.000	455.078	-0.010
12590.000	6.000	455.078	-0.010
12600.000	6.000	472.656	-0.014
12610.000	6.000	472.656	-0.014
12620.000	6.000	472.656	-0.014
12630.000	6.000	437.500	-0.020
12640.000	6.000	437.500	-0.020
12650.000	6.000	437.500	-0.020
12660.000	6.000	468.750	-0.035
12670.000	6.000	468.750	-0.035
12680.000	6.000	468.750	-0.035
12690.000	6.000	457.031	-0.039
12700.000	6.000	457.031	-0.039
12710.000	6.000	457.031	-0.039
12720.000	6.000	433.594	-0.025
12730.000	6.000	433.594	-0.025
12740.000	6.000	433.594	-0.025
12750.000	6.000	384.766	-0.005
12760.000	6.000	384.766	-0.005
12770.000	6.000	384.766	-0.005
12780.000	6.000	437.500	-0.038
12790.000	6.000	437.500	-0.038
12800.000	6.000	437.500	-0.038
12810.000	6.000	375.000	-0.001
12820.000	6.000	375.000	-0.001
12830.000	6.000	375.000	-0.001
12840.000	6.000	361.328	-0.002
12850.000	6.000	361.328	-0.002
12860.000	6.000	361.328	-0.002
12870.000	6.000	380.859	-0.009
12880.000	6.000	380.859	-0.009
12890.000	6.000	380.859	-0.009
12900.000	6.000	341.797	-0.009
12910.000	6.000	341.797	-0.009
12920.000	6.000	341.797	-0.009
12930.000	6.000	365.234	-0.022
12940.000	6.000	365.234	-0.022
12950.000	6.000	365.234	-0.022
12960.000	6.000	339.844	0.000
12970.000	6.000	339.844	0.000
12980.000	6.000	339.844	0.000
12990.000	6.000	373.047	-0.019
13000.000	6.000	373.047	-0.019
13010.000	6.000	373.047	-0.019
13020.000	6.000	347.656	-0.034
13030.000	6.000	347.656	-0.034
13040.000	6.000	347.656	-0.034
13050.000	6.000	326.172	-0.025
13060.000	6.000	326.172	-0.025
13070.000	6.000	326.172	-0.025
13080.000	6.000	332.031	-0.006
13090.000	6.000	332.031	-0.006
13100.000	6.000	332.031	-0.006
13110.000	6.000	291.016	-0.020
13120.000	6.000	291.016	-0.020
13130.000	6.000	291.016	-0.020
13140.000	6.000	296.875	0.000
13150.000	6.000	296.875	0.000
13160.000	6.000	296.875	0.000
13170.000	6.000	292.969	-0.008
13180.000	6.000	292.969	-0.008
13190.000	6.000	292.969	-0.008
13200.000	6.000	304.687	-0.026
13210.000	6.000	304.687	-0.026
13220.000	6.000	304.687	-0.026
13230.000	6.000	296.875	-0.027
13240.000	6.000	296.875	-0.027
13250.000	6.000	296.875	-0.027
13260.000	6.000	289.062	-0.021
13270.000	6.000	289.062	-0.021
13280.000	6.000	289.062	-0.021
13290.000	6.000	285.156	-0.033
13300.000	6.000	285.156	-0.033
13310.000	6.000	285.156	-0.033
13320.000	6.000	261.719	-0.017
13330.000	6.000	261.719	-0.017
13340.000	6.000	261.719	-0.017
13350.000	6.000	253.906	-0.021
13360.000	6.000	253.906	-0.021
13370.000	6.000	253.906	-0.021
13380.000	6.000	255.859	-0.023
13390.000	6.000	255.859	-0.023
13400.000	6.000	255.859	-0.023
13410.000	6.000	242.187	-0.012
13420.000	6.000	242.187	-0.012
13430.000	6.000	242.187	-0.012
13440.000	6.000	253.906	-0.015
13450.000	6.000	253.906	-0.015
13460.000	6.000	253.906	-0.015
13470.000	6.000	212.891	0.002
13480.000	6.000	212.891	0.002
13490.000	6.000	212.891	0.002
13500.000	6.000	257.812	-0.035
13510.000	6.000	257.812	-0.035
13520.000	6.000	257.812	-0.035
13530.000	6.000	236.328	-0.039
13540.000	6.000	236.328	-0.039
13550.000	6.000	236.328	-0.039
13560.000	6.000	246.094	-0.036
13570.000	6.000	246.094	-0.036
13580.000	6.000	246.094	-0.036
13590.000	6.000	191.406	-0.021
13600.000	6.000	191.406	-0.021
13610.000	6.000	191.406	-0.021
13620.000	6.000	207.031	-0.016
13630.000	6.000	207.031	-0.016
13640.000	6.000	207.031	-0.016
13650.000	6.000	210.937	-0.020
13660.000	6.000	210.937	-0.020
13670.000	6.000	210.937	-0.020
13680.000	6.000	201.172	-0.037
13690.000	6.000	201.172	-0.037
13700.000	6.000	201.172	-0.037
13710.000	6.000	167.969	-0.025
13720.000	6.000	167.969	-0.025
13730.000	6.000	167.969	-0.025
13740.000	6.000	166.016	-0.011
13750.000	6.000	166.016	-0.011
13760.000	6.000	166.016	-0.011
13770.000	6.000	166.016	-0.022
13780.000	6.000	166.016	-0.022
13790.000	6.000	166.016	-0.022
13800.000	6.000	140.625	-0.040
13810.000	6.000	140.625	-0.040
13820.000	6.000	140.625	-0.040
13830.000	6.000	152.344	-0.001
13840.000	6.000	152.344	-0.001
13850.000	6.000	152.344	-0.001
13860.000	6.000	115.234	-0.007
13870.000	6.000	115.234	-0.007
13880.000	6.000	115.234	-0.007
13890.000	6.000	154.297	-0.034
13900.000	6.000	154.297	-0.034
13910.000	6.000	154.297	-0.034
13920.000	6.000	121.094	-0.002
13930.000	6.000	121.094	-0.002
13940.000	6.000	121.094	-0.002
13950.000	6.000	136.719	-0.005
13960.000	6.000	136.719	-0.005
13970.000	6.000	136.719	-0.005
13980.000	6.000	109.375	-0.022
13990.000	6.000	109.375	-0.022
14000.000	6.000	109.375	-0.022
14010.000	6.000	117.187	-0.018
14020.000	6.000	117.187	-0.018
14030.000	6.000	117.187	-0.018
14040.000	6.000	93.750	-0.008
14050.000	6.000	93.750	-0.008
14060.000	6.000	93.750	-0.008
14070.000	6.000	115.234	-0.012
14080.000	6.000	115.234	-0.012
14090.000	6.000	115.234	-0.012
14100.000	6.000	99.609	-0.017
14110.000	6.000	99.609	-0.017
14120.000	6.000	99.609	-0.017
14130.000	6.000	66.406	-0.012
14140.000	6.000	66.406	-0.012
14150.000	6.000	66.406	-0.012
14160.000	6.000	60.547	-0.022
14170.000	6.000	60.547	-0.022
14180.000	6.000	60.547	-0.022
14190.000	6.000	70.312	-0.032
14200.000	6.000	70.312	-0.032
14210.000	6.000	70.312	-0.032
14220.000	6.000	56.641	-0.011
14230.000	6.000	56.641	-0.011
14240.000	6.000	56.641	-0.011
14250.000	6.000	54.687	-0.007
14260.000	6.000	54.687	-0.007
14270.000	6.000	54.687	-0.007
14280.000	6.000	42.969	-0.009
14290.000	6.000	42.969	-0.009
14300.000	6.000	42.969	-0.009
14310.000	6.000	39.062	-0.021
14320.000	6.000	39.062	-0.021
14330.000	6.000	39.062	-0.021
14340.000	6.000	48.828	-0.008
14350.000	6.000	48.828	-0.008
14360.000	6.000	48.828	-0.008
14370.000	6.000	15.625	-0.013
14380.000	6.000	15.625	-0.013
14390.000	6.000	15.625	-0.013
14400.000	6.000	37.109	-0.020
14410.000	6.000	37.109	-0.020
14420.000	6.000	37.109	-0.020
14430.000	6.000	7.812	-0.001
14440.000	6.000	7.812	-0.001
14450.000	6.000	7.812	-0.001
14460.000	6.000	44.922	-0.012
14470.000	6.000	44.922	-0.012
14480.000	6.000	44.922	-0.012
14490.000	6.000	9.766	-0.024
14500.000	6.000	9.766	-0.024
14510.000	6.000	9.766	-0.024
14520.000	6.000	-7.812	-0.016
14530.000	6.000	-7.812	-0.016
14540.000	6.000	-7.812	-0.016
14550.000	6.000	-17.578	0.005
14560.000	6.000	-17.578	0.005
14570.000	6.000	-17.578	0.005
14580.000	6.000	1.953	-0.001
14590.000	6.000	1.953	-0.001
14600.000	6.000	1.953	-0.001
14610.000	6.000	7.812	-0.025
14620.000	6.000	7.812	-0.025
14630.000	6.000	7.812	-0.025
14640.000	6.000	-3.906	-0.022
14650.000	6.000	-3.906	-0.022
14660.000	6.000	-3.906	-0.022
14670.000	6.000	23.437	-0.012
14680.000	6.000	23.437	-0.012
14690.000	6.000	23.437	-0.012
14700.000	6.000	11.719	-0.015
14710.000	6.000	11.719	-0.015
14720.000	6.000	11.719	-0.015
14730.000	6.000	-15.625	-0.016
14740.000	6.000	-15.625	-0.016
14750.000	6.000	-15.625	-0.016
14760.000	6.000	-1.953	-0.003
14770.000	6.000	-1.953	-0.003
14780.000	6.000	-1.953	-0.003
14790.000	6.000	-1.953	-0.017
14800.000	6.000	-1.953	-0.017
14810.000	6.000	-1.953	-0.017
14820.000	6.000	-15.625	-0.006
14830.000	6.000	-15.625	-0.006
14840.000	6.000	-15.625	-0.006
14850.000	6.000	-1.953	0.004
14860.000	6.000	-1.953	0.004
14870.000	6.000	-1.953	0.004
14880.000	6.000	-27.344	-0.014
14890.000	6.000	-27.344	-0.014
14900.000	6.000	-27.344	-0.014
14910.000	6.000	9.766	-0.019
14920.000	6.000	9.766	-0.019
14930.000	6.000	9.766	-0.019
14940.000	6.000	-39.062	-0.024
14950.000	6.000	-39.062	-0.024
14960.000	6.000	-39.062	-0.024
14970.000	6.000	-44.922	0.002
14980.000	6.000	-44.922	0.002
14990.000	6.000	-44.922	0.002
15000.000	6.000	5.859	-0.039
15010.000	6.000	5.859	-0.039
15020.000	6.000	5.859	-0.039
