%Time [ms]	Commanded Torque [mNm]	Angular Velocity [RPM]	Actual Current [Amp]	%9/7/20212:20 PM
0.000	0.000	0.000	0.000
20.000	3.000	-25.391	-0.008
30.000	3.000	-25.391	-0.008
40.000	3.000	-25.391	-0.008
50.000	3.000	-27.344	-0.020
60.000	3.000	-27.344	-0.020
70.000	3.000	-27.344	-0.020
80.000	3.000	-23.437	-0.039
90.000	3.000	-23.437	-0.039
100.000	3.000	-23.437	-0.039
110.000	3.000	11.719	-0.013
120.000	3.000	11.719	-0.013
130.000	3.000	11.719	-0.013
140.000	3.000	-7.812	0.004
150.000	3.000	-7.812	0.004
160.000	3.000	-7.812	0.004
170.000	3.000	-25.391	-0.025
180.000	3.000	-25.391	-0.025
190.000	3.000	-25.391	-0.025
200.000	3.000	0.000	-0.022
210.000	3.000	0.000	-0.022
220.000	3.000	0.000	-0.022
230.000	3.000	-39.062	-0.018
240.000	3.000	-39.062	-0.018
250.000	3.000	-39.062	-0.018
260.000	3.000	-3.906	-0.001
270.000	3.000	-3.906	-0.001
280.000	3.000	-3.906	-0.001
290.000	3.000	-15.625	-0.015
300.000	3.000	-15.625	-0.015
310.000	3.000	-15.625	-0.015
320.000	3.000	-42.969	-0.007
330.000	3.000	-42.969	-0.007
340.000	3.000	-42.969	-0.007
350.000	3.000	1.953	-0.018
360.000	3.000	1.953	-0.018
370.000	3.000	1.953	-0.018
380.000	3.000	1.953	-0.021
390.000	3.000	1.953	-0.021
400.000	3.000	1.953	-0.021
410.000	3.000	-15.625	-0.012
420.000	3.000	-15.625	-0.012
430.000	3.000	-15.625	-0.012
440.000	3.000	-44.922	-0.020
450.000	3.000	-44.922	-0.020
460.000	3.000	-44.922	-0.020
470.000	3.000	-21.484	-0.026
480.000	3.000	-21.484	-0.026
490.000	3.000	-21.484	-0.026
500.000	3.000	3.906	-0.035
510.000	3.000	3.906	-0.035
520.000	3.000	3.906	-0.035
530.000	3.000	15.625	-0.036
540.000	3.000	15.625	-0.036
550.000	3.000	15.625	-0.036
560.000	3.000	-7.812	-0.008
570.000	3.000	-7.812	-0.008
580.000	3.000	-7.812	-0.008
590.000	3.000	-15.625	-0.031
600.000	3.000	-15.625	-0.031
610.000	3.000	-15.625	-0.031
620.000	3.000	-1.953	-0.016
630.000	3.000	-1.953	-0.016
640.000	3.000	-1.953	-0.016
650.000	3.000	-29.297	-0.009
660.000	3.000	-29.297	-0.009
670.000	3.000	-29.297	-0.009
680.000	3.000	13.672	-0.040
690.000	3.000	13.672	-0.040
700.000	3.000	13.672	-0.040
710.000	3.000	3.906	-0.024
720.000	3.000	3.906	-0.024
730.000	3.000	3.906	-0.024
740.000	3.000	-13.672	-0.028
750.000	3.000	-13.672	-0.028
760.000	3.000	-13.672	-0.028
770.000	3.000	3.906	-0.027
780.000	3.000	3.906	-0.027
790.000	3.000	3.906	-0.027
800.000	3.000	-27.344	-0.015
810.000	3.000	-27.344	-0.015
820.000	3.000	-27.344	-0.015
830.000	3.000	11.719	-0.025
840.000	3.000	11.719	-0.025
850.000	3.000	11.719	-0.025
860.000	3.000	-25.391	-0.042
870.000	3.000	-25.391	-0.042
880.000	3.000	-25.391	-0.042
890.000	3.000	11.719	-0.036
900.000	3.000	11.719	-0.036
910.000	3.000	11.719	-0.036
920.000	3.000	-19.531	-0.017
930.000	3.000	-19.531	-0.017
940.000	3.000	-19.531	-0.017
950.000	3.000	-37.109	-0.014
960.000	3.000	-37.109	-0.014
970.000	3.000	-37.109	-0.014
980.000	3.000	-5.859	-0.013
990.000	3.000	-5.859	-0.013
1000.000	3.000	-5.859	-0.013
1010.000	3.000	3.906	-0.017
1020.000	3.000	3.906	-0.017
1030.000	3.000	3.906	-0.017
1040.000	3.000	-9.766	-0.002
1050.000	3.000	-9.766	-0.002
1060.000	3.000	-9.766	-0.002
1070.000	3.000	-5.859	-0.025
1080.000	3.000	-5.859	-0.025
1090.000	3.000	-5.859	-0.025
1100.000	3.000	23.437	-0.041
1110.000	3.000	23.437	-0.041
1120.000	3.000	23.437	-0.041
1130.000	3.000	-5.859	-0.012
1140.000	3.000	-5.859	-0.012
1150.000	3.000	-5.859	-0.012
1160.000	3.000	-21.484	-0.016
1170.000	3.000	-21.484	-0.016
1180.000	3.000	-21.484	-0.016
1190.000	3.000	-25.391	-0.003
1200.000	3.000	-25.391	-0.003
1210.000	3.000	-25.391	-0.003
1220.000	3.000	-31.250	-0.019
1230.000	3.000	-31.250	-0.019
1240.000	3.000	-31.250	-0.019
1250.000	3.000	17.578	-0.018
1260.000	3.000	17.578	-0.018
1270.000	3.000	17.578	-0.018
1280.000	3.000	-27.344	-0.027
1290.000	3.000	-27.344	-0.027
1300.000	3.000	-27.344	-0.027
1310.000	3.000	11.719	-0.023
1320.000	3.000	11.719	-0.023
1330.000	3.000	11.719	-0.023
1340.000	3.000	1.953	-0.005
1350.000	3.000	1.953	-0.005
1360.000	3.000	1.953	-0.005
1370.000	3.000	-25.391	-0.008
1380.000	3.000	-25.391	-0.008
1390.000	3.000	-25.391	-0.008
1400.000	3.000	-5.859	-0.019
1410.000	3.000	-5.859	-0.019
1420.000	3.000	-5.859	-0.019
1430.000	3.000	-5.859	-0.034
1440.000	3.000	-5.859	-0.034
1450.000	3.000	-5.859	-0.034
1460.000	3.000	-23.437	-0.025
1470.000	3.000	-23.437	-0.025
1480.000	3.000	-23.437	-0.025
1490.000	3.000	-31.250	-0.026
1500.000	3.000	-31.250	-0.026
1510.000	3.000	-31.250	-0.026
1520.000	3.000	-9.766	-0.014
1530.000	3.000	-9.766	-0.014
1540.000	3.000	-9.766	-0.014
1550.000	3.000	-37.109	-0.032
1560.000	3.000	-37.109	-0.032
1570.000	3.000	-37.109	-0.032
1580.000	3.000	-13.672	-0.028
1590.000	3.000	-13.672	-0.028
1600.000	3.000	-13.672	-0.028
1610.000	3.000	-23.437	-0.012
1620.000	3.000	-23.437	-0.012
1630.000	3.000	-23.437	-0.012
1640.000	3.000	9.766	-0.026
1650.000	3.000	9.766	-0.026
1660.000	3.000	9.766	-0.026
1670.000	3.000	-9.766	-0.037
1680.000	3.000	-9.766	-0.037
1690.000	3.000	-9.766	-0.037
1700.000	3.000	-5.859	-0.020
1710.000	3.000	-5.859	-0.020
1720.000	3.000	-5.859	-0.020
1730.000	3.000	-19.531	-0.004
1740.000	3.000	-19.531	-0.004
1750.000	3.000	-19.531	-0.004
1760.000	3.000	-13.672	0.003
1770.000	3.000	-13.672	0.003
1780.000	3.000	-13.672	0.003
1790.000	3.000	-1.953	0.007
1800.000	3.000	-1.953	0.007
1810.000	3.000	-1.953	0.007
1820.000	3.000	13.672	-0.012
1830.000	3.000	13.672	-0.012
1840.000	3.000	13.672	-0.012
1850.000	3.000	-31.250	-0.010
1860.000	3.000	-31.250	-0.010
1870.000	3.000	-31.250	-0.010
1880.000	3.000	-3.906	-0.021
1890.000	3.000	-3.906	-0.021
1900.000	3.000	-3.906	-0.021
1910.000	3.000	-17.578	-0.018
1920.000	3.000	-17.578	-0.018
1930.000	3.000	-17.578	-0.018
1940.000	3.000	3.906	-0.031
1950.000	3.000	3.906	-0.031
1960.000	3.000	3.906	-0.031
1970.000	3.000	-17.578	-0.016
1980.000	3.000	-17.578	-0.016
1990.000	3.000	-17.578	-0.016
2000.000	3.000	-3.906	-0.008
2010.000	3.000	-3.906	-0.008
2020.000	3.000	-3.906	-0.008
2030.000	3.000	-21.484	-0.008
2040.000	3.000	-21.484	-0.008
2050.000	3.000	-21.484	-0.008
2060.000	3.000	-41.016	-0.018
2070.000	3.000	-41.016	-0.018
2080.000	3.000	-41.016	-0.018
2090.000	3.000	-15.625	-0.020
2100.000	3.000	-15.625	-0.020
2110.000	3.000	-15.625	-0.020
2120.000	3.000	-27.344	-0.022
2130.000	3.000	-27.344	-0.022
2140.000	3.000	-27.344	-0.022
2150.000	3.000	9.766	-0.035
2160.000	3.000	9.766	-0.035
2170.000	3.000	9.766	-0.035
2180.000	3.000	-3.906	-0.020
2190.000	3.000	-3.906	-0.020
2200.000	3.000	-3.906	-0.020
2210.000	3.000	-21.484	-0.022
2220.000	3.000	-21.484	-0.022
2230.000	3.000	-21.484	-0.022
2240.000	3.000	7.812	-0.033
2250.000	3.000	7.812	-0.033
2260.000	3.000	7.812	-0.033
2270.000	3.000	-13.672	-0.023
2280.000	3.000	-13.672	-0.023
2290.000	3.000	-13.672	-0.023
2300.000	3.000	9.766	-0.020
2310.000	3.000	9.766	-0.020
2320.000	3.000	9.766	-0.020
2330.000	3.000	-11.719	-0.011
2340.000	3.000	-11.719	-0.011
2350.000	3.000	-11.719	-0.011
2360.000	3.000	5.859	-0.016
2370.000	3.000	5.859	-0.016
2380.000	3.000	5.859	-0.016
2390.000	3.000	-5.859	-0.017
2400.000	3.000	-5.859	-0.017
2410.000	3.000	-5.859	-0.017
2420.000	3.000	-17.578	-0.025
2430.000	3.000	-17.578	-0.025
2440.000	3.000	-17.578	-0.025
2450.000	3.000	-33.203	-0.006
2460.000	3.000	-33.203	-0.006
2470.000	3.000	-33.203	-0.006
2480.000	3.000	-48.828	0.000
2490.000	3.000	-48.828	0.000
2500.000	3.000	-48.828	0.000
2510.000	3.000	-46.875	-0.008
2520.000	3.000	-46.875	-0.008
2530.000	3.000	-46.875	-0.008
2540.000	3.000	-19.531	-0.003
2550.000	3.000	-19.531	-0.003
2560.000	3.000	-19.531	-0.003
2570.000	3.000	-23.437	-0.006
2580.000	3.000	-23.437	-0.006
2590.000	3.000	-23.437	-0.006
2600.000	3.000	-21.484	-0.017
2610.000	3.000	-21.484	-0.017
2620.000	3.000	-21.484	-0.017
2630.000	3.000	-42.969	-0.027
2640.000	3.000	-42.969	-0.027
2650.000	3.000	-42.969	-0.027
2660.000	3.000	-46.875	-0.021
2670.000	3.000	-46.875	-0.021
2680.000	3.000	-46.875	-0.021
2690.000	3.000	1.953	-0.020
2700.000	3.000	1.953	-0.020
2710.000	3.000	1.953	-0.020
2720.000	3.000	-13.672	-0.018
2730.000	3.000	-13.672	-0.018
2740.000	3.000	-13.672	-0.018
2750.000	3.000	13.672	-0.014
2760.000	3.000	13.672	-0.014
2770.000	3.000	13.672	-0.014
2780.000	3.000	-7.812	-0.040
2790.000	3.000	-7.812	-0.040
2800.000	3.000	-7.812	-0.040
2810.000	3.000	-17.578	-0.024
2820.000	3.000	-17.578	-0.024
2830.000	3.000	-17.578	-0.024
2840.000	3.000	0.000	-0.025
2850.000	3.000	0.000	-0.025
2860.000	3.000	0.000	-0.025
2870.000	3.000	-9.766	-0.003
2880.000	3.000	-9.766	-0.003
2890.000	3.000	-9.766	-0.003
2900.000	3.000	-5.859	0.003
2910.000	3.000	-5.859	0.003
2920.000	3.000	-5.859	0.003
2930.000	3.000	-3.906	-0.033
2940.000	3.000	-3.906	-0.033
2950.000	3.000	-3.906	-0.033
2960.000	3.000	-3.906	-0.016
2970.000	3.000	-3.906	-0.016
2980.000	3.000	-3.906	-0.016
2990.000	3.000	-48.828	-0.020
3000.000	3.000	-48.828	-0.020
3010.000	3.000	-48.828	-0.020
3020.000	3.000	-1.953	-0.004
3030.000	3.000	-1.953	-0.004
3040.000	3.000	-1.953	-0.004
3050.000	3.000	-1.953	0.000
3060.000	3.000	-1.953	0.000
3070.000	3.000	-1.953	0.000
3080.000	3.000	-39.062	-0.008
3090.000	3.000	-39.062	-0.008
3100.000	3.000	-39.062	-0.008
3110.000	3.000	-7.812	-0.020
3120.000	3.000	-7.812	-0.020
3130.000	3.000	-7.812	-0.020
3140.000	3.000	13.672	-0.003
3150.000	3.000	13.672	-0.003
3160.000	3.000	13.672	-0.003
3170.000	3.000	-23.437	-0.026
3180.000	3.000	-23.437	-0.026
3190.000	3.000	-23.437	-0.026
3200.000	3.000	-46.875	-0.022
3210.000	3.000	-46.875	-0.022
3220.000	3.000	-46.875	-0.022
3230.000	3.000	-3.906	-0.009
3240.000	3.000	-3.906	-0.009
3250.000	3.000	-3.906	-0.009
3260.000	3.000	-1.953	-0.017
3270.000	3.000	-1.953	-0.017
3280.000	3.000	-1.953	-0.017
3290.000	3.000	9.766	-0.037
3300.000	3.000	9.766	-0.037
3310.000	3.000	9.766	-0.037
3320.000	3.000	-17.578	-0.005
3330.000	3.000	-17.578	-0.005
3340.000	3.000	-17.578	-0.005
3350.000	3.000	1.953	-0.021
3360.000	3.000	1.953	-0.021
3370.000	3.000	1.953	-0.021
3380.000	3.000	-29.297	-0.033
3390.000	3.000	-29.297	-0.033
3400.000	3.000	-29.297	-0.033
3410.000	3.000	-31.250	-0.021
3420.000	3.000	-31.250	-0.021
3430.000	3.000	-31.250	-0.021
3440.000	3.000	1.953	-0.009
3450.000	3.000	1.953	-0.009
3460.000	3.000	1.953	-0.009
3470.000	3.000	-29.297	-0.041
3480.000	3.000	-29.297	-0.041
3490.000	3.000	-29.297	-0.041
3500.000	3.000	1.953	-0.019
3510.000	3.000	1.953	-0.019
3520.000	3.000	1.953	-0.019
3530.000	3.000	-13.672	-0.024
3540.000	3.000	-13.672	-0.024
3550.000	3.000	-13.672	-0.024
3560.000	3.000	7.812	-0.020
3570.000	3.000	7.812	-0.020
3580.000	3.000	7.812	-0.020
3590.000	3.000	11.719	-0.018
3600.000	3.000	11.719	-0.018
3610.000	3.000	11.719	-0.018
3620.000	3.000	-21.484	-0.004
3630.000	3.000	-21.484	-0.004
3640.000	3.000	-21.484	-0.004
3650.000	3.000	5.859	-0.026
3660.000	3.000	5.859	-0.026
3670.000	3.000	5.859	-0.026
3680.000	3.000	3.906	-0.029
3690.000	3.000	3.906	-0.029
3700.000	3.000	3.906	-0.029
3710.000	3.000	13.672	-0.043
3720.000	3.000	13.672	-0.043
3730.000	3.000	13.672	-0.043
3740.000	3.000	-11.719	-0.029
3750.000	3.000	-11.719	-0.029
3760.000	3.000	-11.719	-0.029
3770.000	3.000	-31.250	-0.020
3780.000	3.000	-31.250	-0.020
3790.000	3.000	-31.250	-0.020
3800.000	3.000	-42.969	-0.023
3810.000	3.000	-42.969	-0.023
3820.000	3.000	-42.969	-0.023
3830.000	3.000	-3.906	-0.009
3840.000	3.000	-3.906	-0.009
3850.000	3.000	-3.906	-0.009
3860.000	3.000	5.859	-0.013
3870.000	3.000	5.859	-0.013
3880.000	3.000	5.859	-0.013
3890.000	3.000	-1.953	-0.013
3900.000	3.000	-1.953	-0.013
3910.000	3.000	-1.953	-0.013
3920.000	3.000	-29.297	-0.009
3930.000	3.000	-29.297	-0.009
3940.000	3.000	-29.297	-0.009
3950.000	3.000	5.859	-0.025
3960.000	3.000	5.859	-0.025
3970.000	3.000	5.859	-0.025
3980.000	3.000	-17.578	-0.009
3990.000	3.000	-17.578	-0.009
4000.000	3.000	-17.578	-0.009
4010.000	3.000	5.859	-0.037
4020.000	3.000	5.859	-0.037
4030.000	3.000	5.859	-0.037
4040.000	3.000	-1.953	0.003
4050.000	3.000	-1.953	0.003
4060.000	3.000	-1.953	0.003
4070.000	3.000	11.719	-0.004
4080.000	3.000	11.719	-0.004
4090.000	3.000	11.719	-0.004
4100.000	3.000	15.625	-0.013
4110.000	3.000	15.625	-0.013
4120.000	3.000	15.625	-0.013
4130.000	3.000	3.906	-0.024
4140.000	3.000	3.906	-0.024
4150.000	3.000	3.906	-0.024
4160.000	3.000	-25.391	-0.034
4170.000	3.000	-25.391	-0.034
4180.000	3.000	-25.391	-0.034
4190.000	3.000	-33.203	-0.016
4200.000	3.000	-33.203	-0.016
4210.000	3.000	-33.203	-0.016
4220.000	3.000	-7.812	-0.019
4230.000	3.000	-7.812	-0.019
4240.000	3.000	-7.812	-0.019
4250.000	3.000	15.625	-0.035
4260.000	3.000	15.625	-0.035
4270.000	3.000	15.625	-0.035
4280.000	3.000	-21.484	-0.004
4290.000	3.000	-21.484	-0.004
4300.000	3.000	-21.484	-0.004
4310.000	3.000	7.812	-0.018
4320.000	3.000	7.812	-0.018
4330.000	3.000	7.812	-0.018
4340.000	3.000	-42.969	-0.025
4350.000	3.000	-42.969	-0.025
4360.000	3.000	-42.969	-0.025
4370.000	3.000	-35.156	-0.026
4380.000	3.000	-35.156	-0.026
4390.000	3.000	-35.156	-0.026
4400.000	3.000	-3.906	-0.012
4410.000	3.000	-3.906	-0.012
4420.000	3.000	-3.906	-0.012
4430.000	3.000	-29.297	-0.022
4440.000	3.000	-29.297	-0.022
4450.000	3.000	-29.297	-0.022
4460.000	3.000	-31.250	-0.026
4470.000	3.000	-31.250	-0.026
4480.000	3.000	-31.250	-0.026
4490.000	3.000	-13.672	-0.002
4500.000	3.000	-13.672	-0.002
4510.000	3.000	-13.672	-0.002
4520.000	3.000	-27.344	-0.023
4530.000	3.000	-27.344	-0.023
4540.000	3.000	-27.344	-0.023
4550.000	3.000	-7.812	-0.031
4560.000	3.000	-7.812	-0.031
4570.000	3.000	-7.812	-0.031
4580.000	3.000	0.000	-0.013
4590.000	3.000	0.000	-0.013
4600.000	3.000	0.000	-0.013
4610.000	3.000	-15.625	-0.026
4620.000	3.000	-15.625	-0.026
4630.000	3.000	-15.625	-0.026
4640.000	3.000	7.812	-0.036
4650.000	3.000	7.812	-0.036
4660.000	3.000	7.812	-0.036
4670.000	3.000	5.859	-0.026
4680.000	3.000	5.859	-0.026
4690.000	3.000	5.859	-0.026
4700.000	3.000	5.859	-0.007
4710.000	3.000	5.859	-0.007
4720.000	3.000	5.859	-0.007
4730.000	3.000	-11.719	-0.009
4740.000	3.000	-11.719	-0.009
4750.000	3.000	-11.719	-0.009
4760.000	3.000	17.578	-0.026
4770.000	3.000	17.578	-0.026
4780.000	3.000	17.578	-0.026
4790.000	3.000	-3.906	0.001
4800.000	3.000	-3.906	0.001
4810.000	3.000	-3.906	0.001
4820.000	3.000	-46.875	-0.001
4830.000	3.000	-46.875	-0.001
4840.000	3.000	-46.875	-0.001
4850.000	3.000	5.859	-0.014
4860.000	3.000	5.859	-0.014
4870.000	3.000	5.859	-0.014
4880.000	3.000	-7.812	-0.001
4890.000	3.000	-7.812	-0.001
4900.000	3.000	-7.812	-0.001
4910.000	3.000	-41.016	-0.025
4920.000	3.000	-41.016	-0.025
4930.000	3.000	-41.016	-0.025
4940.000	3.000	-15.625	-0.034
4950.000	3.000	-15.625	-0.034
4960.000	3.000	-15.625	-0.034
4970.000	3.000	0.000	-0.013
4980.000	3.000	0.000	-0.013
4990.000	3.000	0.000	-0.013
5000.000	3.000	19.531	-0.018
5010.000	3.000	19.531	-0.018
5020.000	3.000	19.531	-0.018
5030.000	3.000	-25.391	-0.009
5040.000	3.000	-25.391	-0.009
5050.000	3.000	-25.391	-0.009
5060.000	3.000	15.625	-0.022
5070.000	3.000	15.625	-0.022
5080.000	3.000	15.625	-0.022
5090.000	3.000	-11.719	-0.003
5100.000	3.000	-11.719	-0.003
5110.000	3.000	-11.719	-0.003
5120.000	3.000	-23.437	0.009
5130.000	3.000	-23.437	0.009
5140.000	3.000	-23.437	0.009
5150.000	3.000	1.953	0.065
5160.000	3.000	1.953	0.065
5170.000	3.000	1.953	0.065
5180.000	3.000	-23.437	0.083
5190.000	3.000	-23.437	0.083
5200.000	3.000	-23.437	0.083
5210.000	3.000	-21.484	0.067
5220.000	3.000	-21.484	0.067
5230.000	3.000	-21.484	0.067
5240.000	3.000	-27.344	0.061
5250.000	3.000	-27.344	0.061
5260.000	3.000	-27.344	0.061
5270.000	3.000	-15.625	0.078
5280.000	3.000	-15.625	0.078
5290.000	3.000	-15.625	0.078
5300.000	3.000	7.812	0.064
5310.000	3.000	7.812	0.064
5320.000	3.000	7.812	0.064
5330.000	3.000	13.672	0.074
5340.000	3.000	13.672	0.074
5350.000	3.000	13.672	0.074
5360.000	3.000	-3.906	0.075
5370.000	3.000	-3.906	0.075
5380.000	3.000	-3.906	0.075
5390.000	3.000	-1.953	0.066
5400.000	3.000	-1.953	0.066
5410.000	3.000	-1.953	0.066
5420.000	3.000	29.297	0.095
5430.000	3.000	29.297	0.095
5440.000	3.000	29.297	0.095
5450.000	3.000	-17.578	0.069
5460.000	3.000	-17.578	0.069
5470.000	3.000	-17.578	0.069
5480.000	3.000	17.578	0.074
5490.000	3.000	17.578	0.074
5500.000	3.000	17.578	0.074
5510.000	3.000	21.484	0.097
5520.000	3.000	21.484	0.097
5530.000	3.000	21.484	0.097
5540.000	3.000	23.437	0.083
5550.000	3.000	23.437	0.083
5560.000	3.000	23.437	0.083
5570.000	3.000	29.297	0.099
5580.000	3.000	29.297	0.099
5590.000	3.000	29.297	0.099
5600.000	3.000	42.969	0.058
5610.000	3.000	42.969	0.058
5620.000	3.000	42.969	0.058
5630.000	3.000	25.391	0.085
5640.000	3.000	25.391	0.085
5650.000	3.000	25.391	0.085
5660.000	3.000	23.437	0.090
5670.000	3.000	23.437	0.090
5680.000	3.000	23.437	0.090
5690.000	3.000	48.828	0.079
5700.000	3.000	48.828	0.079
5710.000	3.000	48.828	0.079
5720.000	3.000	29.297	0.091
5730.000	3.000	29.297	0.091
5740.000	3.000	29.297	0.091
5750.000	3.000	68.359	0.061
5760.000	3.000	68.359	0.061
5770.000	3.000	68.359	0.061
5780.000	3.000	70.312	0.064
5790.000	3.000	70.312	0.064
5800.000	3.000	70.312	0.064
5810.000	3.000	39.062	0.074
5820.000	3.000	39.062	0.074
5830.000	3.000	39.062	0.074
5840.000	3.000	23.437	0.092
5850.000	3.000	23.437	0.092
5860.000	3.000	23.437	0.092
5870.000	3.000	27.344	0.097
5880.000	3.000	27.344	0.097
5890.000	3.000	27.344	0.097
5900.000	3.000	23.437	0.093
5910.000	3.000	23.437	0.093
5920.000	3.000	23.437	0.093
5930.000	3.000	62.500	0.093
5940.000	3.000	62.500	0.093
5950.000	3.000	62.500	0.093
5960.000	3.000	41.016	0.100
5970.000	3.000	41.016	0.100
5980.000	3.000	41.016	0.100
5990.000	3.000	50.781	0.085
6000.000	3.000	50.781	0.085
6010.000	3.000	50.781	0.085
6020.000	3.000	83.984	0.081
6030.000	3.000	83.984	0.081
6040.000	3.000	83.984	0.081
6050.000	3.000	70.312	0.089
6060.000	3.000	70.312	0.089
6070.000	3.000	70.312	0.089
6080.000	3.000	87.891	0.076
6090.000	3.000	87.891	0.076
6100.000	3.000	87.891	0.076
6110.000	3.000	89.844	0.080
6120.000	3.000	89.844	0.080
6130.000	3.000	89.844	0.080
6140.000	3.000	89.844	0.069
6150.000	3.000	89.844	0.069
6160.000	3.000	89.844	0.069
6170.000	3.000	60.547	0.071
6180.000	3.000	60.547	0.071
6190.000	3.000	60.547	0.071
6200.000	3.000	70.312	0.072
6210.000	3.000	70.312	0.072
6220.000	3.000	70.312	0.072
6230.000	3.000	83.984	0.089
6240.000	3.000	83.984	0.089
6250.000	3.000	83.984	0.089
6260.000	3.000	87.891	0.091
6270.000	3.000	87.891	0.091
6280.000	3.000	87.891	0.091
6290.000	3.000	97.656	0.087
6300.000	3.000	97.656	0.087
6310.000	3.000	97.656	0.087
6320.000	3.000	62.500	0.096
6330.000	3.000	62.500	0.096
6340.000	3.000	62.500	0.096
6350.000	3.000	97.656	0.089
6360.000	3.000	97.656	0.089
6370.000	3.000	97.656	0.089
6380.000	3.000	101.562	0.082
6390.000	3.000	101.562	0.082
6400.000	3.000	101.562	0.082
6410.000	3.000	83.984	0.092
6420.000	3.000	83.984	0.092
6430.000	3.000	83.984	0.092
6440.000	3.000	83.984	0.091
6450.000	3.000	83.984	0.091
6460.000	3.000	83.984	0.091
6470.000	3.000	113.281	0.084
6480.000	3.000	113.281	0.084
6490.000	3.000	113.281	0.084
6500.000	3.000	76.172	0.098
6510.000	3.000	76.172	0.098
6520.000	3.000	76.172	0.098
6530.000	3.000	89.844	0.072
6540.000	3.000	89.844	0.072
6550.000	3.000	89.844	0.072
6560.000	3.000	126.953	0.073
6570.000	3.000	126.953	0.073
6580.000	3.000	126.953	0.073
6590.000	3.000	111.328	0.096
6600.000	3.000	111.328	0.096
6610.000	3.000	111.328	0.096
6620.000	3.000	82.031	0.087
6630.000	3.000	82.031	0.087
6640.000	3.000	82.031	0.087
6650.000	3.000	130.859	0.083
6660.000	3.000	130.859	0.083
6670.000	3.000	130.859	0.083
6680.000	3.000	91.797	0.070
6690.000	3.000	91.797	0.070
6700.000	3.000	91.797	0.070
6710.000	3.000	121.094	0.074
6720.000	3.000	121.094	0.074
6730.000	3.000	121.094	0.074
6740.000	3.000	117.187	0.081
6750.000	3.000	117.187	0.081
6760.000	3.000	117.187	0.081
6770.000	3.000	130.859	0.089
6780.000	3.000	130.859	0.089
6790.000	3.000	130.859	0.089
6800.000	3.000	146.484	0.060
6810.000	3.000	146.484	0.060
6820.000	3.000	146.484	0.060
6830.000	3.000	109.375	0.088
6840.000	3.000	109.375	0.088
6850.000	3.000	109.375	0.088
6860.000	3.000	144.531	0.059
6870.000	3.000	144.531	0.059
6880.000	3.000	144.531	0.059
6890.000	3.000	121.094	0.082
6900.000	3.000	121.094	0.082
6910.000	3.000	121.094	0.082
6920.000	3.000	123.047	0.088
6930.000	3.000	123.047	0.088
6940.000	3.000	123.047	0.088
6950.000	3.000	97.656	0.093
6960.000	3.000	97.656	0.093
6970.000	3.000	97.656	0.093
6980.000	3.000	132.812	0.087
6990.000	3.000	132.812	0.087
7000.000	3.000	132.812	0.087
7010.000	3.000	132.812	0.082
7020.000	3.000	132.812	0.082
7030.000	3.000	132.812	0.082
7040.000	3.000	103.516	0.084
7050.000	3.000	103.516	0.084
7060.000	3.000	103.516	0.084
7070.000	3.000	130.859	0.079
7080.000	3.000	130.859	0.079
7090.000	3.000	130.859	0.079
7100.000	3.000	152.344	0.062
7110.000	3.000	152.344	0.062
7120.000	3.000	152.344	0.062
7130.000	3.000	166.016	0.071
7140.000	3.000	166.016	0.071
7150.000	3.000	166.016	0.071
7160.000	3.000	152.344	0.096
7170.000	3.000	152.344	0.096
7180.000	3.000	152.344	0.096
7190.000	3.000	132.812	0.076
7200.000	3.000	132.812	0.076
7210.000	3.000	132.812	0.076
7220.000	3.000	138.672	0.084
7230.000	3.000	138.672	0.084
7240.000	3.000	138.672	0.084
7250.000	3.000	156.250	0.072
7260.000	3.000	156.250	0.072
7270.000	3.000	156.250	0.072
7280.000	3.000	126.953	0.097
7290.000	3.000	126.953	0.097
7300.000	3.000	126.953	0.097
7310.000	3.000	177.734	0.082
7320.000	3.000	177.734	0.082
7330.000	3.000	177.734	0.082
7340.000	3.000	119.141	0.088
7350.000	3.000	119.141	0.088
7360.000	3.000	119.141	0.088
7370.000	3.000	156.250	0.083
7380.000	3.000	156.250	0.083
7390.000	3.000	156.250	0.083
7400.000	3.000	164.062	0.073
7410.000	3.000	164.062	0.073
7420.000	3.000	164.062	0.073
7430.000	3.000	181.641	0.075
7440.000	3.000	181.641	0.075
7450.000	3.000	181.641	0.075
7460.000	3.000	132.812	0.090
7470.000	3.000	132.812	0.090
7480.000	3.000	132.812	0.090
7490.000	3.000	171.875	0.079
7500.000	3.000	171.875	0.079
7510.000	3.000	171.875	0.079
7520.000	3.000	173.828	0.079
7530.000	3.000	173.828	0.079
7540.000	3.000	173.828	0.079
7550.000	3.000	173.828	0.084
7560.000	3.000	173.828	0.084
7570.000	3.000	173.828	0.084
7580.000	3.000	185.547	0.065
7590.000	3.000	185.547	0.065
7600.000	3.000	185.547	0.065
7610.000	3.000	164.062	0.083
7620.000	3.000	164.062	0.083
7630.000	3.000	164.062	0.083
7640.000	3.000	185.547	0.062
7650.000	3.000	185.547	0.062
7660.000	3.000	185.547	0.062
7670.000	3.000	191.406	0.067
7680.000	3.000	191.406	0.067
7690.000	3.000	191.406	0.067
7700.000	3.000	152.344	0.087
7710.000	3.000	152.344	0.087
7720.000	3.000	152.344	0.087
7730.000	3.000	169.922	0.078
7740.000	3.000	169.922	0.078
7750.000	3.000	169.922	0.078
7760.000	3.000	146.484	0.067
7770.000	3.000	146.484	0.067
7780.000	3.000	146.484	0.067
7790.000	3.000	175.781	0.075
7800.000	3.000	175.781	0.075
7810.000	3.000	175.781	0.075
7820.000	3.000	189.453	0.070
7830.000	3.000	189.453	0.070
7840.000	3.000	189.453	0.070
7850.000	3.000	167.969	0.070
7860.000	3.000	167.969	0.070
7870.000	3.000	167.969	0.070
7880.000	3.000	191.406	0.087
7890.000	3.000	191.406	0.087
7900.000	3.000	191.406	0.087
7910.000	3.000	189.453	0.073
7920.000	3.000	189.453	0.073
7930.000	3.000	189.453	0.073
7940.000	3.000	187.500	0.083
7950.000	3.000	187.500	0.083
7960.000	3.000	187.500	0.083
7970.000	3.000	207.031	0.100
7980.000	3.000	207.031	0.100
7990.000	3.000	207.031	0.100
8000.000	3.000	183.594	0.087
8010.000	3.000	183.594	0.087
8020.000	3.000	183.594	0.087
8030.000	3.000	214.844	0.080
8040.000	3.000	214.844	0.080
8050.000	3.000	214.844	0.080
8060.000	3.000	189.453	0.078
8070.000	3.000	189.453	0.078
8080.000	3.000	189.453	0.078
8090.000	3.000	197.266	0.092
8100.000	3.000	197.266	0.092
8110.000	3.000	197.266	0.092
8120.000	3.000	179.687	0.093
8130.000	3.000	179.687	0.093
8140.000	3.000	179.687	0.093
8150.000	3.000	199.219	0.070
8160.000	3.000	199.219	0.070
8170.000	3.000	199.219	0.070
8180.000	3.000	173.828	0.057
8190.000	3.000	173.828	0.057
8200.000	3.000	173.828	0.057
8210.000	3.000	177.734	0.075
8220.000	3.000	177.734	0.075
8230.000	3.000	177.734	0.075
8240.000	3.000	210.937	0.075
8250.000	3.000	210.937	0.075
8260.000	3.000	210.937	0.075
8270.000	3.000	177.734	0.096
8280.000	3.000	177.734	0.096
8290.000	3.000	177.734	0.096
8300.000	3.000	179.687	0.081
8310.000	3.000	179.687	0.081
8320.000	3.000	179.687	0.081
8330.000	3.000	228.516	0.061
8340.000	3.000	228.516	0.061
8350.000	3.000	228.516	0.061
8360.000	3.000	187.500	0.084
8370.000	3.000	187.500	0.084
8380.000	3.000	187.500	0.084
8390.000	3.000	207.031	0.085
8400.000	3.000	207.031	0.085
8410.000	3.000	207.031	0.085
8420.000	3.000	240.234	0.053
8430.000	3.000	240.234	0.053
8440.000	3.000	240.234	0.053
8450.000	3.000	212.891	0.072
8460.000	3.000	212.891	0.072
8470.000	3.000	212.891	0.072
8480.000	3.000	232.422	0.070
8490.000	3.000	232.422	0.070
8500.000	3.000	232.422	0.070
8510.000	3.000	230.469	0.078
8520.000	3.000	230.469	0.078
8530.000	3.000	230.469	0.078
8540.000	3.000	216.797	0.086
8550.000	3.000	216.797	0.086
8560.000	3.000	216.797	0.086
8570.000	3.000	246.094	0.082
8580.000	3.000	246.094	0.082
8590.000	3.000	246.094	0.082
8600.000	3.000	210.937	0.087
8610.000	3.000	210.937	0.087
8620.000	3.000	210.937	0.087
8630.000	3.000	250.000	0.074
8640.000	3.000	250.000	0.074
8650.000	3.000	250.000	0.074
8660.000	3.000	195.312	0.095
8670.000	3.000	195.312	0.095
8680.000	3.000	195.312	0.095
8690.000	3.000	226.562	0.090
8700.000	3.000	226.562	0.090
8710.000	3.000	226.562	0.090
8720.000	3.000	238.281	0.066
8730.000	3.000	238.281	0.066
8740.000	3.000	238.281	0.066
8750.000	3.000	236.328	0.067
8760.000	3.000	236.328	0.067
8770.000	3.000	236.328	0.067
8780.000	3.000	255.859	0.075
8790.000	3.000	255.859	0.075
8800.000	3.000	255.859	0.075
8810.000	3.000	222.656	0.090
8820.000	3.000	222.656	0.090
8830.000	3.000	222.656	0.090
8840.000	3.000	242.187	0.087
8850.000	3.000	242.187	0.087
8860.000	3.000	242.187	0.087
8870.000	3.000	232.422	0.079
8880.000	3.000	232.422	0.079
8890.000	3.000	232.422	0.079
8900.000	3.000	244.141	0.085
8910.000	3.000	244.141	0.085
8920.000	3.000	244.141	0.085
8930.000	3.000	226.562	0.078
8940.000	3.000	226.562	0.078
8950.000	3.000	226.562	0.078
8960.000	3.000	240.234	0.076
8970.000	3.000	240.234	0.076
8980.000	3.000	240.234	0.076
8990.000	3.000	255.859	0.073
9000.000	3.000	255.859	0.073
9010.000	3.000	255.859	0.073
9020.000	3.000	218.750	0.094
9030.000	3.000	218.750	0.094
9040.000	3.000	218.750	0.094
9050.000	3.000	232.422	0.100
9060.000	3.000	232.422	0.100
9070.000	3.000	232.422	0.100
9080.000	3.000	240.234	0.092
9090.000	3.000	240.234	0.092
9100.000	3.000	240.234	0.092
9110.000	3.000	236.328	0.092
9120.000	3.000	236.328	0.092
9130.000	3.000	236.328	0.092
9140.000	3.000	261.719	0.088
9150.000	3.000	261.719	0.088
9160.000	3.000	261.719	0.088
9170.000	3.000	277.344	0.058
9180.000	3.000	277.344	0.058
9190.000	3.000	277.344	0.058
9200.000	3.000	238.281	0.083
9210.000	3.000	238.281	0.083
9220.000	3.000	238.281	0.083
9230.000	3.000	226.562	0.076
9240.000	3.000	226.562	0.076
9250.000	3.000	226.562	0.076
9260.000	3.000	257.812	0.078
9270.000	3.000	257.812	0.078
9280.000	3.000	257.812	0.078
9290.000	3.000	269.531	0.090
9300.000	3.000	269.531	0.090
9310.000	3.000	269.531	0.090
9320.000	3.000	250.000	0.077
9330.000	3.000	250.000	0.077
9340.000	3.000	250.000	0.077
9350.000	3.000	271.484	0.076
9360.000	3.000	271.484	0.076
9370.000	3.000	271.484	0.076
9380.000	3.000	248.047	0.075
9390.000	3.000	248.047	0.075
9400.000	3.000	248.047	0.075
9410.000	3.000	257.812	0.080
9420.000	3.000	257.812	0.080
9430.000	3.000	257.812	0.080
9440.000	3.000	222.656	0.073
9450.000	3.000	222.656	0.073
9460.000	3.000	222.656	0.073
9470.000	3.000	279.297	0.078
9480.000	3.000	279.297	0.078
9490.000	3.000	279.297	0.078
9500.000	3.000	283.203	0.093
9510.000	3.000	283.203	0.093
9520.000	3.000	283.203	0.093
9530.000	3.000	279.297	0.071
9540.000	3.000	279.297	0.071
9550.000	3.000	279.297	0.071
9560.000	3.000	269.531	0.087
9570.000	3.000	269.531	0.087
9580.000	3.000	269.531	0.087
9590.000	3.000	253.906	0.069
9600.000	3.000	253.906	0.069
9610.000	3.000	253.906	0.069
9620.000	3.000	296.875	0.085
9630.000	3.000	296.875	0.085
9640.000	3.000	296.875	0.085
9650.000	3.000	265.625	0.081
9660.000	3.000	265.625	0.081
9670.000	3.000	265.625	0.081
9680.000	3.000	285.156	0.071
9690.000	3.000	285.156	0.071
9700.000	3.000	285.156	0.071
9710.000	3.000	271.484	0.084
9720.000	3.000	271.484	0.084
9730.000	3.000	271.484	0.084
9740.000	3.000	302.734	0.055
9750.000	3.000	302.734	0.055
9760.000	3.000	302.734	0.055
9770.000	3.000	263.672	0.080
9780.000	3.000	263.672	0.080
9790.000	3.000	263.672	0.080
9800.000	3.000	265.625	0.074
9810.000	3.000	265.625	0.074
9820.000	3.000	265.625	0.074
9830.000	3.000	300.781	0.077
9840.000	3.000	300.781	0.077
9850.000	3.000	300.781	0.077
9860.000	3.000	310.547	0.075
9870.000	3.000	310.547	0.075
9880.000	3.000	310.547	0.075
9890.000	3.000	316.406	0.062
9900.000	3.000	316.406	0.062
9910.000	3.000	316.406	0.062
9920.000	3.000	269.531	0.086
9930.000	3.000	269.531	0.086
9940.000	3.000	269.531	0.086
9950.000	3.000	259.766	0.086
9960.000	3.000	259.766	0.086
9970.000	3.000	259.766	0.086
9980.000	3.000	275.391	0.099
9990.000	3.000	275.391	0.099
10000.000	3.000	275.391	0.099
10010.000	3.000	302.734	0.084
10020.000	3.000	302.734	0.084
10030.000	3.000	302.734	0.084
10040.000	3.000	271.484	0.099
10050.000	3.000	271.484	0.099
10060.000	3.000	271.484	0.099
10070.000	3.000	273.437	0.095
10080.000	3.000	273.437	0.095
10090.000	3.000	273.437	0.095
10100.000	3.000	312.500	0.058
10110.000	3.000	312.500	0.058
10120.000	3.000	312.500	0.058
10130.000	3.000	285.156	0.044
10140.000	3.000	285.156	0.044
10150.000	3.000	285.156	0.044
10160.000	3.000	261.719	0.009
10170.000	3.000	261.719	0.009
10180.000	3.000	261.719	0.009
10190.000	3.000	300.781	-0.017
10200.000	3.000	300.781	-0.017
10210.000	3.000	300.781	-0.017
10220.000	3.000	255.859	-0.006
10230.000	3.000	255.859	-0.006
10240.000	3.000	255.859	-0.006
10250.000	3.000	251.953	-0.021
10260.000	3.000	251.953	-0.021
10270.000	3.000	251.953	-0.021
10280.000	3.000	251.953	-0.006
10290.000	3.000	251.953	-0.006
10300.000	3.000	251.953	-0.006
10310.000	3.000	220.703	-0.018
10320.000	3.000	220.703	-0.018
10330.000	3.000	220.703	-0.018
10340.000	3.000	267.578	-0.030
10350.000	3.000	267.578	-0.030
10360.000	3.000	267.578	-0.030
10370.000	3.000	251.953	-0.021
10380.000	3.000	251.953	-0.021
10390.000	3.000	251.953	-0.021
10400.000	3.000	222.656	-0.026
10410.000	3.000	222.656	-0.026
10420.000	3.000	222.656	-0.026
10430.000	3.000	207.031	-0.005
10440.000	3.000	207.031	-0.005
10450.000	3.000	207.031	-0.005
10460.000	3.000	234.375	-0.033
10470.000	3.000	234.375	-0.033
10480.000	3.000	234.375	-0.033
10490.000	3.000	214.844	-0.018
10500.000	3.000	214.844	-0.018
10510.000	3.000	214.844	-0.018
10520.000	3.000	210.937	-0.025
10530.000	3.000	210.937	-0.025
10540.000	3.000	210.937	-0.025
10550.000	3.000	199.219	-0.004
10560.000	3.000	199.219	-0.004
10570.000	3.000	199.219	-0.004
10580.000	3.000	203.125	-0.018
10590.000	3.000	203.125	-0.018
10600.000	3.000	203.125	-0.018
10610.000	3.000	158.203	-0.002
10620.000	3.000	158.203	-0.002
10630.000	3.000	158.203	-0.002
10640.000	3.000	169.922	-0.002
10650.000	3.000	169.922	-0.002
10660.000	3.000	169.922	-0.002
10670.000	3.000	164.062	-0.007
10680.000	3.000	164.062	-0.007
10690.000	3.000	164.062	-0.007
10700.000	3.000	148.437	-0.024
10710.000	3.000	148.437	-0.024
10720.000	3.000	148.437	-0.024
10730.000	3.000	140.625	-0.018
10740.000	3.000	140.625	-0.018
10750.000	3.000	140.625	-0.018
10760.000	3.000	138.672	-0.012
10770.000	3.000	138.672	-0.012
10780.000	3.000	138.672	-0.012
10790.000	3.000	113.281	-0.011
10800.000	3.000	113.281	-0.011
10810.000	3.000	113.281	-0.011
10820.000	3.000	144.531	-0.016
10830.000	3.000	144.531	-0.016
10840.000	3.000	144.531	-0.016
10850.000	3.000	140.625	-0.021
10860.000	3.000	140.625	-0.021
10870.000	3.000	140.625	-0.021
10880.000	3.000	134.766	-0.021
10890.000	3.000	134.766	-0.021
10900.000	3.000	134.766	-0.021
10910.000	3.000	119.141	-0.012
10920.000	3.000	119.141	-0.012
10930.000	3.000	119.141	-0.012
10940.000	3.000	105.469	-0.021
10950.000	3.000	105.469	-0.021
10960.000	3.000	105.469	-0.021
10970.000	3.000	117.187	-0.033
10980.000	3.000	117.187	-0.033
10990.000	3.000	117.187	-0.033
11000.000	3.000	76.172	-0.024
11010.000	3.000	76.172	-0.024
11020.000	3.000	76.172	-0.024
11030.000	3.000	87.891	-0.007
11040.000	3.000	87.891	-0.007
11050.000	3.000	87.891	-0.007
11060.000	3.000	93.750	-0.011
11070.000	3.000	93.750	-0.011
11080.000	3.000	93.750	-0.011
11090.000	3.000	52.734	-0.004
11100.000	3.000	52.734	-0.004
11110.000	3.000	52.734	-0.004
11120.000	3.000	66.406	-0.006
11130.000	3.000	66.406	-0.006
11140.000	3.000	66.406	-0.006
11150.000	3.000	27.344	-0.011
11160.000	3.000	27.344	-0.011
11170.000	3.000	27.344	-0.011
11180.000	3.000	60.547	-0.023
11190.000	3.000	60.547	-0.023
11200.000	3.000	60.547	-0.023
11210.000	3.000	37.109	-0.017
11220.000	3.000	37.109	-0.017
11230.000	3.000	37.109	-0.017
11240.000	3.000	72.266	-0.037
11250.000	3.000	72.266	-0.037
11260.000	3.000	72.266	-0.037
11270.000	3.000	39.062	-0.007
11280.000	3.000	39.062	-0.007
11290.000	3.000	39.062	-0.007
11300.000	3.000	39.062	-0.009
11310.000	3.000	39.062	-0.009
11320.000	3.000	39.062	-0.009
11330.000	3.000	9.766	-0.015
11340.000	3.000	9.766	-0.015
11350.000	3.000	9.766	-0.015
11360.000	3.000	-21.484	-0.023
11370.000	3.000	-21.484	-0.023
11380.000	3.000	-21.484	-0.023
11390.000	3.000	13.672	-0.008
11400.000	3.000	13.672	-0.008
11410.000	3.000	13.672	-0.008
11420.000	3.000	-17.578	-0.011
11430.000	3.000	-17.578	-0.011
11440.000	3.000	-17.578	-0.011
11450.000	3.000	-9.766	-0.018
11460.000	3.000	-9.766	-0.018
11470.000	3.000	-9.766	-0.018
11480.000	3.000	3.906	0.002
11490.000	3.000	3.906	0.002
11500.000	3.000	3.906	0.002
11510.000	3.000	21.484	-0.004
11520.000	3.000	21.484	-0.004
11530.000	3.000	21.484	-0.004
11540.000	3.000	11.719	-0.029
11550.000	3.000	11.719	-0.029
11560.000	3.000	11.719	-0.029
11570.000	3.000	-25.391	-0.029
11580.000	3.000	-25.391	-0.029
11590.000	3.000	-25.391	-0.029
11600.000	3.000	-27.344	-0.041
11610.000	3.000	-27.344	-0.041
11620.000	3.000	-27.344	-0.041
11630.000	3.000	1.953	-0.025
11640.000	3.000	1.953	-0.025
11650.000	3.000	1.953	-0.025
11660.000	3.000	-9.766	-0.033
11670.000	3.000	-9.766	-0.033
11680.000	3.000	-9.766	-0.033
11690.000	3.000	-37.109	-0.027
11700.000	3.000	-37.109	-0.027
11710.000	3.000	-37.109	-0.027
11720.000	3.000	-13.672	-0.010
11730.000	3.000	-13.672	-0.010
11740.000	3.000	-13.672	-0.010
11750.000	3.000	-9.766	-0.001
11760.000	3.000	-9.766	-0.001
11770.000	3.000	-9.766	-0.001
11780.000	3.000	-41.016	-0.021
11790.000	3.000	-41.016	-0.021
11800.000	3.000	-41.016	-0.021
11810.000	3.000	-7.812	-0.014
11820.000	3.000	-7.812	-0.014
11830.000	3.000	-7.812	-0.014
11840.000	3.000	-17.578	-0.035
11850.000	3.000	-17.578	-0.035
11860.000	3.000	-17.578	-0.035
11870.000	3.000	-21.484	-0.035
11880.000	3.000	-21.484	-0.035
11890.000	3.000	-21.484	-0.035
11900.000	3.000	-44.922	-0.024
11910.000	3.000	-44.922	-0.024
11920.000	3.000	-44.922	-0.024
11930.000	3.000	-21.484	-0.021
11940.000	3.000	-21.484	-0.021
11950.000	3.000	-21.484	-0.021
11960.000	3.000	-5.859	-0.036
11970.000	3.000	-5.859	-0.036
11980.000	3.000	-5.859	-0.036
11990.000	3.000	-31.250	-0.025
12000.000	3.000	-31.250	-0.025
12010.000	3.000	-31.250	-0.025
12020.000	3.000	-7.812	-0.016
12030.000	3.000	-7.812	-0.016
12040.000	3.000	-7.812	-0.016
12050.000	3.000	11.719	-0.039
12060.000	3.000	11.719	-0.039
12070.000	3.000	11.719	-0.039
12080.000	3.000	-15.625	-0.014
12090.000	3.000	-15.625	-0.014
12100.000	3.000	-15.625	-0.014
12110.000	3.000	-19.531	-0.015
12120.000	3.000	-19.531	-0.015
12130.000	3.000	-19.531	-0.015
12140.000	3.000	-21.484	-0.007
12150.000	3.000	-21.484	-0.007
12160.000	3.000	-21.484	-0.007
12170.000	3.000	-13.672	-0.017
12180.000	3.000	-13.672	-0.017
12190.000	3.000	-13.672	-0.017
12200.000	3.000	-17.578	-0.033
12210.000	3.000	-17.578	-0.033
12220.000	3.000	-17.578	-0.033
12230.000	3.000	-19.531	-0.038
12240.000	3.000	-19.531	-0.038
12250.000	3.000	-19.531	-0.038
12260.000	3.000	-7.812	-0.026
12270.000	3.000	-7.812	-0.026
12280.000	3.000	-7.812	-0.026
12290.000	3.000	-35.156	-0.030
12300.000	3.000	-35.156	-0.030
12310.000	3.000	-35.156	-0.030
12320.000	3.000	0.000	-0.031
12330.000	3.000	0.000	-0.031
12340.000	3.000	0.000	-0.031
12350.000	3.000	-9.766	-0.011
12360.000	3.000	-9.766	-0.011
12370.000	3.000	-9.766	-0.011
12380.000	3.000	-48.828	-0.017
12390.000	3.000	-48.828	-0.017
12400.000	3.000	-48.828	-0.017
12410.000	3.000	3.906	-0.029
12420.000	3.000	3.906	-0.029
12430.000	3.000	3.906	-0.029
12440.000	3.000	-15.625	-0.024
12450.000	3.000	-15.625	-0.024
12460.000	3.000	-15.625	-0.024
12470.000	3.000	-37.109	-0.017
12480.000	3.000	-37.109	-0.017
12490.000	3.000	-37.109	-0.017
12500.000	3.000	-5.859	-0.022
12510.000	3.000	-5.859	-0.022
12520.000	3.000	-5.859	-0.022
12530.000	3.000	-7.812	-0.021
12540.000	3.000	-7.812	-0.021
12550.000	3.000	-7.812	-0.021
12560.000	3.000	-3.906	-0.012
12570.000	3.000	-3.906	-0.012
12580.000	3.000	-3.906	-0.012
12590.000	3.000	5.859	-0.032
12600.000	3.000	5.859	-0.032
12610.000	3.000	5.859	-0.032
12620.000	3.000	-7.812	-0.013
12630.000	3.000	-7.812	-0.013
12640.000	3.000	-7.812	-0.013
12650.000	3.000	-19.531	-0.022
12660.000	3.000	-19.531	-0.022
12670.000	3.000	-19.531	-0.022
12680.000	3.000	23.437	-0.038
12690.000	3.000	23.437	-0.038
12700.000	3.000	23.437	-0.038
12710.000	3.000	-23.437	-0.006
12720.000	3.000	-23.437	-0.006
12730.000	3.000	-23.437	-0.006
12740.000	3.000	-25.391	-0.005
12750.000	3.000	-25.391	-0.005
12760.000	3.000	-25.391	-0.005
12770.000	3.000	-3.906	-0.025
12780.000	3.000	-3.906	-0.025
12790.000	3.000	-3.906	-0.025
12800.000	3.000	3.906	-0.022
12810.000	3.000	3.906	-0.022
12820.000	3.000	3.906	-0.022
12830.000	3.000	-5.859	-0.036
12840.000	3.000	-5.859	-0.036
12850.000	3.000	-5.859	-0.036
12860.000	3.000	0.000	-0.010
12870.000	3.000	0.000	-0.010
12880.000	3.000	0.000	-0.010
12890.000	3.000	-11.719	-0.029
12900.000	3.000	-11.719	-0.029
12910.000	3.000	-11.719	-0.029
12920.000	3.000	-3.906	-0.004
12930.000	3.000	-3.906	-0.004
12940.000	3.000	-3.906	-0.004
12950.000	3.000	13.672	-0.002
12960.000	3.000	13.672	-0.002
12970.000	3.000	13.672	-0.002
12980.000	3.000	-9.766	-0.005
12990.000	3.000	-9.766	-0.005
13000.000	3.000	-9.766	-0.005
13010.000	3.000	-39.062	-0.017
13020.000	3.000	-39.062	-0.017
13030.000	3.000	-39.062	-0.017
13040.000	3.000	21.484	-0.034
13050.000	3.000	21.484	-0.034
13060.000	3.000	21.484	-0.034
13070.000	3.000	5.859	-0.026
13080.000	3.000	5.859	-0.026
13090.000	3.000	5.859	-0.026
13100.000	3.000	1.953	-0.021
13110.000	3.000	1.953	-0.021
13120.000	3.000	1.953	-0.021
13130.000	3.000	-31.250	-0.029
13140.000	3.000	-31.250	-0.029
13150.000	3.000	-31.250	-0.029
13160.000	3.000	-27.344	-0.022
13170.000	3.000	-27.344	-0.022
13180.000	3.000	-27.344	-0.022
13190.000	3.000	-7.812	-0.010
13200.000	3.000	-7.812	-0.010
13210.000	3.000	-7.812	-0.010
13220.000	3.000	-33.203	-0.025
13230.000	3.000	-33.203	-0.025
13240.000	3.000	-33.203	-0.025
13250.000	3.000	1.953	-0.023
13260.000	3.000	1.953	-0.023
13270.000	3.000	1.953	-0.023
13280.000	3.000	-27.344	-0.022
13290.000	3.000	-27.344	-0.022
13300.000	3.000	-27.344	-0.022
13310.000	3.000	7.812	-0.008
13320.000	3.000	7.812	-0.008
13330.000	3.000	7.812	-0.008
13340.000	3.000	-17.578	-0.015
13350.000	3.000	-17.578	-0.015
13360.000	3.000	-17.578	-0.015
13370.000	3.000	-3.906	0.001
13380.000	3.000	-3.906	0.001
13390.000	3.000	-3.906	0.001
13400.000	3.000	-9.766	-0.014
13410.000	3.000	-9.766	-0.014
13420.000	3.000	-9.766	-0.014
13430.000	3.000	-11.719	-0.011
13440.000	3.000	-11.719	-0.011
13450.000	3.000	-11.719	-0.011
13460.000	3.000	15.625	-0.034
13470.000	3.000	15.625	-0.034
13480.000	3.000	15.625	-0.034
13490.000	3.000	-5.859	0.000
13500.000	3.000	-5.859	0.000
13510.000	3.000	-5.859	0.000
13520.000	3.000	-29.297	-0.001
13530.000	3.000	-29.297	-0.001
13540.000	3.000	-29.297	-0.001
13550.000	3.000	-17.578	-0.006
13560.000	3.000	-17.578	-0.006
13570.000	3.000	-17.578	-0.006
13580.000	3.000	5.859	-0.019
13590.000	3.000	5.859	-0.019
13600.000	3.000	5.859	-0.019
13610.000	3.000	-39.062	-0.021
13620.000	3.000	-39.062	-0.021
13630.000	3.000	-39.062	-0.021
13640.000	3.000	-13.672	-0.024
13650.000	3.000	-13.672	-0.024
13660.000	3.000	-13.672	-0.024
13670.000	3.000	5.859	-0.028
13680.000	3.000	5.859	-0.028
13690.000	3.000	5.859	-0.028
13700.000	3.000	-5.859	-0.003
13710.000	3.000	-5.859	-0.003
13720.000	3.000	-5.859	-0.003
13730.000	3.000	-23.437	-0.024
13740.000	3.000	-23.437	-0.024
13750.000	3.000	-23.437	-0.024
13760.000	3.000	5.859	-0.028
13770.000	3.000	5.859	-0.028
13780.000	3.000	5.859	-0.028
13790.000	3.000	0.000	0.003
13800.000	3.000	0.000	0.003
13810.000	3.000	0.000	0.003
13820.000	3.000	-5.859	-0.031
13830.000	3.000	-5.859	-0.031
13840.000	3.000	-5.859	-0.031
13850.000	3.000	7.812	-0.028
13860.000	3.000	7.812	-0.028
13870.000	3.000	7.812	-0.028
13880.000	3.000	-25.391	-0.021
13890.000	3.000	-25.391	-0.021
13900.000	3.000	-25.391	-0.021
13910.000	3.000	-17.578	-0.008
13920.000	3.000	-17.578	-0.008
13930.000	3.000	-17.578	-0.008
13940.000	3.000	-7.812	-0.015
13950.000	3.000	-7.812	-0.015
13960.000	3.000	-7.812	-0.015
13970.000	3.000	-1.953	-0.002
13980.000	3.000	-1.953	-0.002
13990.000	3.000	-1.953	-0.002
14000.000	3.000	-3.906	-0.038
14010.000	3.000	-3.906	-0.038
14020.000	3.000	-3.906	-0.038
14030.000	3.000	-7.812	-0.017
14040.000	3.000	-7.812	-0.017
14050.000	3.000	-7.812	-0.017
14060.000	3.000	11.719	-0.042
14070.000	3.000	11.719	-0.042
14080.000	3.000	11.719	-0.042
14090.000	3.000	9.766	-0.015
14100.000	3.000	9.766	-0.015
14110.000	3.000	9.766	-0.015
14120.000	3.000	-35.156	-0.035
14130.000	3.000	-35.156	-0.035
14140.000	3.000	-35.156	-0.035
14150.000	3.000	-1.953	-0.022
14160.000	3.000	-1.953	-0.022
14170.000	3.000	-1.953	-0.022
14180.000	3.000	-9.766	-0.011
14190.000	3.000	-9.766	-0.011
14200.000	3.000	-9.766	-0.011
14210.000	3.000	19.531	-0.014
14220.000	3.000	19.531	-0.014
14230.000	3.000	19.531	-0.014
14240.000	3.000	-1.953	0.002
14250.000	3.000	-1.953	0.002
14260.000	3.000	-1.953	0.002
14270.000	3.000	-7.812	-0.007
14280.000	3.000	-7.812	-0.007
14290.000	3.000	-7.812	-0.007
14300.000	3.000	-23.437	-0.029
14310.000	3.000	-23.437	-0.029
14320.000	3.000	-23.437	-0.029
14330.000	3.000	11.719	-0.014
14340.000	3.000	11.719	-0.014
14350.000	3.000	11.719	-0.014
14360.000	3.000	-9.766	-0.013
14370.000	3.000	-9.766	-0.013
14380.000	3.000	-9.766	-0.013
14390.000	3.000	-39.062	-0.027
14400.000	3.000	-39.062	-0.027
14410.000	3.000	-39.062	-0.027
14420.000	3.000	-42.969	-0.031
14430.000	3.000	-42.969	-0.031
14440.000	3.000	-42.969	-0.031
14450.000	3.000	11.719	-0.020
14460.000	3.000	11.719	-0.020
14470.000	3.000	11.719	-0.020
14480.000	3.000	-11.719	-0.027
14490.000	3.000	-11.719	-0.027
14500.000	3.000	-11.719	-0.027
14510.000	3.000	-1.953	0.000
14520.000	3.000	-1.953	0.000
14530.000	3.000	-1.953	0.000
14540.000	3.000	-23.437	-0.035
14550.000	3.000	-23.437	-0.035
14560.000	3.000	-23.437	-0.035
14570.000	3.000	-13.672	-0.006
14580.000	3.000	-13.672	-0.006
14590.000	3.000	-13.672	-0.006
14600.000	3.000	-29.297	-0.024
14610.000	3.000	-29.297	-0.024
14620.000	3.000	-29.297	-0.024
14630.000	3.000	-19.531	-0.013
14640.000	3.000	-19.531	-0.013
14650.000	3.000	-19.531	-0.013
14660.000	3.000	-23.437	-0.041
14670.000	3.000	-23.437	-0.041
14680.000	3.000	-23.437	-0.041
14690.000	3.000	21.484	-0.041
14700.000	3.000	21.484	-0.041
14710.000	3.000	21.484	-0.041
14720.000	3.000	-9.766	-0.021
14730.000	3.000	-9.766	-0.021
14740.000	3.000	-9.766	-0.021
14750.000	3.000	-3.906	-0.021
14760.000	3.000	-3.906	-0.021
14770.000	3.000	-3.906	-0.021
14780.000	3.000	-23.437	-0.032
14790.000	3.000	-23.437	-0.032
14800.000	3.000	-23.437	-0.032
14810.000	3.000	-19.531	-0.034
14820.000	3.000	-19.531	-0.034
14830.000	3.000	-19.531	-0.034
14840.000	3.000	1.953	-0.022
14850.000	3.000	1.953	-0.022
14860.000	3.000	1.953	-0.022
14870.000	3.000	3.906	0.002
14880.000	3.000	3.906	0.002
14890.000	3.000	3.906	0.002
14900.000	3.000	3.906	-0.025
14910.000	3.000	3.906	-0.025
14920.000	3.000	3.906	-0.025
14930.000	3.000	13.672	-0.008
14940.000	3.000	13.672	-0.008
14950.000	3.000	13.672	-0.008
14960.000	3.000	9.766	-0.025
14970.000	3.000	9.766	-0.025
14980.000	3.000	9.766	-0.025
14990.000	3.000	9.766	-0.037
15000.000	3.000	9.766	-0.037
15010.000	3.000	9.766	-0.037
15020.000	3.000	-23.437	-0.034
