	%Time (s)	Temperature (C)	10/2/2019	10:56 AM
	0.000	22.359	93.753	23.965	22.446
	12.421	22.381	93.742	23.865	22.423
	13.837	22.373	93.711	23.859	22.459
	15.250	22.369	93.775	23.886	22.441
	16.664	22.382	93.780	23.906	22.431
	18.070	22.358	93.680	23.911	22.423
	19.483	22.355	93.668	23.922	22.430
	20.916	22.350	93.700	23.880	22.437
	22.341	22.393	93.698	23.914	22.472
	23.755	22.370	93.652	23.869	22.449
	25.169	22.395	93.685	23.882	22.465
	26.592	22.391	93.725	23.878	22.486
	28.014	22.403	93.730	23.862	22.467
	29.433	22.372	93.719	23.818	22.447
	30.844	22.369	93.674	23.842	22.423
	32.263	22.382	93.760	23.874	22.461
	33.668	22.377	93.696	23.863	22.440
	35.079	22.395	93.674	23.886	22.459
	36.497	22.377	93.711	23.886	22.444
	37.901	22.384	93.821	23.907	22.446
	39.311	22.368	93.706	23.886	22.453
	40.713	22.351	93.619	23.914	22.427
	42.118	22.362	93.721	23.929	22.434
	43.533	22.383	93.784	23.914	22.449
	44.952	22.396	93.625	23.912	22.451
	46.388	22.365	93.704	23.892	22.451
	47.805	22.387	93.745	23.858	22.449
	49.217	22.376	93.721	23.825	22.421
	50.634	22.366	93.559	23.835	22.424
	52.045	22.364	93.614	23.810	22.426
	53.456	22.382	93.724	23.804	22.437
	54.874	22.342	93.715	23.763	22.418
	56.292	22.371	93.715	23.766	22.418
	57.703	22.388	93.714	23.805	22.437
	59.129	22.386	93.659	23.797	22.434
	60.549	22.374	93.715	23.838	22.448
	61.982	22.365	93.691	23.858	22.437
	63.418	22.352	93.641	23.868	22.426
	64.858	22.399	93.577	23.882	22.464
	66.278	22.388	93.561	23.847	22.431
	67.687	22.356	93.590	23.840	22.424
	69.106	22.404	93.536	23.861	22.446
	70.516	22.382	93.598	23.855	22.414
	71.932	22.392	93.502	23.844	22.461
	73.356	22.356	93.500	23.810	22.424
	74.776	22.371	93.437	23.794	22.418
	76.186	22.368	93.496	23.802	22.433
	77.599	22.372	93.515	23.809	22.449
	79.009	22.365	93.449	23.793	22.441
	80.434	22.365	93.575	23.819	22.420
	81.843	22.385	93.509	23.851	22.452
	83.275	22.369	93.453	23.852	22.441
	84.703	22.381	93.602	23.849	22.447
	86.135	22.367	93.454	23.862	22.422
	87.557	22.381	93.578	23.858	22.415
	88.983	22.380	93.602	23.877	22.450
	90.418	22.395	93.530	23.876	22.410
	91.837	22.372	93.498	23.845	22.406
	93.266	22.373	93.612	23.861	22.436
	94.682	22.375	93.518	23.874	22.421
	96.121	22.390	93.597	23.864	22.443
	97.548	22.401	93.627	23.844	22.416
	98.966	22.373	93.420	23.841	22.416
	100.396	22.375	93.544	23.789	22.415
	101.815	22.380	93.588	23.732	22.419
	103.246	22.367	93.611	23.744	22.428
	104.650	22.373	93.633	23.725	22.426
	106.064	22.399	93.619	23.719	22.425
	107.481	22.350	93.566	23.738	22.401
	108.889	22.366	93.643	23.754	22.407
	110.309	22.375	93.603	23.724	22.394
	111.712	22.364	93.624	23.739	22.416
	113.126	22.388	93.674	23.743	22.424
	114.549	22.393	93.618	23.788	22.419
	115.971	22.397	93.652	23.782	22.431
	117.389	22.367	93.577	23.768	22.421
	118.811	22.365	93.587	23.763	22.425
	120.230	22.388	93.626	23.789	22.430
	121.639	22.387	93.596	23.805	22.446
	123.057	22.417	93.581	23.804	22.458
	124.484	22.364	93.627	23.768	22.406
	125.903	22.382	93.524	23.767	22.419
	127.322	22.396	93.643	23.791	22.424
	128.743	22.388	93.647	23.807	22.457
	130.172	22.380	93.618	23.831	22.400
	131.610	22.372	93.615	23.823	22.422
	133.042	22.390	93.637	23.845	22.420
	134.468	22.409	93.627	23.879	22.437
	135.887	22.383	93.575	23.862	22.420
	137.315	22.397	93.640	23.852	22.436
	138.734	22.404	93.584	23.863	22.437
	140.155	22.407	93.572	23.825	22.442
	141.573	22.429	93.657	23.838	22.453
	142.985	22.395	93.647	23.816	22.433
	144.418	22.396	93.652	23.801	22.422
	145.829	22.432	93.622	23.829	22.442
	147.249	22.377	93.570	23.812	22.399
	148.666	22.382	93.669	23.851	22.423
	150.092	22.383	93.681	23.845	22.426
	151.515	22.388	93.516	23.831	22.418
	152.944	22.391	93.653	23.824	22.416
	154.355	22.389	93.645	23.829	22.395
	155.766	22.383	93.575	23.828	22.419
	157.183	22.371	93.574	23.809	22.389
	158.612	22.399	93.624	23.809	22.406
	160.029	22.401	93.634	23.828	22.458
	161.430	22.369	93.649	23.811	22.398
	162.844	22.359	93.725	23.808	22.418
	164.258	22.395	93.615	23.841	22.409
	165.682	22.371	93.530	23.809	22.386
	167.107	22.379	93.600	23.783	22.390
	168.528	22.406	93.662	23.803	22.409
	169.941	22.389	93.672	23.782	22.402
	171.362	22.392	93.636	23.781	22.389
	172.779	22.405	93.680	23.770	22.410
	174.204	22.378	93.636	23.759	22.386
	175.636	22.397	93.633	23.756	22.399
	177.043	22.384	93.625	23.733	22.403
	178.458	22.382	93.624	23.719	22.397
	179.875	22.404	93.664	23.704	22.395
	181.312	22.388	93.531	23.713	22.377
	182.734	22.380	93.578	23.661	22.372
	184.152	22.385	93.632	23.697	22.389
	185.563	22.380	93.605	23.708	22.364
	186.980	22.397	93.649	23.711	22.409
	188.409	22.400	93.701	23.729	22.405
	189.826	22.390	93.685	23.725	22.404
	191.247	22.401	93.601	23.738	22.399
	192.668	22.383	93.594	23.731	22.387
	194.103	22.401	93.667	23.699	22.396
	195.533	22.394	93.561	23.698	22.399
	196.951	22.404	93.537	23.695	22.406
	198.352	22.412	93.631	23.690	22.395
	199.777	22.416	93.575	23.678	22.415
	201.191	22.406	93.644	23.674	22.390
	202.606	22.398	93.696	23.673	22.405
	204.030	22.398	93.615	23.690	22.384
	205.467	22.404	93.579	23.689	22.377
	206.868	22.370	93.560	23.697	22.377
	208.309	22.407	93.614	23.706	22.400
	209.730	22.415	93.627	23.746	22.416
	211.142	22.432	93.599	23.754	22.419
	212.560	22.428	93.665	23.752	22.408
	213.969	22.408	93.628	23.721	22.404
	215.390	22.403	93.670	23.719	22.420
	216.809	22.414	93.651	23.715	22.390
	218.214	22.417	93.673	23.753	22.404
	219.628	22.418	93.613	23.730	22.398
	221.044	22.397	93.532	23.700	22.394
	222.454	22.430	93.675	23.715	22.402
	223.873	22.401	93.512	23.668	22.404
	225.310	22.430	93.620	23.679	22.398
	226.731	22.416	93.590	23.699	22.390
	228.151	22.427	93.602	23.718	22.400
	229.562	22.419	93.611	23.736	22.390
	230.981	22.410	93.692	23.742	22.395
	232.408	22.445	93.697	23.787	22.424
	233.826	22.427	93.698	23.726	22.407
	235.228	22.441	93.622	23.717	22.410
	236.652	22.432	93.607	23.671	22.414
	238.062	22.429	93.644	23.644	22.408
	239.498	22.429	93.584	23.667	22.414
	240.918	22.437	93.629	23.714	22.442
	242.329	22.454	93.636	23.715	22.398
	243.748	22.461	93.658	23.737	22.413
	245.169	22.449	93.644	23.758	22.448
	246.572	22.649	93.679	23.783	22.675
	247.992	22.863	93.558	23.798	23.095
	249.401	22.959	93.553	23.787	23.111
	250.825	23.048	93.601	23.803	23.201
	252.248	23.083	93.537	23.812	23.222
	253.667	23.084	93.547	23.846	23.211
	255.078	23.111	93.577	23.797	23.202
	256.512	23.140	93.514	23.822	23.238
	257.938	23.176	93.613	23.819	23.251
	259.358	23.183	93.649	23.828	23.257
	260.776	23.256	93.616	23.829	23.326
	262.203	23.251	93.608	23.809	23.324
	263.619	23.315	93.618	23.842	23.398
	265.031	23.301	93.576	23.814	23.404
	266.432	23.364	93.604	23.804	23.439
	267.844	23.383	93.685	23.801	23.486
	269.263	23.429	93.679	23.809	23.502
	270.681	23.509	93.703	23.845	23.598
	272.092	23.529	93.671	23.850	23.622
	273.521	23.580	93.691	23.817	23.681
	274.931	23.620	93.644	23.797	23.685
	276.341	23.665	93.603	23.820	23.780
	277.754	23.693	93.615	23.775	23.824
	279.170	23.758	93.655	23.805	23.881
	280.590	23.834	93.580	23.780	23.935
	282.012	23.872	93.605	23.804	23.991
	283.421	23.908	93.610	23.797	24.027
	284.858	23.972	93.555	23.801	24.081
	286.289	24.048	93.646	23.812	24.174
	287.717	24.076	93.650	23.815	24.212
	289.141	24.123	93.527	23.819	24.264
	290.559	24.175	93.530	23.839	24.327
	291.963	24.237	93.584	23.841	24.379
	293.376	24.310	93.479	23.837	24.439
	294.798	24.355	93.503	23.868	24.494
	296.234	24.416	93.536	23.869	24.544
	297.657	24.463	93.510	23.913	24.613
	299.076	24.519	93.456	23.872	24.640
	300.478	24.557	93.352	23.874	24.696
	301.888	24.641	93.463	23.885	24.777
	303.293	24.700	93.416	23.846	24.820
	304.704	24.756	93.540	23.835	24.899
	306.126	24.769	93.316	23.794	24.899
	307.550	24.858	93.397	23.830	24.999
	308.968	24.893	93.334	23.798	25.040
	310.387	24.961	93.315	23.797	25.065
	311.796	25.006	93.348	23.801	25.137
	313.213	25.074	93.284	23.810	25.188
	314.625	25.118	93.192	23.823	25.229
	316.045	25.172	93.230	23.838	25.287
	317.463	25.203	93.226	23.823	25.322
	318.885	25.267	93.309	23.842	25.370
	320.296	25.292	93.138	23.847	25.418
	321.717	25.358	93.276	23.861	25.451
	323.137	25.373	93.161	23.870	25.504
	324.550	25.439	93.156	23.888	25.546
	325.969	25.471	93.261	23.905	25.577
	327.386	25.533	93.140	23.916	25.638
	328.810	25.590	93.106	23.918	25.690
	330.213	25.605	93.044	23.896	25.669
	331.626	25.654	93.095	23.903	25.738
	333.046	25.697	93.062	23.906	25.773
	334.467	25.720	92.885	23.879	25.808
	335.887	25.750	93.034	23.867	25.831
	337.296	25.804	93.028	23.870	25.885
	338.719	25.792	92.961	23.796	25.906
	340.136	25.878	92.894	23.794	25.936
	341.548	25.866	92.980	23.770	25.956
	342.984	25.935	92.913	23.809	26.011
	344.408	25.938	93.158	23.806	26.036
	345.827	25.996	92.968	23.799	26.048
	347.245	26.019	92.818	23.789	26.068
	348.656	26.046	92.806	23.818	26.113
	350.076	26.066	92.539	23.832	26.107
	351.485	26.116	92.631	23.848	26.178
	352.918	26.136	92.773	23.850	26.163
	354.350	26.133	92.847	23.843	26.177
	355.773	26.199	92.519	23.883	26.253
	357.187	26.213	92.726	23.858	26.246
	358.621	26.247	92.627	23.882	26.289
	360.046	26.254	92.711	23.903	26.311
	361.481	26.280	92.679	23.888	26.300
	362.921	26.311	92.544	23.897	26.347
	364.340	26.321	92.443	23.919	26.372
	365.750	26.322	92.311	23.903	26.355
	367.168	26.337	92.504	23.911	26.398
	368.606	26.350	92.668	23.904	26.367
	370.030	26.413	92.702	23.930	26.458
	371.430	26.381	92.670	23.889	26.427
	372.875	26.404	92.679	23.902	26.435
	374.296	26.458	92.543	23.900	26.482
	375.717	26.491	92.274	23.907	26.519
	377.119	26.485	92.552	23.892	26.501
	378.562	26.500	92.465	23.884	26.513
	379.998	26.522	92.505	23.865	26.535
	381.415	26.548	92.391	23.867	26.528
	382.829	26.540	92.372	23.829	26.528
	384.246	26.553	92.484	23.837	26.571
	385.659	26.576	92.362	23.846	26.582
	387.078	26.581	92.338	23.839	26.574
	388.494	26.599	92.264	23.819	26.604
	389.920	26.635	92.299	23.837	26.628
	391.356	26.601	92.194	23.825	26.610
	392.775	26.615	92.253	23.857	26.627
	394.186	26.655	92.267	23.871	26.664
	395.605	26.650	92.361	23.876	26.670
	397.044	26.664	92.207	23.903	26.648
	398.469	26.684	92.170	23.877	26.665
	399.888	26.699	91.890	23.881	26.676
	401.297	26.681	92.215	23.864	26.685
	402.717	26.706	92.114	23.859	26.690
	404.129	26.711	92.225	23.847	26.695
	405.557	26.740	92.275	23.855	26.722
	406.982	26.749	92.043	23.826	26.699
	408.407	26.720	92.015	23.829	26.699
	409.837	26.733	92.029	23.820	26.697
	411.246	26.745	91.943	23.816	26.723
	412.667	26.741	92.036	23.778	26.736
	414.078	26.780	91.725	23.812	26.781
	415.497	26.782	91.979	23.814	26.777
	416.916	26.781	91.870	23.789	26.755
	418.330	26.781	91.662	23.773	26.772
	419.749	26.794	91.886	23.773	26.766
	421.180	26.800	91.785	23.753	26.783
	422.597	26.819	91.684	23.775	26.803
	424.015	26.804	91.863	23.776	26.788
	425.433	26.829	91.726	23.794	26.795
	426.845	26.825	91.646	23.768	26.805
	428.285	26.830	91.563	23.788	26.830
	429.703	26.834	91.629	23.789	26.830
	431.121	26.846	91.637	23.787	26.846
	432.553	26.827	91.453	23.750	26.811
	433.969	26.830	91.654	23.754	26.807
	435.386	26.846	91.563	23.729	26.834
	436.797	26.839	91.426	23.715	26.837
	438.218	26.853	91.586	23.736	26.843
	439.639	26.835	91.702	23.725	26.864
	441.073	26.873	91.532	23.739	26.856
	442.485	26.880	91.799	23.729	26.855
	443.906	26.879	91.720	23.759	26.851
	445.327	26.867	91.391	23.743	26.850
	446.745	26.865	91.392	23.747	26.856
	448.156	26.877	91.308	23.714	26.852
	449.590	26.869	91.286	23.707	26.863
	451.013	26.882	90.838	23.736	26.871
	452.416	26.890	91.182	23.737	26.874
	453.827	26.892	91.371	23.725	26.889
	455.249	26.882	91.474	23.678	26.881
	456.671	26.889	91.539	23.689	26.889
	458.095	26.883	91.550	23.708	26.871
	459.512	26.879	91.095	23.658	26.890
	460.934	26.885	91.008	23.670	26.891
	462.361	26.892	91.189	23.663	26.879
	463.777	26.893	91.143	23.672	26.903
	465.197	26.915	91.042	23.678	26.912
	466.610	26.886	91.266	23.697	26.906
	468.026	26.911	91.399	23.726	26.915
	469.437	26.865	91.065	23.693	26.896
	470.856	26.938	91.045	23.748	26.931
	472.277	26.909	91.117	23.711	26.884
	473.687	26.898	91.211	23.735	26.913
	475.108	26.873	90.926	23.724	26.892
	476.526	26.885	90.819	23.687	26.892
	477.935	26.899	90.656	23.706	26.908
	479.356	26.911	90.566	23.714	26.911
	480.768	26.898	90.818	23.675	26.881
	482.187	26.892	90.926	23.669	26.893
	483.612	26.911	90.766	23.704	26.902
	485.031	26.928	90.714	23.710	26.881
	486.452	26.905	90.697	23.676	26.879
	487.870	26.894	90.602	23.700	26.904
	489.279	26.956	90.697	23.727	26.960
	490.698	26.938	90.078	23.731	26.932
	492.111	26.941	90.372	23.770	26.942
	493.532	26.901	90.281	23.719	26.886
	494.948	26.945	90.693	23.769	26.947
	496.358	26.926	90.775	23.762	26.936
	497.760	26.942	90.505	23.747	26.932
	499.170	26.940	90.349	23.810	26.937
	500.589	26.915	90.403	23.748	26.907
	501.999	26.944	90.522	23.784	26.934
	503.418	26.916	90.216	23.774	26.959
	504.826	26.931	90.328	23.739	26.902
	506.229	26.927	90.137	23.745	26.948
	507.651	26.952	90.289	23.747	26.945
	509.063	26.915	90.192	23.735	26.937
	510.480	26.945	90.197	23.776	26.940
	511.892	26.936	90.066	23.753	26.937
	513.311	26.915	89.940	23.772	26.950
	514.731	26.923	89.739	23.744	26.952
	516.151	26.910	89.844	23.763	26.949
	517.562	26.901	89.971	23.728	26.932
	518.979	26.908	89.869	23.734	26.931
	520.388	26.948	90.170	23.736	26.937
	521.789	26.883	89.516	23.684	26.911
	523.200	26.930	90.118	23.677	26.946
	524.610	26.926	90.037	23.683	26.948
	526.027	26.909	90.032	23.698	26.941
	527.437	26.922	90.042	23.707	26.950
	528.856	26.922	89.921	23.701	26.959
	530.267	26.925	89.793	23.729	26.931
	531.685	26.934	89.608	23.717	26.930
	533.094	26.922	89.163	23.721	26.951
	534.513	26.920	89.357	23.703	26.957
	535.918	26.940	89.249	23.705	26.978
	537.328	26.915	89.188	23.678	26.941
	538.744	26.918	89.341	23.683	26.957
	540.154	26.885	89.328	23.688	26.922
	541.574	26.893	89.379	23.713	26.956
	542.998	26.895	89.306	23.689	26.937
	544.408	26.893	89.128	23.719	26.951
	545.826	26.915	89.253	23.700	26.930
	547.247	26.932	89.302	23.729	26.957
	548.660	26.876	88.964	23.706	26.910
	550.073	26.900	89.135	23.776	26.927
	551.482	26.916	89.135	23.789	26.949
	552.890	26.875	89.086	23.762	26.926
	554.311	26.915	88.921	23.756	26.949
	555.712	26.898	88.993	23.768	26.943
	557.123	26.897	88.992	23.759	26.945
	558.533	26.913	89.180	23.781	26.956
	559.952	26.870	88.928	23.766	26.922
	561.354	26.883	89.098	23.759	26.925
	562.763	26.889	88.817	23.793	26.940
	564.166	26.883	88.663	23.763	26.941
	565.577	26.859	88.593	23.756	26.933
	566.994	26.864	88.751	23.767	26.938
	568.418	26.910	89.008	23.772	26.939
	569.829	26.887	88.792	23.737	26.925
	571.246	26.884	88.665	23.722	26.902
	572.656	26.870	88.413	23.740	26.912
	574.073	26.869	88.375	23.770	26.914
	575.484	26.864	88.441	23.748	26.911
	576.902	26.873	88.105	23.751	26.949
	578.311	26.871	88.625	23.754	26.914
	579.731	26.869	88.481	23.745	26.923
	581.139	26.843	88.411	23.726	26.915
	582.556	26.880	88.040	23.755	26.916
	583.983	26.864	88.084	23.713	26.899
	585.384	26.888	88.015	23.717	26.931
	586.808	26.898	87.702	23.706	26.934
	588.219	26.884	88.334	23.718	26.922
	589.654	26.888	88.221	23.741	26.962
	591.072	26.871	87.843	23.727	26.916
	592.481	26.865	87.764	23.727	26.914
	593.892	26.881	87.976	23.736	26.925
	595.309	26.843	87.943	23.722	26.889
	596.731	26.863	87.825	23.738	26.900
	598.142	26.852	87.829	23.756	26.908
	599.562	26.843	87.851	23.750	26.897
	600.980	26.847	87.645	23.728	26.893
	602.404	26.866	87.713	23.747	26.910
	603.808	26.876	87.556	23.730	26.905
	605.217	26.866	87.451	23.723	26.927
	606.651	26.835	87.489	23.684	26.877
	608.074	26.825	87.411	23.698	26.900
	609.485	26.802	87.319	23.667	26.870
	610.905	26.849	87.085	23.712	26.915
	612.326	26.842	87.084	23.728	26.900
	613.745	26.844	87.415	23.723	26.891
	615.156	26.872	86.920	23.686	26.894
	616.575	26.836	86.743	23.720	26.905
	617.987	26.854	86.979	23.734	26.903
	619.413	26.836	86.571	23.713	26.876
	620.824	26.843	87.065	23.726	26.900
	622.235	26.849	86.283	23.705	26.880
	623.656	26.838	87.099	23.715	26.887
	625.075	26.832	85.521	23.697	26.906
	626.484	26.864	86.526	23.712	26.902
	627.905	26.853	86.667	23.721	26.885
	629.324	26.819	86.337	23.702	26.875
	630.735	26.850	86.834	23.739	26.907
	632.153	26.849	86.616	23.706	26.884
	633.564	26.835	86.700	23.676	26.888
	634.982	26.851	86.399	23.723	26.895
	636.391	26.837	86.246	23.724	26.901
	637.811	26.838	86.176	23.732	26.916
	639.228	26.838	86.182	23.709	26.878
	640.653	26.828	86.446	23.743	26.908
	642.063	26.823	86.530	23.746	26.910
	643.482	26.829	86.435	23.742	26.885
	644.900	26.844	86.248	23.718	26.900
	646.311	26.843	86.126	23.727	26.904
	647.728	26.831	86.139	23.719	26.892
	649.158	26.825	86.239	23.739	26.891
	650.575	26.839	86.297	23.749	26.904
	651.986	26.829	85.687	23.749	26.888
	653.419	26.806	85.856	23.722	26.858
	654.840	26.805	85.786	23.715	26.869
	656.266	26.804	85.714	23.708	26.882
	657.683	26.793	85.589	23.706	26.870
	659.095	26.813	85.446	23.692	26.881
	660.514	26.822	85.555	23.710	26.875
	661.915	26.824	85.350	23.743	26.881
	663.328	26.818	85.674	23.740	26.889
	664.747	26.836	85.538	23.699	26.881
	666.170	26.794	85.453	23.704	26.855
	667.573	26.827	85.351	23.724	26.894
	668.982	26.803	85.405	23.699	26.870
	670.418	26.830	85.400	23.705	26.886
	671.848	26.816	85.292	23.707	26.867
	673.264	26.808	85.212	23.700	26.869
	674.683	26.806	85.236	23.725	26.847
	676.095	26.821	85.182	23.707	26.879
	677.520	26.785	85.143	23.693	26.885
	678.932	26.800	85.168	23.709	26.850
	680.359	26.790	85.274	23.699	26.838
	681.790	26.795	85.029	23.708	26.865
	683.211	26.802	84.914	23.716	26.874
	684.637	26.787	84.794	23.709	26.839
	686.057	26.784	84.626	23.717	26.890
	687.482	26.803	84.411	23.710	26.871
	688.906	26.780	84.563	23.710	26.867
	690.327	26.781	84.610	23.701	26.850
	691.744	26.812	84.664	23.668	26.850
	693.171	26.762	84.470	23.660	26.848
	694.571	26.782	84.518	23.697	26.869
	695.981	26.824	84.455	23.697	26.862
	697.393	26.798	84.347	23.672	26.863
	698.813	26.804	83.778	23.680	26.857
	700.231	26.783	84.340	23.683	26.875
	701.642	26.808	84.037	23.655	26.878
	703.060	26.793	84.090	23.654	26.852
	704.472	26.796	83.973	23.644	26.879
	705.892	26.777	83.795	23.663	26.846
	707.311	26.783	83.483	23.652	26.856
	708.730	26.763	83.840	23.650	26.830
	710.151	26.766	84.006	23.684	26.835
	711.578	26.764	84.183	23.671	26.840
	712.999	26.795	84.203	23.670	26.862
	714.418	26.790	84.223	23.665	26.847
	715.837	26.737	84.046	23.640	26.851
	717.251	26.778	83.828	23.669	26.855
	718.669	26.802	83.623	23.664	26.845
	720.079	26.791	83.566	23.692	26.863
	721.496	26.757	83.722	23.653	26.849
	722.935	26.786	83.485	23.684	26.857
	724.361	26.753	83.359	23.636	26.834
	725.782	26.771	83.693	23.622	26.833
	727.202	26.765	83.443	23.618	26.835
	728.623	26.788	83.226	23.625	26.847
	730.031	26.796	83.187	23.639	26.827
	731.450	26.767	82.885	23.654	26.850
	732.871	26.780	82.891	23.658	26.844
	734.280	26.782	82.821	23.653	26.833
	735.702	26.789	82.792	23.675	26.836
	737.123	26.763	82.746	23.658	26.826
	738.540	26.771	82.602	23.672	26.837
	739.955	26.762	82.933	23.668	26.855
	741.386	26.766	83.425	23.638	26.823
	742.806	26.734	83.116	23.645	26.820
	744.231	26.773	82.682	23.647	26.850
	745.634	26.778	82.730	23.628	26.839
	747.045	26.747	82.634	23.620	26.822
	748.465	26.787	82.882	23.664	26.829
	749.874	26.772	82.821	23.657	26.835
	751.295	26.750	82.832	23.655	26.836
	752.715	26.731	82.630	23.634	26.811
	754.119	26.743	82.516	23.630	26.810
	755.531	26.790	82.613	23.661	26.857
	756.965	26.772	82.631	23.644	26.827
	758.391	26.783	82.377	23.650	26.843
	759.810	26.758	82.537	23.620	26.813
	761.214	26.764	82.457	23.630	26.840
	762.627	26.732	82.333	23.593	26.814
	764.049	26.744	82.128	23.596	26.825
	765.466	26.769	82.183	23.629	26.847
	766.901	26.772	82.024	23.604	26.823
	768.327	26.740	81.675	23.602	26.806
	769.744	26.762	81.574	23.626	26.823
	771.171	26.759	81.418	23.588	26.831
	772.592	26.736	81.955	23.552	26.811
	774.012	26.753	81.556	23.603	26.834
	775.426	26.757	81.941	23.584	26.833
	776.856	26.751	82.155	23.603	26.824
	778.267	26.759	81.919	23.593	26.833
	779.684	26.766	82.033	23.613	26.822
	781.092	26.759	81.831	23.600	26.829
	782.510	26.758	81.945	23.621	26.817
	783.923	26.727	81.855	23.580	26.817
	785.343	26.735	81.814	23.638	26.831
	786.745	26.755	81.533	23.601	26.827
	788.157	26.732	81.099	23.625	26.810
	789.577	26.715	81.584	23.605	26.804
	790.985	26.756	81.725	23.640	26.847
	792.408	26.753	81.787	23.607	26.837
	793.826	26.744	81.465	23.624	26.852
	795.244	26.724	81.264	23.586	26.816
	796.659	26.743	81.366	23.632	26.855
	798.090	26.701	81.388	23.598	26.789
	799.518	26.715	81.020	23.618	26.830
	800.938	26.734	81.580	23.627	26.834
	802.356	26.720	81.370	23.603	26.810
	803.777	26.734	81.013	23.622	26.844
	805.203	26.728	80.890	23.618	26.840
	806.623	26.717	80.866	23.593	26.811
	808.041	26.707	80.624	23.559	26.802
	809.454	26.704	80.607	23.595	26.815
	810.873	26.706	80.484	23.595	26.813
	812.313	26.710	80.403	23.590	26.795
	813.729	26.712	80.618	23.601	26.787
	815.142	26.726	80.585	23.635	26.824
	816.558	26.705	80.781	23.591	26.784
	817.971	26.692	80.874	23.589	26.796
	819.388	26.709	80.864	23.618	26.817
	820.799	26.674	80.517	23.584	26.775
	822.217	26.669	80.356	23.590	26.805
	823.636	26.699	80.400	23.590	26.789
	825.066	26.676	80.454	23.632	26.814
	826.498	26.691	80.621	23.601	26.785
	827.919	26.689	80.775	23.618	26.790
	829.340	26.696	80.561	23.619	26.773
	830.744	26.688	80.281	23.599	26.795
	832.154	26.677	80.168	23.586	26.781
	833.589	26.683	80.027	23.582	26.775
	835.014	26.667	79.851	23.581	26.776
	836.432	26.640	79.972	23.586	26.771
	837.862	26.663	80.071	23.587	26.781
	839.278	26.663	79.760	23.564	26.771
	840.689	26.682	79.777	23.593	26.802
	842.110	26.656	79.987	23.546	26.777
	843.531	26.671	79.911	23.531	26.780
	844.944	26.669	79.366	23.565	26.777
	846.370	26.669	79.484	23.540	26.770
	847.781	26.672	79.905	23.532	26.767
	849.197	26.647	79.741	23.510	26.750
	850.610	26.649	79.725	23.526	26.763
	852.028	26.671	79.652	23.563	26.777
	853.432	26.662	79.783	23.533	26.766
	854.871	26.642	79.295	23.574	26.749
	856.308	26.641	79.299	23.564	26.766
	857.714	26.671	79.582	23.591	26.773
	859.137	26.639	79.668	23.572	26.773
	860.564	26.617	79.458	23.547	26.752
	861.982	26.635	79.103	23.543	26.743
	863.401	26.637	79.031	23.567	26.751
	864.812	26.647	79.163	23.588	26.744
	866.231	26.649	79.424	23.577	26.761
	867.654	26.606	79.279	23.573	26.741
	869.073	26.623	78.937	23.603	26.745
	870.483	26.634	78.848	23.591	26.762
	871.906	26.651	78.896	23.614	26.790
	873.344	26.644	78.797	23.622	26.746
	874.762	26.626	78.841	23.604	26.741
	876.182	26.628	78.815	23.621	26.760
	877.601	26.625	78.845	23.583	26.758
	879.015	26.658	78.796	23.603	26.752
	880.415	26.616	78.918	23.576	26.749
	881.835	26.624	78.508	23.592	26.749
	883.263	26.663	78.559	23.605	26.764
	884.671	26.623	78.429	23.619	26.762
	886.090	26.651	78.497	23.618	26.766
	887.509	26.617	78.312	23.579	26.748
	888.924	26.646	78.285	23.588	26.760
	890.357	26.630	78.092	23.540	26.745
	891.782	26.626	78.062	23.577	26.760
	893.203	26.638	78.120	23.567	26.758
	894.631	26.631	78.225	23.549	26.757
	896.047	26.650	78.233	23.561	26.771
	897.464	26.640	78.271	23.531	26.762
	898.884	26.622	78.303	23.552	26.737
	900.300	26.625	77.922	23.511	26.747
	901.717	26.637	77.964	23.520	26.754
	903.119	26.634	77.944	23.517	26.743
	904.529	26.620	77.934	23.530	26.742
	905.931	26.636	77.593	23.538	26.755
	907.355	26.601	77.885	23.562	26.741
	908.774	26.632	78.018	23.533	26.756
	910.185	26.599	77.996	23.511	26.747
	911.608	26.610	77.953	23.515	26.739
	913.032	26.632	77.409	23.524	26.742
	914.450	26.610	77.720	23.521	26.721
	915.875	26.625	77.752	23.542	26.739
	917.292	26.608	77.732	23.510	26.740
	918.703	26.636	77.757	23.524	26.749
	920.143	26.616	77.779	23.520	26.736
	921.559	26.613	77.472	23.536	26.724
	922.965	26.619	77.213	23.551	26.754
	924.375	26.629	77.163	23.542	26.721
	925.793	26.623	77.198	23.551	26.744
	927.219	26.629	77.263	23.559	26.730
	928.640	26.632	77.120	23.563	26.743
	930.059	26.615	76.955	23.568	26.739
	931.480	26.632	77.038	23.585	26.738
	932.885	26.622	77.180	23.580	26.744
	934.309	26.618	77.017	23.578	26.739
	935.744	26.624	77.089	23.641	26.721
	937.171	26.603	77.095	23.604	26.760
	938.594	26.621	77.064	23.607	26.740
	940.012	26.614	77.033	23.583	26.734
	941.424	26.609	76.832	23.595	26.726
	942.861	26.626	76.931	23.607	26.747
	944.282	26.633	76.903	23.606	26.722
	945.701	26.620	77.007	23.620	26.739
	947.115	26.607	76.980	23.626	26.719
	948.545	26.636	76.712	23.635	26.747
	949.948	26.614	76.809	23.627	26.726
	951.359	26.630	76.677	23.672	26.758
	952.778	26.617	76.858	23.641	26.733
	954.195	26.609	76.764	23.658	26.746
	955.623	26.614	76.865	23.616	26.716
	957.041	26.616	76.447	23.617	26.720
	958.473	26.629	76.659	23.603	26.727
	959.903	26.619	76.581	23.615	26.735
	961.314	26.629	76.225	23.610	26.724
	962.731	26.610	76.346	23.632	26.737
	964.140	26.623	76.178	23.625	26.760
	965.565	26.636	75.996	23.630	26.750
	966.982	26.618	76.003	23.622	26.732
	968.395	26.609	76.007	23.621	26.738
	969.808	26.599	76.147	23.581	26.737
	971.236	26.627	76.223	23.625	26.738
	972.650	26.605	75.998	23.572	26.697
	974.062	26.630	75.933	23.618	26.728
	975.482	26.607	75.772	23.583	26.713
	976.907	26.614	75.599	23.586	26.738
	978.324	26.608	75.747	23.545	26.721
	979.749	26.614	75.887	23.588	26.725
	981.188	26.575	75.933	23.543	26.707
	982.606	26.607	75.896	23.547	26.711
	984.026	26.599	75.871	23.553	26.716
	985.435	26.604	75.694	23.583	26.711
	986.870	26.590	75.679	23.581	26.735
	988.296	26.599	75.849	23.547	26.711
	989.715	26.586	75.229	23.572	26.706
	991.142	26.602	75.377	23.575	26.732
	992.562	26.625	75.728	23.594	26.744
	993.994	26.617	75.663	23.598	26.731
	995.420	26.635	75.786	23.613	26.746
	996.856	26.627	75.790	23.559	26.748
	998.284	26.584	75.567	23.510	26.717
	999.704	26.581	75.317	23.561	26.710
	1001.124	26.618	75.227	23.547	26.709
	1002.558	26.591	75.029	23.553	26.703
	1003.985	26.592	75.074	23.562	26.722
	1005.404	26.609	75.201	23.596	26.724
	1006.825	26.619	74.874	23.565	26.729
	1008.236	26.606	74.980	23.551	26.685
	1009.656	26.592	74.938	23.542	26.715
	1011.075	26.588	75.023	23.525	26.700
	1012.494	26.565	75.029	23.556	26.728
	1013.906	26.582	74.966	23.535	26.694
	1015.329	26.552	74.826	23.475	26.688
	1016.749	26.559	74.783	23.508	26.690
	1018.184	26.599	74.662	23.516	26.692
	1019.609	26.580	74.611	23.530	26.668
	1021.045	26.605	74.583	23.542	26.710
	1022.472	26.582	74.696	23.536	26.688
	1023.891	26.591	74.617	23.533	26.698
	1025.308	26.565	74.481	23.506	26.697
	1026.720	26.559	74.561	23.521	26.692
	1028.138	26.575	74.635	23.536	26.696
	1029.556	26.562	74.561	23.514	26.670
	1030.968	26.576	74.555	23.541	26.675
	1032.388	26.597	74.670	23.563	26.715
	1033.791	26.567	74.543	23.567	26.716
	1035.219	26.552	74.369	23.526	26.668
	1036.639	26.545	74.168	23.533	26.688
	1038.074	26.576	74.166	23.535	26.698
	1039.522	26.561	74.328	23.512	26.681
	1040.950	26.546	74.382	23.518	26.690
	1042.356	26.567	74.449	23.523	26.684
	1043.778	26.592	74.490	23.539	26.709
	1045.197	26.576	74.325	23.549	26.673
	1046.616	26.559	74.097	23.564	26.696
	1048.026	26.569	73.944	23.549	26.669
	1049.439	26.580	74.054	23.576	26.677
	1050.855	26.570	74.280	23.570	26.684
	1052.265	26.578	73.895	23.565	26.683
	1053.699	26.548	73.644	23.575	26.691
	1055.124	26.567	73.658	23.534	26.693
	1056.558	26.563	73.735	23.527	26.678
	1057.982	26.572	73.651	23.544	26.689
	1059.388	26.566	73.747	23.527	26.668
	1060.810	26.601	73.617	23.522	26.704
	1062.222	26.567	73.512	23.521	26.701
	1063.638	26.586	73.586	23.499	26.724
	1065.057	26.557	73.525	23.474	26.677
	1066.470	26.587	73.534	23.504	26.694
	1067.888	26.587	73.502	23.491	26.695
	1069.307	26.588	73.487	23.532	26.685
	1070.718	26.591	73.244	23.557	26.686
	1072.136	26.575	72.820	23.542	26.674
	1073.549	26.588	72.725	23.572	26.677
	1074.968	26.612	73.168	23.599	26.724
	1076.386	26.580	72.809	23.554	26.685
	1077.794	26.557	72.779	23.565	26.681
	1079.213	26.584	73.203	23.568	26.695
	1080.625	26.557	72.986	23.545	26.681
	1082.044	26.595	72.992	23.569	26.695
	1083.464	26.584	72.977	23.546	26.681
	1084.874	26.570	73.070	23.545	26.677
	1086.296	26.609	73.310	23.584	26.714
	1087.726	26.591	73.102	23.576	26.690
	1089.141	26.571	73.048	23.559	26.673
	1090.564	26.622	72.926	23.593	26.721
	1091.981	26.611	72.745	23.599	26.701
	1093.390	26.632	72.549	23.583	26.695
	1094.809	26.619	72.697	23.614	26.708
	1096.231	26.590	72.772	23.603	26.683
	1097.655	26.606	72.718	23.630	26.709
	1099.078	26.597	72.962	23.656	26.704
	1100.501	26.601	72.633	23.649	26.693
	1101.918	26.617	72.982	23.661	26.693
	1103.329	26.605	72.690	23.657	26.698
	1104.748	26.603	72.522	23.650	26.713
	1106.181	26.601	72.636	23.677	26.678
	1107.605	26.615	72.457	23.659	26.695
	1109.015	26.619	72.326	23.675	26.700
	1110.432	26.596	72.318	23.636	26.691
	1111.843	26.595	72.233	23.657	26.716
	1113.263	26.602	72.244	23.634	26.689
	1114.666	26.616	72.268	23.614	26.682
	1116.110	26.594	72.308	23.618	26.706
	1117.525	26.602	72.257	23.588	26.697
	1118.941	26.639	72.288	23.592	26.725
	1120.372	26.621	72.250	23.593	26.713
	1121.795	26.610	71.996	23.600	26.700
	1123.213	26.624	72.186	23.581	26.697
	1124.636	26.586	72.124	23.568	26.668
	1126.070	26.659	72.015	23.597	26.711
	1127.496	26.633	72.076	23.594	26.687
	1128.917	26.610	71.917	23.595	26.705
	1130.344	26.596	71.976	23.603	26.722
	1131.761	26.610	71.902	23.599	26.697
	1133.171	26.594	71.922	23.589	26.663
	1134.591	26.605	71.833	23.592	26.678
	1136.001	26.622	71.698	23.621	26.702
	1137.420	26.621	71.707	23.606	26.715
	1138.822	26.614	71.817	23.584	26.706
	1140.233	26.610	72.214	23.591	26.681
	1141.642	26.611	71.747	23.575	26.700
	1143.061	26.587	71.807	23.607	26.693
	1144.463	26.627	71.639	23.618	26.705
	1145.875	26.602	71.516	23.583	26.698
	1147.292	26.608	71.206	23.576	26.687
	1148.704	26.603	71.126	23.545	26.690
	1150.123	26.605	71.097	23.590	26.702
	1151.534	26.585	71.096	23.584	26.686
	1152.951	26.617	71.147	23.588	26.713
	1154.373	26.601	71.072	23.575	26.686
	1155.795	26.592	70.853	23.584	26.692
	1157.217	26.594	71.016	23.592	26.665
	1158.655	26.612	71.017	23.610	26.692
	1160.075	26.587	70.970	23.601	26.696
	1161.479	26.597	70.831	23.588	26.713
	1162.905	26.613	70.868	23.570	26.695
	1164.323	26.600	70.977	23.581	26.682
	1165.747	26.596	70.968	23.584	26.683
	1167.168	26.625	71.108	23.589	26.690
	1168.572	26.592	71.122	23.560	26.700
	1169.998	26.616	71.109	23.581	26.698
	1171.419	26.600	70.930	23.575	26.689
	1172.827	26.588	70.815	23.562	26.652
	1174.264	26.627	70.885	23.582	26.681
	1175.687	26.644	70.873	23.629	26.682
	1177.105	26.600	70.856	23.583	26.692
	1178.516	26.596	70.750	23.582	26.711
	1179.938	26.600	70.631	23.577	26.673
	1181.360	26.559	70.610	23.565	26.659
	1182.780	26.607	70.624	23.544	26.693
	1184.192	26.610	70.675	23.574	26.690
	1185.606	26.574	70.540	23.533	26.679
	1187.017	26.604	70.462	23.545	26.668
	1188.435	26.601	70.597	23.523	26.682
	1189.871	26.559	70.355	23.490	26.664
	1191.283	26.580	70.284	23.496	26.669
	1192.702	26.587	70.209	23.500	26.673
	1194.129	26.620	70.232	23.505	26.705
	1195.543	26.577	70.132	23.472	26.692
	1196.952	26.565	70.192	23.441	26.670
	1198.372	26.607	70.153	23.462	26.689
	1199.781	26.570	70.119	23.482	26.699
	1201.199	26.613	70.169	23.467	26.683
	1202.625	26.644	70.118	23.479	26.699
	1204.058	26.607	69.674	23.467	26.664
	1205.481	26.605	69.875	23.467	26.684
	1206.894	26.605	70.023	23.449	26.694
	1208.331	26.599	69.938	23.463	26.698
	1209.754	26.569	69.758	23.441	26.677
	1211.167	26.588	69.746	23.450	26.668
	1212.578	26.587	69.883	23.449	26.691
	1213.998	26.595	69.871	23.471	26.665
	1215.404	26.629	69.876	23.469	26.711
	1216.807	26.602	69.855	23.436	26.687
	1218.220	26.597	69.889	23.450	26.678
	1219.637	26.612	69.985	23.468	26.721
	1221.048	26.575	69.869	23.449	26.674
	1222.480	26.567	69.788	23.449	26.651
	1223.905	26.597	69.826	23.435	26.696
	1225.324	26.601	69.704	23.446	26.701
	1226.755	26.603	69.634	23.419	26.685
	1228.186	26.592	69.364	23.407	26.684
	1229.588	26.593	69.474	23.389	26.679
	1231.000	26.575	69.674	23.349	26.660
	1232.416	26.622	69.622	23.416	26.710
	1233.847	26.642	69.513	23.433	26.774
	1235.282	26.626	69.248	23.413	26.728
	1236.717	26.654	69.548	23.453	26.781
	1238.119	26.602	69.214	23.450	26.721
	1239.559	26.640	69.171	23.477	26.771
	1240.981	26.595	69.094	23.466	26.719
	1242.391	26.619	69.008	23.460	26.724
	1243.825	26.590	69.093	23.444	26.693
	1245.252	26.620	69.132	23.478	26.710
	1246.673	26.619	69.063	23.487	26.706
	1248.106	26.597	69.078	23.521	26.695
	1249.526	26.594	69.010	23.503	26.689
	1250.937	26.571	68.713	23.499	26.672
	1252.356	26.569	68.750	23.480	26.647
	1253.770	26.559	68.777	23.469	26.649
	1255.188	26.585	68.792	23.530	26.672
	1256.607	26.553	68.535	23.527	26.645
	1258.027	26.581	68.628	23.527	26.663
	1259.438	26.527	68.526	23.499	26.630
	1260.858	26.531	68.792	23.511	26.625
	1262.268	26.522	68.839	23.516	26.656
	1263.687	26.544	68.676	23.526	26.623
	1265.105	26.515	68.541	23.516	26.640
	1266.528	26.506	68.569	23.502	26.592
	1267.954	26.505	68.624	23.530	26.621
	1269.370	26.540	68.474	23.548	26.621
	1270.782	26.532	68.634	23.555	26.623
	1272.200	26.526	68.541	23.528	26.616
	1273.610	26.508	68.509	23.547	26.596
	1275.040	26.498	68.669	23.527	26.588
	1276.471	26.481	68.564	23.551	26.600
	1277.907	26.455	68.364	23.528	26.594
	1279.345	26.502	68.416	23.550	26.588
	1280.766	26.480	68.432	23.550	26.575
	1282.185	26.504	68.256	23.536	26.579
	1283.596	26.453	68.244	23.514	26.564
	1285.014	26.472	68.156	23.533	26.589
	1286.431	26.440	68.100	23.511	26.572
	1287.858	26.488	68.037	23.557	26.588
	1289.295	26.451	67.961	23.504	26.568
	1290.722	26.438	67.923	23.506	26.548
	1292.140	26.478	68.084	23.514	26.572
	1293.558	26.466	68.024	23.494	26.583
	1294.978	26.464	68.009	23.507	26.569
	1296.390	26.462	68.106	23.500	26.563
	1297.824	26.456	68.025	23.493	26.555
	1299.248	26.472	67.804	23.506	26.591
	1300.668	26.446	67.651	23.503	26.558
	1302.096	26.463	67.621	23.499	26.569
	1303.512	26.484	67.811	23.531	26.592
	1304.933	26.453	67.324	23.519	26.588
	1306.351	26.428	67.362	23.496	26.552
	1307.763	26.464	67.605	23.478	26.593
	1309.173	26.454	67.572	23.455	26.561
	1310.601	26.469	67.451	23.472	26.596
	1312.015	26.457	67.362	23.475	26.579
	1313.433	26.461	67.360	23.461	26.577
	1314.857	26.449	67.320	23.474	26.585
	1316.279	26.464	67.438	23.481	26.553
	1317.688	26.455	67.316	23.504	26.575
	1319.121	26.442	67.284	23.514	26.537
	1320.545	26.468	67.420	23.498	26.560
	1321.965	26.442	67.280	23.482	26.558
	1323.379	26.438	67.347	23.489	26.561
	1324.796	26.423	67.319	23.487	26.557
	1326.217	26.430	67.385	23.502	26.552
	1327.637	26.452	67.240	23.479	26.556
	1329.047	26.449	67.088	23.490	26.576
	1330.473	26.427	66.827	23.470	26.554
	1331.892	26.442	66.927	23.480	26.557
	1333.309	26.422	66.992	23.469	26.550
	1334.731	26.444	67.057	23.465	26.556
	1336.140	26.457	66.865	23.483	26.552
	1337.558	26.415	66.870	23.449	26.521
	1338.972	26.447	66.956	23.472	26.554
	1340.397	26.437	66.892	23.476	26.559
	1341.806	26.424	66.863	23.477	26.525
	1343.267	26.445	66.892	23.503	26.575
	1344.685	26.461	66.921	23.492	26.581
	1346.094	26.448	66.947	23.475	26.542
	1347.513	26.443	66.885	23.490	26.556
	1348.933	26.447	66.814	23.443	26.559
	1350.358	26.428	66.832	23.415	26.572
	1351.777	26.435	66.618	23.428	26.566
	1353.189	26.428	66.525	23.375	26.558
	1354.606	26.448	66.609	23.436	26.584
	1356.027	26.409	66.513	23.388	26.557
	1357.444	26.437	66.504	23.377	26.542
	1358.855	26.445	66.564	23.386	26.560
	1360.267	26.452	66.547	23.402	26.602
	1361.683	26.441	66.268	23.386	26.573
	1363.093	26.454	66.295	23.401	26.578
	1364.512	26.411	66.274	23.362	26.543
	1365.922	26.432	66.396	23.386	26.555
	1367.339	26.460	66.523	23.424	26.602
	1368.749	26.428	66.502	23.422	26.592
	1370.169	26.424	66.437	23.414	26.574
	1371.597	26.441	66.362	23.439	26.575
	1373.014	26.447	66.226	23.442	26.591
	1374.432	26.419	66.244	23.438	26.549
	1375.845	26.422	66.192	23.449	26.573
	1377.264	26.449	66.175	23.476	26.591
	1378.684	26.455	66.233	23.460	26.589
	1380.094	26.401	66.103	23.439	26.515
	1381.512	26.427	66.092	23.452	26.553
	1382.922	26.441	65.770	23.466	26.571
	1384.340	26.429	65.914	23.455	26.534
	1385.762	26.423	66.016	23.446	26.545
	1387.173	26.421	65.934	23.445	26.576
	1388.591	26.420	65.967	23.432	26.559
	1390.010	26.404	65.910	23.449	26.531
	1391.432	26.390	65.818	23.375	26.538
	1392.858	26.416	65.706	23.437	26.535
	1394.278	26.435	65.601	23.435	26.571
	1395.687	26.397	65.507	23.406	26.543
	1397.107	26.418	65.529	23.435	26.559
	1398.518	26.435	65.456	23.453	26.554
	1399.935	26.443	65.622	23.470	26.555
	1401.345	26.411	65.602	23.450	26.540
	1402.764	26.416	65.579	23.453	26.558
	1404.184	26.424	65.335	23.455	26.531
	1405.605	26.415	65.272	23.459	26.566
	1407.042	26.402	65.281	23.436	26.563
	1408.456	26.406	65.296	23.407	26.530
	1409.875	26.430	65.458	23.464	26.551
	1411.314	26.427	65.409	23.418	26.548
	1412.733	26.418	65.219	23.440	26.551
	1414.168	26.412	65.264	23.427	26.524
	1415.588	26.405	65.354	23.436	26.539
	1417.015	26.408	65.318	23.427	26.558
	1418.431	26.418	65.303	23.424	26.551
	1419.844	26.436	65.325	23.412	26.556
	1421.264	26.437	65.212	23.425	26.580
	1422.684	26.423	65.238	23.427	26.549
	1424.095	26.446	65.264	23.390	26.576
	1425.512	26.428	65.286	23.416	26.550
	1426.922	26.408	65.229	23.404	26.538
	1428.340	26.400	65.097	23.428	26.535
	1429.751	26.417	64.928	23.458	26.547
	1431.170	26.433	64.815	23.439	26.555
	1432.580	26.413	64.932	23.465	26.550
	1433.999	26.409	64.949	23.432	26.536
	1435.420	26.414	64.784	23.436	26.526
	1436.829	26.441	64.733	23.442	26.564
	1438.246	26.422	64.763	23.452	26.568
	1439.658	26.436	64.800	23.452	26.571
	1441.077	26.429	64.665	23.444	26.567
	1442.478	26.450	64.589	23.462	26.560
	1443.887	26.421	64.567	23.449	26.539
	1445.296	26.426	64.621	23.425	26.556
	1446.717	26.428	64.499	23.450	26.549
	1448.120	26.408	64.532	23.407	26.526
	1449.530	26.438	64.608	23.461	26.580
	1450.949	26.393	64.602	23.414	26.556
	1452.353	26.398	64.372	23.424	26.536
	1453.777	26.405	64.065	23.430	26.533
	1455.191	26.431	64.397	23.401	26.565
	1456.608	26.436	64.412	23.429	26.564
	1458.028	26.414	64.382	23.412	26.542
	1459.453	26.446	64.437	23.438	26.577
	1460.874	26.407	64.220	23.417	26.528
	1462.294	26.403	64.171	23.425	26.545
	1463.716	26.400	64.051	23.429	26.535
	1465.139	26.420	64.323	23.423	26.536
	1466.564	26.418	64.383	23.450	26.526
	1467.980	26.397	64.401	23.429	26.528
	1469.395	26.406	64.419	23.435	26.518
	1470.813	26.402	64.325	23.440	26.520
	1472.230	26.390	64.399	23.444	26.536
	1473.642	26.411	64.357	23.471	26.521
	1475.056	26.393	64.079	23.447	26.520
	1476.480	26.416	63.938	23.421	26.537
	1477.906	26.391	63.859	23.413	26.510
	1479.321	26.391	64.061	23.416	26.518
	1480.746	26.431	63.990	23.453	26.544
	1482.167	26.401	63.925	23.430	26.526
	1483.605	26.439	63.700	23.453	26.544
	1485.029	26.415	63.698	23.447	26.563
	1486.466	26.371	63.660	23.443	26.512
	1487.893	26.413	63.706	23.463	26.528
	1489.311	26.402	63.760	23.452	26.518
	1490.747	26.402	63.749	23.452	26.546
	1492.178	26.401	63.698	23.453	26.560
