  
       XFOIL         Version 6.99
  
 Calculated polar for: NACA 7534                                       
  
 1 1 Reynolds number fixed          Mach number fixed         
  
 xtrf =   1.000 (top)        1.000 (bottom)  
 Mach =   0.050     Re =     0.200 e 6     Ncrit =   9.000
  
   alpha    CL        CD       CDp       CM     Top_Xtr  Bot_Xtr
  ------ -------- --------- --------- -------- -------- --------
  -2.000   0.2960   0.02728   0.01867  -0.1301   0.6274   0.2995
  -1.500   0.2429   0.03026   0.02173  -0.1141   0.6124   0.3038
  -1.000   0.3439   0.02858   0.02004  -0.1215   0.6091   0.3181
  -0.500   0.3002   0.03208   0.02365  -0.1081   0.5945   0.3236
   0.000   0.3903   0.03055   0.02209  -0.1135   0.5908   0.3385
   0.500   0.4987   0.02889   0.02025  -0.1219   0.5877   0.3563
   1.000   0.4340   0.03328   0.02491  -0.1061   0.5723   0.3609
   1.500   0.5380   0.03145   0.02290  -0.1133   0.5696   0.3794
   2.500   0.5714   0.03490   0.02652  -0.1050   0.5512   0.4053
   3.000   0.6814   0.03270   0.02427  -0.1129   0.5488   0.4286
   3.500   0.5165   0.04468   0.03663  -0.0886   0.5242   0.4246
   4.000   0.6376   0.04058   0.03248  -0.0963   0.5253   0.4513
   5.000   0.7248   0.04215   0.03414  -0.0957   0.5119   0.4931
   5.500   0.8368   0.03922   0.03115  -0.1030   0.5105   0.5260
   6.500   0.8480   0.04534   0.03753  -0.0945   0.4922   0.5716
