  
       XFOIL         Version 6.99
  
 Calculated polar for: NACA 3410                                       
  
 1 1 Reynolds number fixed          Mach number fixed         
  
 xtrf =   1.000 (top)        1.000 (bottom)  
 Mach =   0.050     Re =     0.200 e 6     Ncrit =   9.000
  
   alpha    CL        CD       CDp       CM     Top_Xtr  Bot_Xtr
  ------ -------- --------- --------- -------- -------- --------
  -2.000   0.1251   0.01201   0.00539  -0.0842   0.9280   0.3618
  -1.500   0.1801   0.01036   0.00510  -0.0833   0.9126   0.7091
  -1.000   0.2733   0.00960   0.00473  -0.0887   0.8993   1.0000
  -0.500   0.3268   0.00942   0.00431  -0.0876   0.8745   1.0000
   0.000   0.3804   0.00928   0.00394  -0.0864   0.8488   1.0000
   0.500   0.4329   0.00924   0.00369  -0.0850   0.8200   1.0000
   1.000   0.4848   0.00932   0.00358  -0.0835   0.7884   1.0000
   1.500   0.5367   0.00949   0.00355  -0.0822   0.7552   1.0000
   2.000   0.5889   0.00973   0.00362  -0.0810   0.7220   1.0000
   2.500   0.6411   0.01004   0.00377  -0.0799   0.6898   1.0000
   3.000   0.6932   0.01040   0.00401  -0.0789   0.6589   1.0000
   3.500   0.7453   0.01081   0.00432  -0.0779   0.6292   1.0000
   4.000   0.7971   0.01123   0.00468  -0.0769   0.5997   1.0000
   4.500   0.8480   0.01166   0.00506  -0.0757   0.5680   1.0000
   5.000   0.8975   0.01211   0.00541  -0.0742   0.5318   1.0000
   5.500   0.9460   0.01256   0.00588  -0.0726   0.4925   1.0000
   6.000   0.9934   0.01308   0.00637  -0.0709   0.4496   1.0000
   6.500   1.0384   0.01370   0.00695  -0.0688   0.3949   1.0000
   7.000   1.0778   0.01474   0.00773  -0.0660   0.3055   1.0000
   7.500   1.1030   0.01726   0.00937  -0.0617   0.1574   1.0000
   8.000   1.1264   0.02011   0.01173  -0.0571   0.0876   1.0000
   8.500   1.1506   0.02267   0.01419  -0.0525   0.0670   1.0000
   9.000   1.1755   0.02509   0.01665  -0.0481   0.0562   1.0000
   9.500   1.2013   0.02734   0.01909  -0.0438   0.0493   1.0000
  10.000   1.2275   0.03042   0.02222  -0.0401   0.0440   1.0000
