  
       XFOIL         Version 6.99
  
 Calculated polar for: NACA 6118                                       
  
 1 1 Reynolds number fixed          Mach number fixed         
  
 xtrf =   1.000 (top)        1.000 (bottom)  
 Mach =   0.050     Re =     0.200 e 6     Ncrit =   9.000
  
   alpha    CL        CD       CDp       CM     Top_Xtr  Bot_Xtr
  ------ -------- --------- --------- -------- -------- --------
  -2.000   0.3795   0.02926   0.02208  -0.0771   0.5483   0.0370
  -1.500   0.4226   0.02763   0.01996  -0.0741   0.5073   0.0403
  -1.000   0.4658   0.02715   0.01890  -0.0706   0.4566   0.0435
  -0.500   0.5005   0.02554   0.01680  -0.0668   0.3835   0.0468
   0.000   0.5214   0.02571   0.01602  -0.0605   0.2526   0.0496
   0.500   0.5515   0.02582   0.01554  -0.0557   0.2052   0.0541
   1.000   0.5876   0.02541   0.01488  -0.0521   0.1927   0.0609
   1.500   0.6239   0.02500   0.01428  -0.0485   0.1858   0.0717
   2.000   0.6571   0.02426   0.01340  -0.0449   0.1809   0.1053
   2.500   0.6980   0.02347   0.01283  -0.0425   0.1779   0.1259
   3.000   0.7397   0.02351   0.01296  -0.0402   0.1751   0.1357
   3.500   0.7838   0.02419   0.01350  -0.0382   0.1727   0.1328
   4.000   0.8284   0.02534   0.01446  -0.0362   0.1705   0.1114
   4.500   0.8768   0.02667   0.01556  -0.0350   0.1681   0.0906
   5.000   0.9286   0.02775   0.01648  -0.0348   0.1665   0.0870
   5.500   0.9761   0.02868   0.01731  -0.0340   0.1656   0.0894
   6.000   1.0237   0.02975   0.01829  -0.0333   0.1647   0.0984
   6.500   1.0713   0.02924   0.01980  -0.0326   0.1639   1.0000
   7.000   1.1161   0.03072   0.02122  -0.0317   0.1631   1.0000
   7.500   1.1593   0.03233   0.02279  -0.0308   0.1625   1.0000
   8.000   1.2004   0.03410   0.02457  -0.0298   0.1619   1.0000
   8.500   1.2386   0.03604   0.02656  -0.0286   0.1615   1.0000
   9.000   1.2729   0.03819   0.02882  -0.0270   0.1611   1.0000
   9.500   1.3018   0.04062   0.03139  -0.0250   0.1609   1.0000
  10.000   1.3234   0.04342   0.03440  -0.0225   0.1607   1.0000
