  
       XFOIL         Version 6.99
  
 Calculated polar for: NACA 6412                                       
  
 1 1 Reynolds number fixed          Mach number fixed         
  
 xtrf =   1.000 (top)        1.000 (bottom)  
 Mach =   0.050     Re =     0.200 e 6     Ncrit =   9.000
  
   alpha    CL        CD       CDp       CM     Top_Xtr  Bot_Xtr
  ------ -------- --------- --------- -------- -------- --------
  -2.000   0.4679   0.01442   0.00664  -0.1542   0.7953   0.1330
  -1.500   0.5240   0.01383   0.00602  -0.1539   0.7751   0.1644
  -1.000   0.5804   0.01340   0.00557  -0.1537   0.7551   0.2080
  -0.500   0.6348   0.01306   0.00532  -0.1533   0.7332   0.2669
   0.000   0.6885   0.01268   0.00517  -0.1529   0.7113   0.3631
   0.500   0.7389   0.01131   0.00510  -0.1510   0.6912   1.0000
   1.000   0.7938   0.01164   0.00509  -0.1506   0.6716   1.0000
   1.500   0.8473   0.01201   0.00522  -0.1501   0.6524   1.0000
   2.000   0.9011   0.01243   0.00544  -0.1497   0.6353   1.0000
   2.500   0.9550   0.01287   0.00571  -0.1494   0.6198   1.0000
   3.000   1.0092   0.01335   0.00604  -0.1492   0.6057   1.0000
   3.500   1.0634   0.01385   0.00642  -0.1490   0.5927   1.0000
   4.000   1.1154   0.01436   0.00692  -0.1484   0.5797   1.0000
   4.500   1.1678   0.01493   0.00749  -0.1480   0.5677   1.0000
   5.000   1.2213   0.01553   0.00805  -0.1478   0.5568   1.0000
   5.500   1.2738   0.01610   0.00864  -0.1474   0.5454   1.0000
   6.000   1.3235   0.01675   0.00940  -0.1466   0.5338   1.0000
   6.500   1.3746   0.01742   0.01013  -0.1460   0.5227   1.0000
   7.000   1.4279   0.01807   0.01078  -0.1457   0.5114   1.0000
   7.500   1.4733   0.01869   0.01161  -0.1441   0.4984   1.0000
   8.000   1.5177   0.01916   0.01214  -0.1421   0.4814   1.0000
   8.500   1.5520   0.01947   0.01254  -0.1381   0.4580   1.0000
   9.000   1.5868   0.01999   0.01321  -0.1345   0.4388   1.0000
   9.500   1.6171   0.02057   0.01395  -0.1301   0.4187   1.0000
  10.000   1.6377   0.02130   0.01481  -0.1240   0.3968   1.0000
