  
       XFOIL         Version 6.99
  
 Calculated polar for: NACA 8504                                       
  
 1 1 Reynolds number fixed          Mach number fixed         
  
 xtrf =   1.000 (top)        1.000 (bottom)  
 Mach =   0.050     Re =     0.200 e 6     Ncrit =   9.000
  
   alpha    CL        CD       CDp       CM     Top_Xtr  Bot_Xtr
  ------ -------- --------- --------- -------- -------- --------
  -2.000   0.5349   0.03302   0.02847  -0.2018   0.8833   0.0554
  -1.500   0.6974   0.02228   0.01599  -0.2265   0.8869   0.0235
  -1.000   0.7904   0.01890   0.01175  -0.2343   0.8852   0.0421
  -0.500   0.8689   0.01719   0.01023  -0.2391   0.8822   0.1877
   0.500   0.9865   0.01556   0.00982  -0.2407   0.8689   1.0000
   1.000   1.0386   0.01582   0.00993  -0.2401   0.8590   1.0000
   1.500   1.1034   0.01542   0.00946  -0.2417   0.8545   1.0000
   2.000   1.1536   0.01573   0.00990  -0.2407   0.8436   1.0000
   2.500   1.2053   0.01597   0.01028  -0.2400   0.8332   1.0000
   3.000   1.2608   0.01591   0.01047  -0.2397   0.8229   1.0000
   3.500   1.2685   0.01401   0.00621  -0.2216   0.4294   1.0000
   4.000   1.2416   0.02025   0.01043  -0.2066   0.0260   1.0000
   4.500   1.2518   0.02319   0.01383  -0.1979   0.0159   1.0000
   5.000   1.2639   0.02645   0.01731  -0.1897   0.0148   1.0000
   5.500   1.3346   0.03272   0.02358  -0.1903   0.0168   1.0000
