  
       XFOIL         Version 6.99
  
 Calculated polar for: NACA 7722                                       
  
 1 1 Reynolds number fixed          Mach number fixed         
  
 xtrf =   1.000 (top)        1.000 (bottom)  
 Mach =   0.050     Re =     0.200 e 6     Ncrit =   9.000
  
   alpha    CL        CD       CDp       CM     Top_Xtr  Bot_Xtr
  ------ -------- --------- --------- -------- -------- --------
  -2.000   0.3054   0.03649   0.02937  -0.1837   0.7999   0.3108
  -1.500   0.3568   0.03615   0.02910  -0.1833   0.7859   0.3312
  -1.000   0.4395   0.03496   0.02796  -0.1876   0.7835   0.3572
  -0.500   0.4903   0.03461   0.02769  -0.1870   0.7691   0.3792
   0.500   0.6223   0.03279   0.02602  -0.1899   0.7522   0.4299
   1.500   0.7518   0.03061   0.02400  -0.1920   0.7352   0.4823
   2.500   0.8922   0.02793   0.02143  -0.1954   0.7170   0.5371
   3.000   0.9611   0.02685   0.02039  -0.1970   0.7030   0.5637
   3.500   1.0439   0.02531   0.01883  -0.2009   0.6898   0.5912
   4.000   1.1317   0.02393   0.01735  -0.2057   0.6743   0.6174
   4.500   1.1986   0.02370   0.01705  -0.2072   0.6536   0.6392
   5.000   1.2524   0.02407   0.01735  -0.2066   0.6321   0.6588
   5.500   1.2996   0.02468   0.01790  -0.2051   0.6111   0.6778
   6.000   1.3438   0.02541   0.01855  -0.2030   0.5910   0.6971
   6.500   1.3864   0.02616   0.01923  -0.2009   0.5716   0.7163
   7.000   1.4291   0.02690   0.01988  -0.1988   0.5527   0.7349
   7.500   1.4565   0.02810   0.02111  -0.1943   0.5336   0.7528
   8.000   1.4848   0.02932   0.02236  -0.1900   0.5150   0.7706
   8.500   1.5140   0.03056   0.02363  -0.1861   0.4970   0.7883
   9.500   1.5766   0.03296   0.02604  -0.1792   0.4622   0.8246
  10.000   1.6075   0.03419   0.02724  -0.1758   0.4452   0.8440
