  
       XFOIL         Version 6.99
  
 Calculated polar for: NACA 3528                                       
  
 1 1 Reynolds number fixed          Mach number fixed         
  
 xtrf =   1.000 (top)        1.000 (bottom)  
 Mach =   0.050     Re =     0.200 e 6     Ncrit =   9.000
  
   alpha    CL        CD       CDp       CM     Top_Xtr  Bot_Xtr
  ------ -------- --------- --------- -------- -------- --------
  -2.000   0.1245   0.01859   0.01046  -0.0813   0.6743   0.4196
  -1.500   0.1666   0.01843   0.01037  -0.0786   0.6596   0.4363
  -1.000   0.2151   0.01838   0.01028  -0.0772   0.6463   0.4550
  -0.500   0.2686   0.01827   0.01011  -0.0766   0.6333   0.4749
   0.000   0.3100   0.01827   0.01025  -0.0739   0.6193   0.4940
   0.500   0.3685   0.01821   0.01013  -0.0743   0.6071   0.5159
   1.000   0.4061   0.01824   0.01025  -0.0708   0.5932   0.5373
   1.500   0.4548   0.01835   0.01035  -0.0694   0.5807   0.5611
   2.000   0.5020   0.01839   0.01040  -0.0677   0.5679   0.5861
   2.500   0.5421   0.01856   0.01071  -0.0648   0.5551   0.6121
   3.000   0.6004   0.01864   0.01075  -0.0652   0.5433   0.6414
   3.500   0.6270   0.01887   0.01118  -0.0598   0.5305   0.6705
   4.000   0.6798   0.01907   0.01138  -0.0592   0.5191   0.7044
   4.500   0.7048   0.01928   0.01181  -0.0534   0.5069   0.7392
   5.000   0.7474   0.01964   0.01230  -0.0509   0.4956   0.7791
   5.500   0.7814   0.02003   0.01280  -0.0467   0.4840   0.8249
   6.000   0.8142   0.02067   0.01360  -0.0423   0.4729   0.8729
   6.500   0.8625   0.02129   0.01420  -0.0406   0.4617   0.9200
   7.000   0.9174   0.02246   0.01543  -0.0414   0.4493   0.9589
   7.500   1.0111   0.02343   0.01621  -0.0495   0.4371   0.9783
   8.000   1.0897   0.02465   0.01744  -0.0560   0.4239   0.9954
   8.500   1.1031   0.02523   0.01797  -0.0506   0.4141   1.0000
   9.000   1.1017   0.02574   0.01840  -0.0421   0.4047   1.0000
   9.500   1.1158   0.02669   0.01930  -0.0364   0.3951   1.0000
  10.000   1.1375   0.02767   0.02020  -0.0322   0.3851   1.0000
