  
       XFOIL         Version 6.99
  
 Calculated polar for: NACA 1706                                       
  
 1 1 Reynolds number fixed          Mach number fixed         
  
 xtrf =   1.000 (top)        1.000 (bottom)  
 Mach =   0.050     Re =     0.200 e 6     Ncrit =   9.000
  
   alpha    CL        CD       CDp       CM     Top_Xtr  Bot_Xtr
  ------ -------- --------- --------- -------- -------- --------
  -2.000  -0.1421   0.00801   0.00288  -0.0276   1.0000   0.8026
  -1.500  -0.0897   0.00762   0.00263  -0.0256   1.0000   1.0000
  -1.000  -0.0365   0.00767   0.00244  -0.0257   1.0000   1.0000
  -0.500   0.0163   0.00778   0.00239  -0.0256   1.0000   1.0000
   0.000   0.0688   0.00795   0.00246  -0.0254   1.0000   1.0000
   0.500   0.1211   0.00816   0.00266  -0.0252   1.0000   1.0000
   1.000   0.1729   0.00844   0.00298  -0.0251   1.0000   1.0000
   1.500   0.2242   0.00880   0.00344  -0.0250   1.0000   1.0000
   2.000   0.3352   0.00886   0.00379  -0.0366   0.9720   1.0000
   2.500   0.4362   0.00803   0.00332  -0.0436   0.8961   1.0000
   3.000   0.4863   0.00887   0.00298  -0.0394   0.5605   1.0000
   3.500   0.5179   0.01281   0.00445  -0.0357   0.0726   1.0000
   4.000   0.5655   0.01509   0.00671  -0.0339   0.0453   1.0000
   4.500   0.6155   0.01759   0.00934  -0.0323   0.0354   1.0000
   5.000   0.6664   0.02222   0.01428  -0.0306   0.0323   1.0000
   5.500   0.7152   0.02719   0.02016  -0.0283   0.0299   1.0000
