  
       XFOIL         Version 6.99
  
 Calculated polar for: NACA 9236                                       
  
 1 1 Reynolds number fixed          Mach number fixed         
  
 xtrf =   1.000 (top)        1.000 (bottom)  
 Mach =   0.050     Re =     0.200 e 6     Ncrit =   9.000
  
   alpha    CL        CD       CDp       CM     Top_Xtr  Bot_Xtr
  ------ -------- --------- --------- -------- -------- --------
  -2.000   0.2465   0.03683   0.02711  -0.0490   0.4231   0.1040
  -1.500   0.2602   0.03715   0.02722  -0.0441   0.4067   0.1058
  -1.000   0.2755   0.03777   0.02757  -0.0397   0.3899   0.1072
  -0.500   0.2918   0.03833   0.02804  -0.0361   0.3732   0.1089
   0.000   0.3093   0.03945   0.02911  -0.0329   0.3579   0.1114
   0.500   0.3316   0.04060   0.03011  -0.0303   0.3453   0.1145
   1.000   0.3630   0.04147   0.03070  -0.0287   0.3356   0.1172
   1.500   0.3912   0.04236   0.03167  -0.0272   0.3274   0.1204
   2.000   0.4325   0.04294   0.03209  -0.0268   0.3212   0.1252
   2.500   0.4618   0.04415   0.03336  -0.0255   0.3158   0.1290
   3.000   0.4995   0.04499   0.03419  -0.0252   0.3115   0.1342
   3.500   0.5533   0.04503   0.03408  -0.0261   0.3077   0.1410
   4.000   0.5773   0.04692   0.03614  -0.0249   0.3047   0.1471
   4.500   0.6067   0.04852   0.03785  -0.0244   0.3016   0.1547
   5.000   0.6426   0.04988   0.03918  -0.0244   0.2987   0.1645
   5.500   0.6870   0.05079   0.03999  -0.0253   0.2964   0.1810
   6.000   0.7424   0.04974   0.04053  -0.0269   0.2943   0.6224
   6.500   0.7477   0.05216   0.04406  -0.0219   0.2929   0.8436
   7.000   0.7784   0.05742   0.04974  -0.0251   0.2910   0.9908
   7.500   0.7724   0.06296   0.05543  -0.0240   0.2893   1.0000
   8.000   0.6982   0.07399   0.06690  -0.0182   0.2874   1.0000
   9.000   0.0446   0.17727   0.16885  -0.0081   0.2887   0.1458
   9.500   0.0755   0.18031   0.17192  -0.0096   0.2848   0.1534
  10.000   0.1146   0.18319   0.17476  -0.0112   0.2827   0.1641
