  
       XFOIL         Version 6.99
  
 Calculated polar for: NACA 1530                                       
  
 1 1 Reynolds number fixed          Mach number fixed         
  
 xtrf =   1.000 (top)        1.000 (bottom)  
 Mach =   0.050     Re =     0.200 e 6     Ncrit =   9.000
  
   alpha    CL        CD       CDp       CM     Top_Xtr  Bot_Xtr
  ------ -------- --------- --------- -------- -------- --------
  -2.000  -0.0789   0.01886   0.01061  -0.0324   0.6377   0.4734
  -1.500  -0.0364   0.01871   0.01061  -0.0298   0.6210   0.4876
  -1.000   0.0091   0.01864   0.01046  -0.0279   0.6061   0.5034
  -0.500   0.0554   0.01859   0.01039  -0.0259   0.5909   0.5195
   0.000   0.0985   0.01857   0.01046  -0.0235   0.5757   0.5355
   0.500   0.1484   0.01860   0.01034  -0.0223   0.5619   0.5533
   1.000   0.1872   0.01861   0.01049  -0.0191   0.5471   0.5706
   1.500   0.2346   0.01869   0.01060  -0.0174   0.5337   0.5886
   2.000   0.2773   0.01872   0.01060  -0.0149   0.5201   0.6079
   2.500   0.3182   0.01891   0.01087  -0.0122   0.5068   0.6279
   3.000   0.3704   0.01904   0.01098  -0.0114   0.4941   0.6482
   3.500   0.4029   0.01921   0.01131  -0.0071   0.4812   0.6689
   4.000   0.4543   0.01947   0.01149  -0.0063   0.4693   0.6918
   4.500   0.4805   0.01968   0.01184  -0.0009   0.4571   0.7151
   5.000   0.5276   0.02003   0.01222   0.0007   0.4458   0.7389
   5.500   0.5537   0.02031   0.01267   0.0061   0.4342   0.7634
   6.000   0.5965   0.02083   0.01322   0.0084   0.4233   0.7889
   6.500   0.6274   0.02137   0.01387   0.0127   0.4122   0.8155
   7.000   0.6658   0.02208   0.01464   0.0156   0.4017   0.8423
   7.500   0.6972   0.02281   0.01543   0.0197   0.3912   0.8698
   8.000   0.7336   0.02379   0.01646   0.0227   0.3810   0.8961
   8.500   0.7750   0.02480   0.01746   0.0246   0.3706   0.9203
   9.000   0.8247   0.02623   0.01893   0.0242   0.3599   0.9401
   9.500   0.8954   0.02735   0.01990   0.0202   0.3493   0.9555
  10.000   0.9547   0.02930   0.02198   0.0161   0.3378   0.9674
