  
       XFOIL         Version 6.99
  
 Calculated polar for: NACA 6404                                       
  
 1 1 Reynolds number fixed          Mach number fixed         
  
 xtrf =   1.000 (top)        1.000 (bottom)  
 Mach =   0.050     Re =     0.200 e 6     Ncrit =   9.000
  
   alpha    CL        CD       CDp       CM     Top_Xtr  Bot_Xtr
  ------ -------- --------- --------- -------- -------- --------
  -2.000   0.3806   0.02636   0.02166  -0.1481   0.9323   0.0576
  -1.500   0.4684   0.02099   0.01547  -0.1551   0.9236   0.0692
  -1.000   0.5597   0.01437   0.00736  -0.1595   0.9177   0.0259
   0.000   0.6832   0.01097   0.00441  -0.1612   0.8863   0.2963
   0.500   0.7336   0.00949   0.00390  -0.1593   0.8669   1.0000
   1.000   0.7870   0.00946   0.00365  -0.1583   0.8434   1.0000
   1.500   0.8402   0.00950   0.00351  -0.1572   0.8175   1.0000
   2.000   0.8930   0.00963   0.00351  -0.1561   0.7890   1.0000
   2.500   0.9456   0.00986   0.00375  -0.1551   0.7591   1.0000
   3.000   0.9974   0.01022   0.00411  -0.1541   0.7268   1.0000
   3.500   1.0491   0.01065   0.00460  -0.1530   0.6948   1.0000
   4.000   1.0732   0.01206   0.00470  -0.1451   0.4423   1.0000
   4.500   1.0833   0.01809   0.00873  -0.1374   0.0222   1.0000
   5.000   1.1108   0.02175   0.01276  -0.1324   0.0150   1.0000
   5.500   1.1490   0.02617   0.01732  -0.1281   0.0146   1.0000
   6.000   1.2125   0.03181   0.02334  -0.1259   0.0242   1.0000
