  
       XFOIL         Version 6.99
  
 Calculated polar for: NACA 1532                                       
  
 1 1 Reynolds number fixed          Mach number fixed         
  
 xtrf =   1.000 (top)        1.000 (bottom)  
 Mach =   0.050     Re =     0.200 e 6     Ncrit =   9.000
  
   alpha    CL        CD       CDp       CM     Top_Xtr  Bot_Xtr
  ------ -------- --------- --------- -------- -------- --------
  -2.000  -0.0760   0.02005   0.01178  -0.0322   0.6163   0.4660
  -1.500  -0.0376   0.01997   0.01160  -0.0290   0.6020   0.4796
  -1.000   0.0060   0.01990   0.01163  -0.0268   0.5877   0.4928
  -0.500   0.0493   0.01986   0.01140  -0.0245   0.5745   0.5075
   0.000   0.0888   0.01984   0.01157  -0.0215   0.5605   0.5216
   0.500   0.1410   0.01984   0.01141  -0.0209   0.5478   0.5375
   1.000   0.1708   0.01989   0.01162  -0.0161   0.5347   0.5526
   1.500   0.2231   0.01994   0.01161  -0.0155   0.5226   0.5690
   2.000   0.2503   0.02004   0.01175  -0.0103   0.5102   0.5858
   2.500   0.3031   0.02017   0.01191  -0.0099   0.4986   0.6033
   3.000   0.3311   0.02025   0.01210  -0.0049   0.4867   0.6211
   3.500   0.3800   0.02050   0.01227  -0.0038   0.4758   0.6408
   4.000   0.4023   0.02063   0.01260   0.0023   0.4646   0.6594
   4.500   0.4541   0.02090   0.01282   0.0028   0.4541   0.6803
   5.000   0.4720   0.02126   0.01330   0.0092   0.4434   0.7021
   5.500   0.5280   0.02160   0.01363   0.0090   0.4333   0.7249
   6.000   0.5464   0.02222   0.01450   0.0150   0.4229   0.7477
   6.500   0.6056   0.02260   0.01477   0.0143   0.4131   0.7720
   7.000   0.6161   0.02347   0.01591   0.0212   0.4034   0.7979
   7.500   0.6674   0.02392   0.01629   0.0218   0.3942   0.8241
   8.000   0.6806   0.02508   0.01769   0.0279   0.3848   0.8519
   8.500   0.7216   0.02578   0.01836   0.0301   0.3760   0.8788
   9.000   0.7438   0.02724   0.01997   0.0345   0.3670   0.9056
   9.500   0.7867   0.02840   0.02109   0.0355   0.3580   0.9294
  10.000   0.8298   0.03026   0.02301   0.0353   0.3488   0.9500
