  
       XFOIL         Version 6.99
  
 Calculated polar for: NACA 6338                                       
  
 1 1 Reynolds number fixed          Mach number fixed         
  
 xtrf =   1.000 (top)        1.000 (bottom)  
 Mach =   0.050     Re =     0.200 e 6     Ncrit =   9.000
  
   alpha    CL        CD       CDp       CM     Top_Xtr  Bot_Xtr
  ------ -------- --------- --------- -------- -------- --------
  -2.000   0.1173   0.02647   0.01673  -0.0527   0.4700   0.2880
  -1.500   0.1432   0.02644   0.01680  -0.0487   0.4630   0.3070
  -1.000   0.1567   0.02640   0.01705  -0.0428   0.4560   0.3365
  -0.500   0.1905   0.02601   0.01702  -0.0400   0.4503   0.4181
   0.000   0.2240   0.02641   0.01770  -0.0373   0.4451   0.4955
   0.500   0.2427   0.02733   0.01886  -0.0326   0.4397   0.5362
   1.000   0.2824   0.02797   0.01954  -0.0310   0.4347   0.5693
   1.500   0.3460   0.02833   0.01980  -0.0328   0.4302   0.5986
   2.000   0.3664   0.02973   0.02132  -0.0290   0.4262   0.6201
   2.500   0.3768   0.03147   0.02325  -0.0242   0.4219   0.6406
   3.000   0.4059   0.03271   0.02461  -0.0219   0.4178   0.6617
   3.500   0.4617   0.03318   0.02499  -0.0230   0.4142   0.6853
   4.000   0.5246   0.03394   0.02569  -0.0251   0.4109   0.7094
   4.500   0.4600   0.03893   0.03122  -0.0129   0.4066   0.7263
   5.000   0.3184   0.05093   0.04383   0.0027   0.3978   0.7392
   5.500   0.3885   0.05008   0.04297   0.0009   0.3960   0.7691
   6.000   0.4741   0.04855   0.04137  -0.0021   0.3945   0.8026
   7.000  -0.2091   0.13318   0.12761   0.0254   0.3648   0.7647
   7.500  -0.1585   0.13568   0.13026   0.0253   0.3629   0.8082
   8.000  -0.1019   0.13927   0.13403   0.0256   0.3620   0.8601
   8.500  -0.1451   0.14317   0.13815   0.0287   0.3495   0.9024
   9.000  -0.0805   0.14713   0.14211   0.0249   0.3477   0.9527
   9.500   0.0108   0.15380   0.14867   0.0159   0.3468   0.9828
  10.000   0.0050   0.15972   0.15466   0.0092   0.3345   0.9936
