  
       XFOIL         Version 6.99
  
 Calculated polar for: NACA 7230                                       
  
 1 1 Reynolds number fixed          Mach number fixed         
  
 xtrf =   1.000 (top)        1.000 (bottom)  
 Mach =   0.050     Re =     0.200 e 6     Ncrit =   9.000
  
   alpha    CL        CD       CDp       CM     Top_Xtr  Bot_Xtr
  ------ -------- --------- --------- -------- -------- --------
  -2.000   0.3178   0.02529   0.01548  -0.0676   0.4686   0.1148
  -1.500   0.3422   0.02530   0.01534  -0.0624   0.4492   0.1190
  -1.000   0.3655   0.02530   0.01526  -0.0574   0.4288   0.1232
  -0.500   0.3872   0.02562   0.01548  -0.0524   0.4080   0.1279
   0.000   0.4094   0.02607   0.01579  -0.0477   0.3881   0.1331
   0.500   0.4336   0.02658   0.01625  -0.0437   0.3707   0.1394
   1.000   0.4618   0.02713   0.01670  -0.0404   0.3565   0.1465
   1.500   0.4960   0.02770   0.01713  -0.0381   0.3453   0.1561
   2.000   0.5281   0.02822   0.01768  -0.0358   0.3360   0.1684
   2.500   0.5720   0.02858   0.01788  -0.0351   0.3288   0.1921
   3.000   0.6014   0.02781   0.01897  -0.0326   0.3232   0.6301
   3.500   0.6337   0.02837   0.02011  -0.0289   0.3184   0.7859
   4.000   0.6818   0.02905   0.02086  -0.0266   0.3141   0.8983
   4.500   0.7425   0.03085   0.02272  -0.0293   0.3104   0.9633
   5.000   0.8343   0.03296   0.02472  -0.0386   0.3062   0.9918
   5.500   0.8978   0.03426   0.02584  -0.0429   0.3028   1.0000
   6.000   0.9220   0.03474   0.02612  -0.0394   0.3003   1.0000
   6.500   0.9681   0.03549   0.02665  -0.0389   0.2980   1.0000
   7.000   0.9815   0.03710   0.02832  -0.0349   0.2965   1.0000
   7.500   0.9987   0.03907   0.03035  -0.0320   0.2947   1.0000
   8.000   1.0174   0.04131   0.03266  -0.0296   0.2930   1.0000
   8.500   1.0356   0.04383   0.03523  -0.0276   0.2913   1.0000
   9.000   1.0519   0.04661   0.03807  -0.0258   0.2895   1.0000
   9.500   1.0716   0.04934   0.04082  -0.0245   0.2876   1.0000
  10.000   1.0950   0.05208   0.04356  -0.0237   0.2861   1.0000
