  
       XFOIL         Version 6.99
  
 Calculated polar for: NACA 2714                                       
  
 1 1 Reynolds number fixed          Mach number fixed         
  
 xtrf =   1.000 (top)        1.000 (bottom)  
 Mach =   0.050     Re =     0.200 e 6     Ncrit =   9.000
  
   alpha    CL        CD       CDp       CM     Top_Xtr  Bot_Xtr
  ------ -------- --------- --------- -------- -------- --------
  -2.000  -0.0511   0.01589   0.00950  -0.0635   0.9430   0.5373
  -1.500   0.0195   0.01557   0.00938  -0.0660   0.9294   0.5883
  -1.000   0.0903   0.01519   0.00918  -0.0683   0.9156   0.6368
  -0.500   0.1619   0.01473   0.00888  -0.0704   0.9020   0.6811
   0.000   0.2479   0.01398   0.00825  -0.0751   0.8942   0.7238
   0.500   0.3147   0.01320   0.00761  -0.0757   0.8784   0.7604
   1.000   0.3804   0.01232   0.00688  -0.0759   0.8607   0.7954
   1.500   0.4341   0.01162   0.00632  -0.0737   0.8318   0.8302
   2.000   0.4921   0.01096   0.00574  -0.0724   0.7963   0.8668
   2.500   0.5467   0.01057   0.00531  -0.0703   0.7468   0.9069
   3.000   0.6117   0.01062   0.00512  -0.0708   0.6876   0.9523
   3.500   0.6949   0.01109   0.00528  -0.0763   0.6236   0.9951
   4.000   0.7386   0.01157   0.00546  -0.0745   0.5705   1.0000
   4.500   0.7834   0.01217   0.00579  -0.0725   0.5185   1.0000
   5.000   0.8276   0.01283   0.00621  -0.0702   0.4668   1.0000
   5.500   0.8707   0.01356   0.00671  -0.0678   0.4150   1.0000
   6.000   0.9123   0.01437   0.00730  -0.0651   0.3627   1.0000
   6.500   0.9523   0.01530   0.00801  -0.0623   0.3101   1.0000
   7.000   0.9905   0.01638   0.00884  -0.0593   0.2586   1.0000
   7.500   1.0267   0.01762   0.00985  -0.0561   0.2114   1.0000
   8.000   1.0595   0.01903   0.01103  -0.0524   0.1727   1.0000
   8.500   1.0904   0.02054   0.01239  -0.0484   0.1434   1.0000
   9.000   1.1213   0.02216   0.01395  -0.0446   0.1218   1.0000
   9.500   1.1509   0.02390   0.01566  -0.0408   0.1060   1.0000
  10.000   1.1794   0.02580   0.01755  -0.0371   0.0941   1.0000
