  
       XFOIL         Version 6.99
  
 Calculated polar for: NACA 9222                                       
  
 1 1 Reynolds number fixed          Mach number fixed         
  
 xtrf =   1.000 (top)        1.000 (bottom)  
 Mach =   0.050     Re =     0.200 e 6     Ncrit =   9.000
  
   alpha    CL        CD       CDp       CM     Top_Xtr  Bot_Xtr
  ------ -------- --------- --------- -------- -------- --------
  -2.000   0.4697   0.04226   0.03499  -0.0990   0.3463   0.0666
  -1.500   0.5004   0.04062   0.03286  -0.0957   0.3341   0.0709
  -1.000   0.5367   0.03962   0.03134  -0.0931   0.3251   0.0769
  -0.500   0.5763   0.03707   0.02867  -0.0924   0.3185   0.0807
   0.000   0.6230   0.03561   0.02687  -0.0916   0.3131   0.0865
   0.500   0.6737   0.03451   0.02535  -0.0914   0.3086   0.0941
   1.000   0.7317   0.03414   0.02445  -0.0918   0.3045   0.1080
   1.500   0.7809   0.03288   0.02308  -0.0918   0.3013   0.1193
   2.000   0.8319   0.03229   0.02225  -0.0917   0.2983   0.1388
   3.000   0.9422   0.03176   0.02102  -0.0902   0.2934   0.0994
   3.500   0.9988   0.03161   0.02069  -0.0907   0.2912   0.0980
   4.000   1.0663   0.03189   0.02082  -0.0931   0.2889   0.1049
   4.500   1.1132   0.03244   0.02145  -0.0927   0.2877   0.1132
   5.000   1.1562   0.03319   0.02230  -0.0918   0.2865   0.1233
   5.500   1.1982   0.03413   0.02335  -0.0910   0.2852   0.1364
   6.000   1.2370   0.03526   0.02455  -0.0899   0.2836   0.1547
   6.500   1.2731   0.03658   0.02590  -0.0886   0.2819   0.1888
   7.000   1.3024   0.03669   0.02766  -0.0858   0.2807   1.0000
   7.500   1.3343   0.03863   0.02956  -0.0842   0.2795   1.0000
   8.000   1.3634   0.04077   0.03169  -0.0825   0.2784   1.0000
   8.500   1.3889   0.04315   0.03411  -0.0806   0.2774   1.0000
   9.000   1.4108   0.04583   0.03685  -0.0786   0.2764   1.0000
   9.500   1.4279   0.04894   0.04005  -0.0765   0.2756   1.0000
  10.000   1.4365   0.05277   0.04401  -0.0739   0.2747   1.0000
