  
       XFOIL         Version 6.99
  
 Calculated polar for: NACA 8836                                       
  
 1 1 Reynolds number fixed          Mach number fixed         
  
 xtrf =   1.000 (top)        1.000 (bottom)  
 Mach =   0.050     Re =     0.200 e 6     Ncrit =   9.000
  
   alpha    CL        CD       CDp       CM     Top_Xtr  Bot_Xtr
  ------ -------- --------- --------- -------- -------- --------
  -2.000   0.2553   0.03153   0.02398  -0.1786   0.6859   0.3373
  -1.500   0.3379   0.03105   0.02333  -0.1853   0.6753   0.3484
  -1.000   0.3858   0.03137   0.02377  -0.1849   0.6620   0.3573
  -0.500   0.5011   0.03034   0.02242  -0.1971   0.6535   0.3705
   0.000   0.5093   0.03168   0.02402  -0.1900   0.6383   0.3786
   0.500   0.6104   0.03090   0.02304  -0.1990   0.6295   0.3921
   1.000   0.6286   0.03237   0.02463  -0.1943   0.6154   0.4011
   1.500   0.7018   0.03218   0.02441  -0.1981   0.6058   0.4131
   2.000   0.7475   0.03337   0.02552  -0.1983   0.5936   0.4240
   2.500   0.7945   0.03378   0.02606  -0.1977   0.5830   0.4357
   3.000   0.8709   0.03390   0.02604  -0.2025   0.5736   0.4496
   3.500   0.8881   0.03564   0.02793  -0.1977   0.5615   0.4599
   4.000   0.9616   0.03549   0.02770  -0.2014   0.5529   0.4736
   4.500   0.9843   0.03768   0.02994  -0.1980   0.5415   0.4844
   5.000   1.0268   0.03837   0.03074  -0.1967   0.5321   0.4972
   5.500   1.0967   0.03865   0.03090  -0.2003   0.5236   0.5122
   6.000   1.0983   0.04152   0.03397  -0.1936   0.5123   0.5227
   6.500   1.1559   0.04169   0.03412  -0.1945   0.5046   0.5360
   7.000   1.1774   0.04424   0.03674  -0.1913   0.4947   0.5488
   7.500   1.2014   0.04615   0.03877  -0.1879   0.4853   0.5606
   8.000   1.2752   0.04556   0.03804  -0.1910   0.4784   0.5760
   8.500   1.2491   0.05095   0.04370  -0.1821   0.4672   0.5856
   9.000   1.2879   0.05185   0.04465  -0.1805   0.4597   0.5978
   9.500   1.3376   0.05240   0.04515  -0.1803   0.4526   0.6117
  10.000   1.3023   0.05920   0.05223  -0.1719   0.4411   0.6211
