  
       XFOIL         Version 6.99
  
 Calculated polar for: NACA 0132                                       
  
 1 1 Reynolds number fixed          Mach number fixed         
  
 xtrf =   1.000 (top)        1.000 (bottom)  
 Mach =   0.050     Re =     0.200 e 6     Ncrit =   9.000
  
   alpha    CL        CD       CDp       CM     Top_Xtr  Bot_Xtr
  ------ -------- --------- --------- -------- -------- --------
  -2.000  -0.1621   0.01993   0.01165  -0.0112   0.6031   0.4894
  -1.500  -0.1317   0.01986   0.01152  -0.0065   0.5873   0.5025
  -1.000  -0.0819   0.01979   0.01152  -0.0055   0.5720   0.5152
  -0.500  -0.0461   0.01973   0.01132  -0.0017   0.5576   0.5292
   0.000   0.0000   0.01974   0.01148  -0.0000   0.5427   0.5427
   0.500   0.0461   0.01973   0.01132   0.0017   0.5292   0.5576
   1.000   0.0820   0.01979   0.01152   0.0055   0.5152   0.5720
   1.500   0.1317   0.01986   0.01152   0.0065   0.5024   0.5873
   2.000   0.1621   0.01993   0.01165   0.0112   0.4894   0.6031
   2.500   0.2128   0.02009   0.01183   0.0121   0.4773   0.6189
   3.000   0.2439   0.02015   0.01194   0.0165   0.4649   0.6357
   3.500   0.2911   0.02042   0.01222   0.0180   0.4535   0.6531
   4.000   0.3242   0.02055   0.01247   0.0221   0.4417   0.6700
   4.500   0.3665   0.02085   0.01270   0.0243   0.4310   0.6891
   5.000   0.3929   0.02106   0.01308   0.0296   0.4201   0.7075
   5.500   0.4388   0.02144   0.01347   0.0312   0.4098   0.7264
   6.000   0.4607   0.02181   0.01396   0.0368   0.3994   0.7471
   6.500   0.5086   0.02233   0.01442   0.0379   0.3896   0.7681
   7.000   0.5318   0.02303   0.01534   0.0430   0.3796   0.7887
   7.500   0.5839   0.02361   0.01585   0.0434   0.3702   0.8091
   8.000   0.5983   0.02453   0.01699   0.0495   0.3608   0.8321
   8.500   0.6505   0.02511   0.01743   0.0499   0.3518   0.8541
   9.000   0.6582   0.02647   0.01905   0.0565   0.3431   0.8778
   9.500   0.7083   0.02742   0.01992   0.0570   0.3344   0.8955
  10.000   0.7304   0.02921   0.02188   0.0604   0.3256   0.9156
  -2.000  -0.1621   0.01993   0.01165  -0.0112   0.6031   0.4894
  -1.500  -0.1317   0.01986   0.01152  -0.0065   0.5873   0.5025
  -1.000  -0.0819   0.01979   0.01152  -0.0055   0.5720   0.5152
  -0.500  -0.0461   0.01973   0.01132  -0.0017   0.5576   0.5292
   0.000   0.0000   0.01974   0.01148  -0.0000   0.5427   0.5427
   0.500   0.0461   0.01973   0.01132   0.0017   0.5292   0.5576
   1.000   0.0820   0.01979   0.01152   0.0055   0.5152   0.5720
   1.500   0.1317   0.01986   0.01152   0.0065   0.5024   0.5873
   2.000   0.1621   0.01993   0.01165   0.0112   0.4894   0.6031
   2.500   0.2128   0.02009   0.01183   0.0121   0.4773   0.6189
   3.000   0.2439   0.02015   0.01194   0.0165   0.4649   0.6357
   3.500   0.2911   0.02042   0.01222   0.0180   0.4535   0.6531
   4.000   0.3242   0.02055   0.01247   0.0221   0.4417   0.6700
   4.500   0.3665   0.02085   0.01270   0.0243   0.4310   0.6891
   5.000   0.3929   0.02106   0.01308   0.0296   0.4201   0.7075
   5.500   0.4388   0.02144   0.01347   0.0312   0.4098   0.7264
   6.000   0.4607   0.02181   0.01396   0.0368   0.3994   0.7471
   6.500   0.5086   0.02233   0.01442   0.0379   0.3896   0.7681
   7.000   0.5318   0.02303   0.01534   0.0430   0.3796   0.7887
   7.500   0.5839   0.02361   0.01585   0.0434   0.3702   0.8091
   8.000   0.5983   0.02453   0.01699   0.0495   0.3608   0.8321
   8.500   0.6505   0.02511   0.01743   0.0499   0.3518   0.8541
   9.000   0.6582   0.02647   0.01905   0.0565   0.3431   0.8778
   9.500   0.7083   0.02742   0.01992   0.0570   0.3344   0.8955
  10.000   0.7304   0.02921   0.02188   0.0604   0.3256   0.9156
