  
       XFOIL         Version 6.99
  
 Calculated polar for: NACA 2414                                       
  
 1 1 Reynolds number fixed          Mach number fixed         
  
 xtrf =   1.000 (top)        1.000 (bottom)  
 Mach =   0.050     Re =     0.200 e 6     Ncrit =   9.000
  
   alpha    CL        CD       CDp       CM     Top_Xtr  Bot_Xtr
  ------ -------- --------- --------- -------- -------- --------
  -2.000   0.0140   0.01148   0.00551  -0.0572   0.8752   0.5901
  -1.500   0.0670   0.01088   0.00525  -0.0552   0.8544   0.6931
  -1.000   0.1162   0.01057   0.00517  -0.0522   0.8283   0.7807
  -0.500   0.1693   0.01045   0.00510  -0.0497   0.8033   0.8537
   0.000   0.2281   0.01058   0.00518  -0.0485   0.7743   0.9094
   0.500   0.3022   0.01081   0.00522  -0.0509   0.7453   0.9478
   1.000   0.3928   0.01105   0.00522  -0.0572   0.7141   0.9721
   1.500   0.4877   0.01121   0.00518  -0.0651   0.6806   0.9928
   2.000   0.5560   0.01128   0.00508  -0.0681   0.6489   1.0000
   2.500   0.6004   0.01145   0.00507  -0.0662   0.6213   1.0000
   3.000   0.6446   0.01168   0.00517  -0.0641   0.5941   1.0000
   3.500   0.6890   0.01199   0.00535  -0.0619   0.5683   1.0000
   4.000   0.7331   0.01232   0.00558  -0.0595   0.5419   1.0000
   4.500   0.7773   0.01271   0.00586  -0.0572   0.5159   1.0000
   5.000   0.8209   0.01310   0.00619  -0.0546   0.4884   1.0000
   5.500   0.8640   0.01353   0.00656  -0.0520   0.4602   1.0000
   6.000   0.9067   0.01401   0.00695  -0.0494   0.4309   1.0000
   6.500   0.9486   0.01451   0.00741  -0.0467   0.3986   1.0000
   7.000   0.9895   0.01509   0.00793  -0.0439   0.3635   1.0000
   7.500   1.0290   0.01578   0.00857  -0.0410   0.3243   1.0000
   8.000   1.0651   0.01671   0.00936  -0.0376   0.2828   1.0000
   8.500   1.0985   0.01783   0.01036  -0.0341   0.2392   1.0000
   9.000   1.1269   0.01925   0.01160  -0.0299   0.1982   1.0000
   9.500   1.1496   0.02085   0.01306  -0.0250   0.1636   1.0000
  10.000   1.1684   0.02273   0.01484  -0.0199   0.1377   1.0000
