  
       XFOIL         Version 6.99
  
 Calculated polar for: NACA 3508                                       
  
 1 1 Reynolds number fixed          Mach number fixed         
  
 xtrf =   1.000 (top)        1.000 (bottom)  
 Mach =   0.050     Re =     0.200 e 6     Ncrit =   9.000
  
   alpha    CL        CD       CDp       CM     Top_Xtr  Bot_Xtr
  ------ -------- --------- --------- -------- -------- --------
  -2.000   0.0801   0.01262   0.00609  -0.0843   0.9708   0.3860
  -1.500   0.1493   0.01178   0.00604  -0.0874   0.9600   0.6105
  -1.000   0.2146   0.01085   0.00589  -0.0881   0.9490   1.0000
  -0.500   0.2930   0.01080   0.00560  -0.0927   0.9385   1.0000
   0.000   0.3713   0.01061   0.00526  -0.0971   0.9286   1.0000
   0.500   0.4382   0.01042   0.00499  -0.0988   0.9144   1.0000
   1.000   0.4975   0.01027   0.00481  -0.0989   0.8965   1.0000
   1.500   0.5556   0.01009   0.00464  -0.0985   0.8772   1.0000
   2.000   0.6138   0.00987   0.00442  -0.0979   0.8573   1.0000
   2.500   0.6672   0.00980   0.00438  -0.0965   0.8305   1.0000
   3.000   0.7203   0.00974   0.00433  -0.0949   0.7984   1.0000
   3.500   0.7704   0.00972   0.00427  -0.0924   0.7481   1.0000
   4.000   0.8196   0.00993   0.00433  -0.0900   0.6843   1.0000
   4.500   0.8659   0.01044   0.00463  -0.0873   0.5974   1.0000
   5.000   0.9053   0.01159   0.00518  -0.0837   0.4521   1.0000
   5.500   0.9264   0.01499   0.00682  -0.0784   0.1400   1.0000
   6.000   0.9587   0.01792   0.00920  -0.0746   0.0637   1.0000
   6.500   0.9960   0.02032   0.01165  -0.0714   0.0491   1.0000
   7.000   1.0362   0.02292   0.01431  -0.0687   0.0409   1.0000
   7.500   1.0812   0.02597   0.01759  -0.0666   0.0353   1.0000
   8.000   1.1275   0.02962   0.02151  -0.0648   0.0321   1.0000
   9.000   1.1950   0.04193   0.03521  -0.0583   0.0288   1.0000
   9.500   1.2116   0.05148   0.04542  -0.0540   0.0302   1.0000
