  
       XFOIL         Version 6.99
  
 Calculated polar for: NACA 9608                                       
  
 1 1 Reynolds number fixed          Mach number fixed         
  
 xtrf =   1.000 (top)        1.000 (bottom)  
 Mach =   0.050     Re =     0.200 e 6     Ncrit =   9.000
  
   alpha    CL        CD       CDp       CM     Top_Xtr  Bot_Xtr
  ------ -------- --------- --------- -------- -------- --------
  -2.000   0.3373   0.05332   0.04890  -0.1952   0.8711   0.0719
  -1.500   0.5861   0.04230   0.03531  -0.2394   0.8711   0.0709
  -1.000   0.6777   0.04179   0.03468  -0.2468   0.8685   0.1092
   0.000   0.7949   0.04245   0.03560  -0.2498   0.8553   0.2485
   1.000   0.9085   0.04333   0.03685  -0.2514   0.8415   0.4245
   2.000   0.9905   0.04493   0.03885  -0.2471   0.8197   0.5794
   2.500   1.0589   0.04465   0.03872  -0.2492   0.8152   0.6623
   3.500   1.1465   0.04498   0.03954  -0.2453   0.7934   1.0000
   4.000   1.2143   0.04445   0.03902  -0.2472   0.7881   1.0000
   5.000   1.3345   0.04349   0.03830  -0.2481   0.7730   1.0000
   5.500   1.3804   0.04339   0.03842  -0.2461   0.7603   1.0000
   7.000   1.5890   0.02645   0.02009  -0.2372   0.4306   1.0000
   7.500   1.5319   0.03390   0.02617  -0.2199   0.2178   1.0000
   8.000   1.4986   0.04085   0.03197  -0.2075   0.0631   1.0000
   8.500   1.5048   0.04491   0.03613  -0.2006   0.0456   1.0000
   9.000   1.5059   0.04955   0.04088  -0.1933   0.0386   1.0000
   9.500   1.5213   0.05296   0.04448  -0.1880   0.0328   1.0000
  10.000   1.5463   0.05621   0.04775  -0.1823   0.0291   1.0000
