  
       XFOIL         Version 6.99
  
 Calculated polar for: NACA 1712                                       
  
 1 1 Reynolds number fixed          Mach number fixed         
  
 xtrf =   1.000 (top)        1.000 (bottom)  
 Mach =   0.050     Re =     0.200 e 6     Ncrit =   9.000
  
   alpha    CL        CD       CDp       CM     Top_Xtr  Bot_Xtr
  ------ -------- --------- --------- -------- -------- --------
  -2.000  -0.1935   0.01242   0.00646  -0.0228   0.9831   0.6228
  -1.500  -0.1122   0.01232   0.00659  -0.0277   0.9706   0.6894
  -1.000  -0.0360   0.01210   0.00656  -0.0313   0.9556   0.7463
  -0.500   0.0397   0.01176   0.00641  -0.0343   0.9404   0.7976
   0.000   0.1123   0.01131   0.00613  -0.0363   0.9242   0.8449
   0.500   0.1744   0.01083   0.00579  -0.0356   0.9029   0.8908
   1.000   0.2450   0.01033   0.00537  -0.0365   0.8802   0.9308
   1.500   0.3268   0.00995   0.00499  -0.0402   0.8466   0.9621
   2.000   0.4166   0.00972   0.00467  -0.0461   0.7922   0.9843
   2.500   0.5016   0.00974   0.00438  -0.0515   0.7142   1.0000
   3.000   0.5405   0.01002   0.00430  -0.0483   0.6418   1.0000
   3.500   0.5799   0.01048   0.00444  -0.0450   0.5731   1.0000
   4.000   0.6204   0.01105   0.00470  -0.0419   0.5049   1.0000
   4.500   0.6618   0.01172   0.00506  -0.0390   0.4352   1.0000
   5.000   0.7040   0.01249   0.00554  -0.0364   0.3624   1.0000
   5.500   0.7460   0.01346   0.00615  -0.0339   0.2865   1.0000
   6.000   0.7878   0.01462   0.00696  -0.0316   0.2120   1.0000
   6.500   0.8289   0.01601   0.00803  -0.0292   0.1541   1.0000
   7.000   0.8688   0.01759   0.00935  -0.0268   0.1183   1.0000
   7.500   0.9105   0.01907   0.01080  -0.0245   0.0962   1.0000
   8.000   0.9508   0.02076   0.01243  -0.0221   0.0818   1.0000
   8.500   0.9914   0.02256   0.01427  -0.0197   0.0715   1.0000
   9.000   1.0320   0.02463   0.01642  -0.0175   0.0636   1.0000
   9.500   1.0730   0.02716   0.01898  -0.0156   0.0577   1.0000
  10.000   1.1120   0.02918   0.02117  -0.0134   0.0526   1.0000
