  
       XFOIL         Version 6.99
  
 Calculated polar for: NACA 3504                                       
  
 1 1 Reynolds number fixed          Mach number fixed         
  
 xtrf =   1.000 (top)        1.000 (bottom)  
 Mach =   0.050     Re =     0.200 e 6     Ncrit =   9.000
  
   alpha    CL        CD       CDp       CM     Top_Xtr  Bot_Xtr
  ------ -------- --------- --------- -------- -------- --------
  -2.000   0.0349   0.01458   0.00711  -0.0715   1.0000   0.0295
  -1.500   0.1059   0.01168   0.00408  -0.0745   1.0000   0.0587
  -1.000   0.1653   0.00841   0.00350  -0.0757   1.0000   1.0000
  -0.500   0.2172   0.00877   0.00343  -0.0757   1.0000   1.0000
   0.000   0.2680   0.00923   0.00367  -0.0757   1.0000   1.0000
   0.500   0.3466   0.00958   0.00391  -0.0813   0.9889   1.0000
   1.000   0.4267   0.00984   0.00420  -0.0870   0.9760   1.0000
   1.500   0.5053   0.00999   0.00448  -0.0922   0.9612   1.0000
   2.000   0.5849   0.00995   0.00472  -0.0971   0.9456   1.0000
   2.500   0.6515   0.00833   0.00345  -0.0941   0.8618   1.0000
   3.000   0.6621   0.01314   0.00433  -0.0830   0.0464   1.0000
   3.500   0.7049   0.01644   0.00777  -0.0801   0.0244   1.0000
   4.000   0.7551   0.02023   0.01173  -0.0775   0.0231   1.0000
   4.500   0.8129   0.02538   0.01759  -0.0748   0.0339   1.0000
