  
       XFOIL         Version 6.99
  
 Calculated polar for: NACA 6726                                       
  
 1 1 Reynolds number fixed          Mach number fixed         
  
 xtrf =   1.000 (top)        1.000 (bottom)  
 Mach =   0.050     Re =     0.200 e 6     Ncrit =   9.000
  
   alpha    CL        CD       CDp       CM     Top_Xtr  Bot_Xtr
  ------ -------- --------- --------- -------- -------- --------
  -2.000   0.1962   0.02981   0.02255  -0.1472   0.7561   0.3473
  -1.500   0.2783   0.02814   0.02092  -0.1512   0.7540   0.3668
  -0.500   0.3964   0.02679   0.01961  -0.1522   0.7302   0.4037
   0.500   0.5678   0.02339   0.01630  -0.1612   0.7181   0.4473
   1.000   0.6379   0.02264   0.01555  -0.1635   0.7028   0.4682
   1.500   0.7157   0.02187   0.01472  -0.1671   0.6875   0.4907
   2.000   0.7977   0.02125   0.01398  -0.1716   0.6716   0.5140
   2.500   0.8727   0.02104   0.01369  -0.1749   0.6543   0.5366
   3.000   0.9405   0.02111   0.01370  -0.1770   0.6365   0.5576
   3.500   0.9788   0.02185   0.01446  -0.1741   0.6175   0.5766
   4.000   1.0190   0.02265   0.01523  -0.1717   0.5997   0.5970
   4.500   1.0649   0.02329   0.01590  -0.1700   0.5833   0.6157
   5.000   1.1212   0.02372   0.01624  -0.1701   0.5680   0.6348
   5.500   1.1508   0.02475   0.01729  -0.1659   0.5516   0.6536
   6.000   1.1858   0.02572   0.01832  -0.1626   0.5363   0.6707
   6.500   1.2349   0.02633   0.01884  -0.1616   0.5222   0.6880
   7.000   1.2642   0.02742   0.01997  -0.1576   0.5072   0.7057
   7.500   1.2982   0.02854   0.02110  -0.1546   0.4930   0.7241
   8.000   1.3464   0.02910   0.02156  -0.1536   0.4797   0.7414
   8.500   1.3641   0.03054   0.02316  -0.1481   0.4656   0.7575
   9.000   1.3985   0.03161   0.02424  -0.1454   0.4525   0.7748
   9.500   1.4377   0.03246   0.02502  -0.1434   0.4396   0.7930
  10.000   1.4549   0.03426   0.02698  -0.1385   0.4264   0.8104
