  
       XFOIL         Version 6.99
  
 Calculated polar for: NACA 1126                                       
  
 1 1 Reynolds number fixed          Mach number fixed         
  
 xtrf =   1.000 (top)        1.000 (bottom)  
 Mach =   0.050     Re =     0.200 e 6     Ncrit =   9.000
  
   alpha    CL        CD       CDp       CM     Top_Xtr  Bot_Xtr
  ------ -------- --------- --------- -------- -------- --------
  -2.000  -0.1106   0.01630   0.00867  -0.0141   0.6558   0.5371
  -1.500  -0.0622   0.01619   0.00852  -0.0123   0.6349   0.5560
  -1.000  -0.0159   0.01615   0.00845  -0.0102   0.6143   0.5758
  -0.500   0.0328   0.01615   0.00846  -0.0085   0.5943   0.5959
   0.000   0.0829   0.01616   0.00850  -0.0071   0.5750   0.6162
   0.500   0.1330   0.01622   0.00854  -0.0057   0.5564   0.6371
   1.000   0.1835   0.01631   0.00858  -0.0044   0.5379   0.6588
   1.500   0.2290   0.01638   0.00872  -0.0021   0.5192   0.6810
   2.000   0.2756   0.01653   0.00891  -0.0001   0.5012   0.7040
   2.500   0.3227   0.01674   0.00912   0.0019   0.4838   0.7276
   3.000   0.3702   0.01699   0.00932   0.0037   0.4666   0.7515
   3.500   0.4146   0.01724   0.00957   0.0062   0.4490   0.7757
   4.000   0.4554   0.01752   0.00994   0.0093   0.4316   0.8001
   4.500   0.4974   0.01792   0.01037   0.0122   0.4150   0.8242
   5.000   0.5406   0.01844   0.01088   0.0149   0.3994   0.8474
   5.500   0.5858   0.01907   0.01143   0.0172   0.3839   0.8693
   6.000   0.6190   0.01965   0.01211   0.0217   0.3688   0.8920
   6.500   0.6610   0.02049   0.01295   0.0242   0.3534   0.9125
   7.000   0.7157   0.02153   0.01393   0.0239   0.3379   0.9294
   7.500   0.7763   0.02265   0.01496   0.0220   0.3221   0.9446
   8.000   0.8397   0.02383   0.01602   0.0191   0.3062   0.9591
   8.500   0.9121   0.02514   0.01723   0.0139   0.2896   0.9687
   9.000   0.9727   0.02646   0.01856   0.0104   0.2746   0.9810
   9.500   1.0341   0.02793   0.02004   0.0064   0.2607   0.9924
  10.000   1.0885   0.02941   0.02149   0.0034   0.2487   1.0000
  -2.000  -0.1106   0.01630   0.00867  -0.0141   0.6558   0.5371
  -1.500  -0.0622   0.01619   0.00852  -0.0123   0.6349   0.5560
  -1.000  -0.0159   0.01615   0.00845  -0.0102   0.6143   0.5758
  -0.500   0.0328   0.01615   0.00846  -0.0085   0.5943   0.5959
   0.000   0.0829   0.01616   0.00850  -0.0071   0.5750   0.6162
   0.500   0.1330   0.01622   0.00854  -0.0057   0.5564   0.6371
   1.000   0.1835   0.01631   0.00858  -0.0044   0.5379   0.6588
   1.500   0.2290   0.01638   0.00872  -0.0021   0.5192   0.6810
   2.000   0.2756   0.01653   0.00891  -0.0001   0.5012   0.7040
   2.500   0.3227   0.01674   0.00912   0.0019   0.4838   0.7276
   3.000   0.3702   0.01699   0.00932   0.0037   0.4666   0.7515
   3.500   0.4146   0.01724   0.00957   0.0062   0.4490   0.7757
   4.000   0.4554   0.01752   0.00994   0.0093   0.4316   0.8001
   4.500   0.4974   0.01792   0.01037   0.0122   0.4150   0.8242
   5.000   0.5406   0.01844   0.01088   0.0149   0.3994   0.8474
   5.500   0.5858   0.01907   0.01143   0.0172   0.3839   0.8693
   6.000   0.6190   0.01965   0.01211   0.0217   0.3688   0.8920
   6.500   0.6610   0.02049   0.01295   0.0242   0.3534   0.9125
   7.000   0.7157   0.02153   0.01393   0.0239   0.3379   0.9294
   7.500   0.7763   0.02265   0.01496   0.0220   0.3221   0.9446
   8.000   0.8397   0.02383   0.01602   0.0191   0.3062   0.9591
   8.500   0.9121   0.02514   0.01723   0.0139   0.2896   0.9687
   9.000   0.9727   0.02646   0.01856   0.0104   0.2746   0.9810
   9.500   1.0341   0.02793   0.02004   0.0064   0.2607   0.9924
  10.000   1.0885   0.02941   0.02149   0.0034   0.2487   1.0000
