  
       XFOIL         Version 6.99
  
 Calculated polar for: NACA 3222                                       
  
 1 1 Reynolds number fixed          Mach number fixed         
  
 xtrf =   1.000 (top)        1.000 (bottom)  
 Mach =   0.050     Re =     0.200 e 6     Ncrit =   9.000
  
   alpha    CL        CD       CDp       CM     Top_Xtr  Bot_Xtr
  ------ -------- --------- --------- -------- -------- --------
  -2.000   0.0713   0.01386   0.00692  -0.0453   0.6479   0.5948
  -1.500   0.1196   0.01386   0.00694  -0.0431   0.6228   0.6304
  -1.000   0.1679   0.01390   0.00693  -0.0411   0.5973   0.6647
  -0.500   0.2162   0.01397   0.00697  -0.0389   0.5712   0.6982
   0.000   0.2636   0.01411   0.00705  -0.0366   0.5447   0.7332
   0.500   0.3104   0.01435   0.00719  -0.0342   0.5185   0.7687
   1.000   0.3547   0.01465   0.00751  -0.0311   0.4914   0.8067
   1.500   0.3994   0.01504   0.00782  -0.0282   0.4644   0.8396
   2.000   0.4456   0.01558   0.00821  -0.0257   0.4388   0.8685
   2.500   0.4939   0.01626   0.00868  -0.0237   0.4151   0.8966
   3.000   0.5455   0.01701   0.00924  -0.0226   0.3945   0.9234
   3.500   0.6169   0.01793   0.00998  -0.0257   0.3764   0.9416
   4.000   0.7063   0.01886   0.01078  -0.0327   0.3606   0.9521
   4.500   0.7910   0.01976   0.01153  -0.0391   0.3485   0.9651
   5.000   0.8758   0.02063   0.01220  -0.0456   0.3389   0.9779
   5.500   0.9636   0.02141   0.01296  -0.0529   0.3303   0.9886
   6.500   1.0961   0.02286   0.01420  -0.0595   0.3178   1.0000
   7.000   1.1117   0.02333   0.01477  -0.0531   0.3136   1.0000
   7.500   1.1316   0.02389   0.01535  -0.0473   0.3091   1.0000
   8.000   1.1601   0.02455   0.01596  -0.0430   0.3052   1.0000
   8.500   1.2056   0.02570   0.01699  -0.0420   0.3008   1.0000
   9.000   1.2167   0.02645   0.01791  -0.0346   0.2975   1.0000
   9.500   1.2365   0.02740   0.01897  -0.0290   0.2938   1.0000
  10.000   1.2631   0.02834   0.01994  -0.0246   0.2899   1.0000
