  
       XFOIL         Version 6.99
  
 Calculated polar for: NACA 3616                                       
  
 1 1 Reynolds number fixed          Mach number fixed         
  
 xtrf =   1.000 (top)        1.000 (bottom)  
 Mach =   0.050     Re =     0.200 e 6     Ncrit =   9.000
  
   alpha    CL        CD       CDp       CM     Top_Xtr  Bot_Xtr
  ------ -------- --------- --------- -------- -------- --------
  -2.000   0.1059   0.01707   0.01027  -0.0963   0.8746   0.4613
  -1.000   0.2451   0.01575   0.00929  -0.1000   0.8567   0.5490
  -0.500   0.3045   0.01528   0.00895  -0.0998   0.8433   0.5902
   0.000   0.3829   0.01434   0.00811  -0.1029   0.8365   0.6337
   0.500   0.4407   0.01379   0.00769  -0.1022   0.8201   0.6733
   1.000   0.5000   0.01322   0.00725  -0.1017   0.8026   0.7141
   1.500   0.5591   0.01268   0.00681  -0.1012   0.7831   0.7577
   2.000   0.6082   0.01231   0.00662  -0.0986   0.7574   0.8057
   2.500   0.6590   0.01193   0.00636  -0.0961   0.7304   0.8698
   3.000   0.7291   0.01179   0.00625  -0.0978   0.6972   0.9647
   3.500   0.7974   0.01189   0.00612  -0.1005   0.6599   1.0000
   4.000   0.8451   0.01223   0.00619  -0.0988   0.6224   1.0000
   4.500   0.8915   0.01271   0.00644  -0.0967   0.5851   1.0000
   5.000   0.9359   0.01329   0.00682  -0.0944   0.5486   1.0000
   5.500   0.9784   0.01391   0.00727  -0.0917   0.5128   1.0000
   6.000   1.0189   0.01457   0.00778  -0.0887   0.4775   1.0000
   6.500   1.0570   0.01529   0.00837  -0.0853   0.4426   1.0000
   7.000   1.0922   0.01608   0.00902  -0.0815   0.4080   1.0000
   7.500   1.1223   0.01695   0.00976  -0.0768   0.3742   1.0000
   8.000   1.1507   0.01798   0.01065  -0.0720   0.3404   1.0000
   8.500   1.1780   0.01916   0.01172  -0.0674   0.3064   1.0000
   9.000   1.2041   0.02051   0.01297  -0.0630   0.2730   1.0000
   9.500   1.2285   0.02208   0.01444  -0.0586   0.2410   1.0000
  10.000   1.2513   0.02387   0.01615  -0.0543   0.2115   1.0000
