  
       XFOIL         Version 6.99
  
 Calculated polar for: NACA 4520                                       
  
 1 1 Reynolds number fixed          Mach number fixed         
  
 xtrf =   1.000 (top)        1.000 (bottom)  
 Mach =   0.050     Re =     0.200 e 6     Ncrit =   9.000
  
   alpha    CL        CD       CDp       CM     Top_Xtr  Bot_Xtr
  ------ -------- --------- --------- -------- -------- --------
  -2.000   0.2525   0.01600   0.00850  -0.1156   0.7706   0.3864
  -1.500   0.3140   0.01559   0.00815  -0.1163   0.7588   0.4191
  -1.000   0.3706   0.01533   0.00792  -0.1161   0.7446   0.4541
  -0.500   0.4222   0.01517   0.00789  -0.1150   0.7293   0.4896
   0.000   0.4780   0.01503   0.00779  -0.1146   0.7151   0.5303
   0.500   0.5388   0.01479   0.00760  -0.1151   0.7016   0.5753
   1.000   0.5869   0.01471   0.00769  -0.1132   0.6851   0.6232
   1.500   0.6362   0.01464   0.00783  -0.1115   0.6692   0.6787
   2.000   0.6860   0.01456   0.00795  -0.1097   0.6538   0.7478
   2.500   0.7352   0.01449   0.00807  -0.1073   0.6389   0.8373
   3.000   0.7993   0.01464   0.00829  -0.1078   0.6225   0.9360
   3.500   0.8978   0.01500   0.00856  -0.1165   0.6040   0.9925
   4.000   0.9470   0.01527   0.00871  -0.1158   0.5868   1.0000
   4.500   0.9822   0.01560   0.00891  -0.1120   0.5704   1.0000
   5.000   1.0227   0.01598   0.00917  -0.1091   0.5540   1.0000
   5.500   1.0656   0.01640   0.00945  -0.1066   0.5375   1.0000
   6.000   1.1098   0.01685   0.00977  -0.1045   0.5208   1.0000
   6.500   1.1471   0.01735   0.01021  -0.1010   0.5036   1.0000
   7.000   1.1806   0.01791   0.01076  -0.0970   0.4863   1.0000
   7.500   1.2110   0.01853   0.01136  -0.0925   0.4693   1.0000
   8.000   1.2425   0.01926   0.01204  -0.0883   0.4522   1.0000
   8.500   1.2735   0.02007   0.01282  -0.0843   0.4350   1.0000
   9.000   1.3032   0.02100   0.01371  -0.0803   0.4178   1.0000
   9.500   1.3311   0.02205   0.01473  -0.0762   0.4005   1.0000
  10.000   1.3570   0.02325   0.01591  -0.0721   0.3832   1.0000
  -2.000   0.2525   0.01600   0.00850  -0.1156   0.7706   0.3864
  -1.500   0.3140   0.01559   0.00815  -0.1163   0.7588   0.4191
  -1.000   0.3706   0.01533   0.00792  -0.1161   0.7446   0.4541
  -0.500   0.4222   0.01517   0.00789  -0.1150   0.7293   0.4896
   0.000   0.4780   0.01503   0.00779  -0.1146   0.7151   0.5303
   0.500   0.5388   0.01479   0.00760  -0.1151   0.7016   0.5753
   1.000   0.5869   0.01471   0.00769  -0.1132   0.6851   0.6232
   1.500   0.6362   0.01464   0.00783  -0.1115   0.6692   0.6787
   2.000   0.6860   0.01456   0.00795  -0.1097   0.6538   0.7478
   2.500   0.7352   0.01449   0.00807  -0.1073   0.6389   0.8373
   3.000   0.7993   0.01464   0.00829  -0.1078   0.6225   0.9360
   3.500   0.8978   0.01500   0.00856  -0.1165   0.6040   0.9925
   4.000   0.9470   0.01527   0.00871  -0.1158   0.5868   1.0000
   4.500   0.9822   0.01560   0.00891  -0.1120   0.5704   1.0000
   5.000   1.0227   0.01598   0.00917  -0.1091   0.5540   1.0000
   5.500   1.0656   0.01640   0.00945  -0.1066   0.5375   1.0000
   6.000   1.1098   0.01685   0.00977  -0.1045   0.5208   1.0000
   6.500   1.1471   0.01735   0.01021  -0.1010   0.5036   1.0000
   7.000   1.1806   0.01791   0.01076  -0.0970   0.4863   1.0000
   7.500   1.2110   0.01853   0.01136  -0.0925   0.4693   1.0000
   8.000   1.2425   0.01926   0.01204  -0.0883   0.4522   1.0000
   8.500   1.2735   0.02007   0.01282  -0.0843   0.4350   1.0000
   9.000   1.3032   0.02100   0.01371  -0.0803   0.4178   1.0000
   9.500   1.3311   0.02205   0.01473  -0.0762   0.4005   1.0000
  10.000   1.3570   0.02325   0.01591  -0.0721   0.3832   1.0000
