  
       XFOIL         Version 6.99
  
 Calculated polar for: NACA 7228                                       
  
 1 1 Reynolds number fixed          Mach number fixed         
  
 xtrf =   1.000 (top)        1.000 (bottom)  
 Mach =   0.050     Re =     0.200 e 6     Ncrit =   9.000
  
   alpha    CL        CD       CDp       CM     Top_Xtr  Bot_Xtr
  ------ -------- --------- --------- -------- -------- --------
  -2.000   0.3481   0.02493   0.01514  -0.0748   0.4719   0.1055
  -1.500   0.3719   0.02460   0.01476  -0.0694   0.4496   0.1089
  -1.000   0.3965   0.02469   0.01461  -0.0643   0.4262   0.1128
  -0.500   0.4208   0.02484   0.01467  -0.0595   0.4020   0.1171
   0.000   0.4461   0.02528   0.01498  -0.0550   0.3802   0.1221
   0.500   0.4748   0.02569   0.01526  -0.0514   0.3629   0.1277
   1.000   0.5081   0.02623   0.01564  -0.0486   0.3497   0.1348
   1.500   0.5426   0.02658   0.01602  -0.0462   0.3391   0.1430
   2.000   0.5831   0.02697   0.01634  -0.0447   0.3310   0.1537
   2.500   0.6231   0.02741   0.01677  -0.0433   0.3245   0.1687
   3.000   0.6706   0.02756   0.01695  -0.0431   0.3191   0.2204
   3.500   0.7021   0.02662   0.01816  -0.0393   0.3152   0.7875
   4.000   0.7541   0.02781   0.01969  -0.0385   0.3111   0.9577
   4.500   0.8714   0.02974   0.02138  -0.0518   0.3064   1.0000
   5.000   0.8966   0.03023   0.02166  -0.0480   0.3037   1.0000
   5.500   0.9413   0.03100   0.02219  -0.0473   0.3008   1.0000
   6.000   0.9630   0.03223   0.02343  -0.0437   0.2989   1.0000
   6.500   0.9919   0.03363   0.02483  -0.0414   0.2968   1.0000
   7.000   1.0232   0.03516   0.02635  -0.0398   0.2948   1.0000
   7.500   1.0562   0.03677   0.02793  -0.0386   0.2929   1.0000
   8.000   1.0910   0.03842   0.02955  -0.0377   0.2911   1.0000
   8.500   1.1282   0.04008   0.03115  -0.0372   0.2895   1.0000
   9.000   1.1739   0.04159   0.03255  -0.0377   0.2877   1.0000
   9.500   1.2151   0.04383   0.03476  -0.0380   0.2858   1.0000
  10.000   1.2056   0.04775   0.03894  -0.0337   0.2848   1.0000
