  
       XFOIL         Version 6.99
  
 Calculated polar for: NACA 7730                                       
  
 1 1 Reynolds number fixed          Mach number fixed         
  
 xtrf =   1.000 (top)        1.000 (bottom)  
 Mach =   0.050     Re =     0.200 e 6     Ncrit =   9.000
  
   alpha    CL        CD       CDp       CM     Top_Xtr  Bot_Xtr
  ------ -------- --------- --------- -------- -------- --------
  -2.000   0.1810   0.03376   0.02628  -0.1526   0.7108   0.3269
  -1.500   0.2601   0.03211   0.02474  -0.1564   0.7068   0.3414
  -1.000   0.3503   0.03014   0.02274  -0.1620   0.7042   0.3576
  -0.500   0.4505   0.02808   0.02056  -0.1692   0.7016   0.3751
   0.000   0.5077   0.02787   0.02046  -0.1698   0.6873   0.3895
   0.500   0.6188   0.02574   0.01821  -0.1791   0.6821   0.4091
   1.000   0.6693   0.02618   0.01861  -0.1788   0.6656   0.4246
   1.500   0.7356   0.02604   0.01848  -0.1810   0.6520   0.4409
   2.000   0.8188   0.02548   0.01775  -0.1861   0.6402   0.4600
   2.500   0.8512   0.02652   0.01890  -0.1827   0.6239   0.4747
   3.000   0.9206   0.02648   0.01877  -0.1856   0.6119   0.4930
   3.500   0.9601   0.02731   0.01961  -0.1834   0.5975   0.5096
   4.000   1.0024   0.02813   0.02048  -0.1819   0.5843   0.5259
   4.500   1.0625   0.02840   0.02062  -0.1831   0.5723   0.5449
   5.000   1.0877   0.02976   0.02214  -0.1788   0.5589   0.5600
   5.500   1.1561   0.02981   0.02201  -0.1814   0.5480   0.5800
   6.000   1.1675   0.03165   0.02408  -0.1749   0.5348   0.5939
   6.500   1.2395   0.03157   0.02380  -0.1780   0.5246   0.6138
   7.000   1.2422   0.03382   0.02630  -0.1705   0.5119   0.6269
   7.500   1.3125   0.03376   0.02603  -0.1732   0.5021   0.6456
   8.000   1.3106   0.03635   0.02888  -0.1653   0.4899   0.6584
   8.500   1.3761   0.03636   0.02871  -0.1673   0.4804   0.6757
   9.000   1.3737   0.03924   0.03182  -0.1599   0.4686   0.6895
   9.500   1.4323   0.03939   0.03182  -0.1608   0.4594   0.7052
  10.000   1.4328   0.04252   0.03514  -0.1545   0.4481   0.7201
