  
       XFOIL         Version 6.99
  
 Calculated polar for: NACA 6422                                       
  
 1 1 Reynolds number fixed          Mach number fixed         
  
 xtrf =   1.000 (top)        1.000 (bottom)  
 Mach =   0.050     Re =     0.200 e 6     Ncrit =   9.000
  
   alpha    CL        CD       CDp       CM     Top_Xtr  Bot_Xtr
  ------ -------- --------- --------- -------- -------- --------
  -2.000   0.4363   0.01760   0.00887  -0.1399   0.6403   0.2457
  -1.500   0.4882   0.01751   0.00877  -0.1392   0.6270   0.2685
  -1.000   0.5442   0.01744   0.00861  -0.1392   0.6150   0.2959
  -0.500   0.5911   0.01743   0.00871  -0.1377   0.6030   0.3260
   0.000   0.6484   0.01735   0.00866  -0.1382   0.5928   0.3673
   0.500   0.6924   0.01725   0.00889  -0.1362   0.5823   0.4248
   1.000   0.7470   0.01696   0.00912  -0.1361   0.5736   0.5925
   1.500   0.7795   0.01685   0.00975  -0.1309   0.5643   0.7855
   2.000   0.8503   0.01716   0.01016  -0.1326   0.5560   0.9444
   2.500   0.9527   0.01788   0.01076  -0.1426   0.5465   1.0000
   3.000   0.9879   0.01824   0.01096  -0.1392   0.5389   1.0000
   3.500   1.0347   0.01880   0.01133  -0.1380   0.5317   1.0000
   4.000   1.0659   0.01938   0.01191  -0.1338   0.5238   1.0000
   4.500   1.1194   0.01986   0.01221  -0.1338   0.5167   1.0000
   5.000   1.1596   0.02065   0.01298  -0.1314   0.5096   1.0000
   5.500   1.1978   0.02131   0.01363  -0.1287   0.5019   1.0000
   6.000   1.2620   0.02188   0.01400  -0.1307   0.4953   1.0000
   6.500   1.2833   0.02286   0.01513  -0.1252   0.4878   1.0000
   7.000   1.3244   0.02351   0.01574  -0.1231   0.4805   1.0000
   7.500   1.3864   0.02429   0.01639  -0.1249   0.4740   1.0000
   8.000   1.3894   0.02548   0.01777  -0.1164   0.4663   1.0000
   8.500   1.4418   0.02604   0.01826  -0.1164   0.4595   1.0000
   9.000   1.4715   0.02728   0.01956  -0.1130   0.4524   1.0000
   9.500   1.4859   0.02866   0.02106  -0.1074   0.4445   1.0000
  10.000   1.5612   0.02884   0.02107  -0.1111   0.4382   1.0000
