  
       XFOIL         Version 6.99
  
 Calculated polar for: NACA 3436                                       
  
 1 1 Reynolds number fixed          Mach number fixed         
  
 xtrf =   1.000 (top)        1.000 (bottom)  
 Mach =   0.050     Re =     0.200 e 6     Ncrit =   9.000
  
   alpha    CL        CD       CDp       CM     Top_Xtr  Bot_Xtr
  ------ -------- --------- --------- -------- -------- --------
  -2.000   0.0566   0.02323   0.01442  -0.0560   0.5595   0.4112
  -1.500   0.0912   0.02314   0.01422  -0.0525   0.5511   0.4252
  -1.000   0.1303   0.02320   0.01439  -0.0499   0.5431   0.4401
  -0.500   0.1393   0.02327   0.01451  -0.0418   0.5348   0.4543
   0.000   0.1867   0.02319   0.01443  -0.0407   0.5272   0.4724
   0.500   0.2146   0.02342   0.01478  -0.0362   0.5199   0.4896
   1.000   0.2220   0.02373   0.01515  -0.0281   0.5119   0.5072
   1.500   0.2758   0.02371   0.01515  -0.0281   0.5049   0.5296
   2.000   0.3091   0.02423   0.01581  -0.0249   0.4980   0.5507
   2.500   0.3198   0.02490   0.01664  -0.0181   0.4900   0.5713
   3.000   0.3756   0.02497   0.01666  -0.0185   0.4835   0.5962
   3.500   0.4123   0.02569   0.01750  -0.0162   0.4768   0.6196
   4.000   0.4148   0.02682   0.01888  -0.0087   0.4688   0.6404
   4.500   0.4725   0.02692   0.01895  -0.0096   0.4628   0.6652
   5.000   0.5113   0.02777   0.01982  -0.0079   0.4563   0.6895
   5.500   0.4974   0.02973   0.02212   0.0009   0.4481   0.7116
   6.000   0.5585   0.02972   0.02211  -0.0003   0.4425   0.7375
   6.500   0.5917   0.03084   0.02331   0.0018   0.4362   0.7636
   7.000   0.5522   0.03440   0.02719   0.0120   0.4271   0.7897
   7.500   0.6272   0.03370   0.02645   0.0098   0.4225   0.8203
   8.000   0.5207   0.04179   0.03511   0.0248   0.4100   0.8493
   8.500   0.5725   0.04182   0.03515   0.0254   0.4053   0.8842
   9.000   0.6785   0.03946   0.03258   0.0211   0.4027   0.9158
   9.500   0.4855   0.05765   0.05144   0.0362   0.3821   0.9448
  10.000   0.6233   0.05391   0.04748   0.0276   0.3820   0.9661
