  
       XFOIL         Version 6.99
  
 Calculated polar for: NACA 8222                                       
  
 1 1 Reynolds number fixed          Mach number fixed         
  
 xtrf =   1.000 (top)        1.000 (bottom)  
 Mach =   0.050     Re =     0.200 e 6     Ncrit =   9.000
  
   alpha    CL        CD       CDp       CM     Top_Xtr  Bot_Xtr
  ------ -------- --------- --------- -------- -------- --------
  -2.000   0.4570   0.03478   0.02709  -0.1004   0.4024   0.0905
  -1.500   0.4713   0.03411   0.02586  -0.0934   0.3717   0.0978
  -1.000   0.4990   0.03364   0.02488  -0.0888   0.3513   0.1060
  -0.500   0.5322   0.03156   0.02259  -0.0863   0.3380   0.1119
   0.000   0.5756   0.03081   0.02145  -0.0844   0.3288   0.1260
   0.500   0.6208   0.02969   0.02002  -0.0835   0.3215   0.1437
   1.000   0.6718   0.02833   0.01844  -0.0837   0.3161   0.1752
   1.500   0.7236   0.02760   0.01750  -0.0832   0.3114   0.1934
   2.000   0.7843   0.02760   0.01676  -0.0804   0.3075   0.0969
   2.500   0.8424   0.02748   0.01651  -0.0813   0.3034   0.1023
   3.000   0.8926   0.02764   0.01669  -0.0809   0.3006   0.1098
   3.500   0.9406   0.02795   0.01706  -0.0803   0.2981   0.1195
   4.000   0.9893   0.02838   0.01755  -0.0800   0.2957   0.1319
   4.500   1.0386   0.02891   0.01809  -0.0799   0.2935   0.1485
   5.000   1.0891   0.02956   0.01868  -0.0800   0.2915   0.1777
   5.500   1.1371   0.02877   0.01968  -0.0792   0.2896   1.0000
   6.000   1.1923   0.03003   0.02069  -0.0802   0.2878   1.0000
   6.500   1.2519   0.03175   0.02225  -0.0822   0.2858   1.0000
   7.000   1.2816   0.03316   0.02373  -0.0795   0.2846   1.0000
   7.500   1.3119   0.03482   0.02546  -0.0773   0.2833   1.0000
   8.000   1.3407   0.03671   0.02744  -0.0751   0.2821   1.0000
   8.500   1.3653   0.03887   0.02971  -0.0726   0.2810   1.0000
   9.000   1.3845   0.04138   0.03235  -0.0698   0.2798   1.0000
   9.500   1.3966   0.04436   0.03550  -0.0667   0.2787   1.0000
  10.000   1.3982   0.04810   0.03944  -0.0630   0.2777   1.0000
