  
       XFOIL         Version 6.99
  
 Calculated polar for: NACA 9418                                       
  
 1 1 Reynolds number fixed          Mach number fixed         
  
 xtrf =   1.000 (top)        1.000 (bottom)  
 Mach =   0.050     Re =     0.200 e 6     Ncrit =   9.000
  
   alpha    CL        CD       CDp       CM     Top_Xtr  Bot_Xtr
  ------ -------- --------- --------- -------- -------- --------
  -2.000   0.7493   0.01946   0.01081  -0.2082   0.6387   0.1214
  -1.500   0.8049   0.01917   0.01031  -0.2084   0.6266   0.1335
  -1.000   0.8579   0.01899   0.01000  -0.2081   0.6147   0.1476
  -0.500   0.9080   0.01899   0.00996  -0.2074   0.6033   0.1638
   0.000   0.9669   0.01900   0.00986  -0.2083   0.5941   0.1844
   0.500   1.0136   0.01920   0.01013  -0.2070   0.5847   0.2072
   1.000   1.0706   0.01934   0.01017  -0.2076   0.5765   0.2371
   1.500   1.1192   0.01965   0.01060  -0.2068   0.5686   0.2714
   2.000   1.1710   0.01988   0.01092  -0.2066   0.5614   0.3176
   2.500   1.2321   0.01995   0.01126  -0.2084   0.5551   0.4156
   3.000   1.2643   0.01959   0.01197  -0.2040   0.5482   1.0000
   3.500   1.3168   0.02023   0.01242  -0.2039   0.5422   1.0000
   4.000   1.3788   0.02099   0.01293  -0.2057   0.5366   1.0000
   4.500   1.4106   0.02190   0.01392  -0.2020   0.5303   1.0000
   5.000   1.4581   0.02268   0.01464  -0.2012   0.5247   1.0000
   5.500   1.5228   0.02338   0.01514  -0.2036   0.5196   1.0000
   6.000   1.5486   0.02459   0.01650  -0.1991   0.5138   1.0000
   6.500   1.5800   0.02565   0.01762  -0.1956   0.5082   1.0000
   7.000   1.6384   0.02632   0.01820  -0.1969   0.5031   1.0000
   7.500   1.6807   0.02757   0.01948  -0.1956   0.4981   1.0000
   8.000   1.6833   0.02936   0.02149  -0.1875   0.4920   1.0000
   8.500   1.7242   0.03033   0.02248  -0.1860   0.4866   1.0000
   9.000   1.8034   0.03092   0.02293  -0.1911   0.4822   1.0000
   9.500   1.7612   0.03423   0.02665  -0.1767   0.4754   1.0000
  10.000   1.7772   0.03619   0.02873  -0.1719   0.4694   1.0000
