  
       XFOIL         Version 6.99
  
 Calculated polar for: NACA 5214                                       
  
 1 1 Reynolds number fixed          Mach number fixed         
  
 xtrf =   1.000 (top)        1.000 (bottom)  
 Mach =   0.050     Re =     0.200 e 6     Ncrit =   9.000
  
   alpha    CL        CD       CDp       CM     Top_Xtr  Bot_Xtr
  ------ -------- --------- --------- -------- -------- --------
  -2.000   0.3052   0.02036   0.01282  -0.0890   0.6945   0.0712
  -1.500   0.3572   0.01844   0.01034  -0.0871   0.6520   0.0742
  -1.000   0.4076   0.01705   0.00852  -0.0852   0.6039   0.0799
  -0.500   0.4560   0.01650   0.00755  -0.0831   0.5461   0.0877
   0.000   0.5006   0.01607   0.00676  -0.0807   0.4773   0.0978
   0.500   0.5440   0.01606   0.00638  -0.0783   0.4163   0.1112
   1.000   0.5901   0.01617   0.00621  -0.0765   0.3805   0.1304
   1.500   0.6385   0.01612   0.00603  -0.0752   0.3597   0.1651
   2.000   0.7059   0.01457   0.00640  -0.0773   0.3455   1.0000
   2.500   0.7541   0.01527   0.00673  -0.0760   0.3362   1.0000
   3.000   0.8044   0.01587   0.00716  -0.0750   0.3291   1.0000
   3.500   0.8550   0.01653   0.00763  -0.0742   0.3227   1.0000
   4.000   0.9074   0.01738   0.00827  -0.0739   0.3172   1.0000
   4.500   0.9589   0.01805   0.00892  -0.0733   0.3127   1.0000
   5.000   1.0110   0.01882   0.00963  -0.0730   0.3085   1.0000
   5.500   1.0641   0.01969   0.01040  -0.0729   0.3048   1.0000
   6.000   1.1183   0.02085   0.01148  -0.0731   0.3010   1.0000
   6.500   1.1678   0.02171   0.01246  -0.0725   0.2979   1.0000
   7.000   1.2179   0.02271   0.01356  -0.0720   0.2947   1.0000
   7.500   1.2683   0.02379   0.01471  -0.0717   0.2917   1.0000
   8.000   1.3194   0.02493   0.01586  -0.0716   0.2885   1.0000
   8.500   1.3732   0.02674   0.01765  -0.0723   0.2852   1.0000
   9.000   1.4162   0.02802   0.01922  -0.0709   0.2831   1.0000
   9.500   1.4578   0.02953   0.02100  -0.0695   0.2805   1.0000
  10.000   1.4992   0.03104   0.02274  -0.0681   0.2771   1.0000
