  
       XFOIL         Version 6.99
  
 Calculated polar for: NACA 8112                                       
  
 1 1 Reynolds number fixed          Mach number fixed         
  
 xtrf =   1.000 (top)        1.000 (bottom)  
 Mach =   0.050     Re =     0.200 e 6     Ncrit =   9.000
  
   alpha    CL        CD       CDp       CM     Top_Xtr  Bot_Xtr
  ------ -------- --------- --------- -------- -------- --------
  -2.000   0.4719   0.04377   0.03618  -0.0860   0.1658   0.0099
  -1.500   0.5215   0.04107   0.03323  -0.0863   0.1646   0.0104
  -1.000   0.5738   0.03902   0.03089  -0.0864   0.1635   0.0112
  -0.500   0.6298   0.03838   0.02991  -0.0856   0.1620   0.0119
   0.000   0.6817   0.03585   0.02711  -0.0859   0.1606   0.0125
   0.500   0.7378   0.03577   0.02669  -0.0849   0.1595   0.0147
   1.000   0.7911   0.03372   0.02438  -0.0853   0.1588   0.0159
   1.500   0.8459   0.03334   0.02374  -0.0850   0.1581   0.0176
   2.000   0.9009   0.03417   0.02431  -0.0839   0.1576   0.0184
   2.500   0.9536   0.03304   0.02303  -0.0843   0.1571   0.0203
   3.000   1.0065   0.03479   0.02456  -0.0830   0.1568   0.0226
   3.500   1.0577   0.03395   0.02370  -0.0831   0.1565   0.0251
   4.000   1.1075   0.03535   0.02502  -0.0820   0.1563   0.0284
   4.500   1.1553   0.03649   0.02617  -0.0811   0.1562   0.0342
   5.000   1.2010   0.03775   0.02752  -0.0800   0.1562   0.0414
   5.500   1.2436   0.03899   0.02900  -0.0788   0.1564   0.0587
