  
       XFOIL         Version 6.99
  
 Calculated polar for: NACA 3622                                       
  
 1 1 Reynolds number fixed          Mach number fixed         
  
 xtrf =   1.000 (top)        1.000 (bottom)  
 Mach =   0.050     Re =     0.200 e 6     Ncrit =   9.000
  
   alpha    CL        CD       CDp       CM     Top_Xtr  Bot_Xtr
  ------ -------- --------- --------- -------- -------- --------
  -2.000   0.1225   0.01707   0.00985  -0.0937   0.7993   0.4420
  -1.500   0.1799   0.01657   0.00944  -0.0934   0.7842   0.4667
  -1.000   0.2496   0.01593   0.00887  -0.0953   0.7714   0.4934
  -0.500   0.3165   0.01542   0.00837  -0.0967   0.7559   0.5204
   0.000   0.3719   0.01515   0.00813  -0.0960   0.7364   0.5466
   0.500   0.4280   0.01496   0.00794  -0.0954   0.7159   0.5731
   1.000   0.4838   0.01486   0.00781  -0.0948   0.6945   0.6000
   1.500   0.5346   0.01485   0.00779  -0.0933   0.6717   0.6266
   2.000   0.5834   0.01491   0.00784  -0.0915   0.6482   0.6536
   2.500   0.6321   0.01502   0.00793  -0.0897   0.6250   0.6812
   3.000   0.6801   0.01515   0.00809  -0.0878   0.6025   0.7093
   3.500   0.7268   0.01536   0.00832  -0.0856   0.5807   0.7391
   4.000   0.7716   0.01561   0.00861  -0.0832   0.5595   0.7722
   4.500   0.8138   0.01588   0.00894  -0.0801   0.5390   0.8093
   5.000   0.8521   0.01616   0.00931  -0.0762   0.5194   0.8559
   5.500   0.8926   0.01654   0.00976  -0.0726   0.5002   0.9222
   6.000   0.9728   0.01726   0.01044  -0.0779   0.4777   0.9925
   6.500   1.0040   0.01768   0.01068  -0.0742   0.4597   1.0000
   7.000   1.0370   0.01829   0.01114  -0.0705   0.4418   1.0000
   7.500   1.0718   0.01900   0.01171  -0.0671   0.4240   1.0000
   8.000   1.1056   0.01980   0.01239  -0.0636   0.4063   1.0000
   8.500   1.1340   0.02071   0.01328  -0.0595   0.3889   1.0000
   9.000   1.1632   0.02173   0.01429  -0.0557   0.3717   1.0000
   9.500   1.1920   0.02288   0.01541  -0.0521   0.3549   1.0000
  10.000   1.2202   0.02416   0.01665  -0.0486   0.3385   1.0000
