  
       XFOIL         Version 6.99
  
 Calculated polar for: NACA 2416                                       
  
 1 1 Reynolds number fixed          Mach number fixed         
  
 xtrf =   1.000 (top)        1.000 (bottom)  
 Mach =   0.050     Re =     0.200 e 6     Ncrit =   9.000
  
   alpha    CL        CD       CDp       CM     Top_Xtr  Bot_Xtr
  ------ -------- --------- --------- -------- -------- --------
  -2.000   0.0161   0.01199   0.00565  -0.0559   0.8305   0.5540
  -1.500   0.0664   0.01159   0.00548  -0.0539   0.8058   0.6330
  -1.000   0.1173   0.01131   0.00538  -0.0517   0.7800   0.7058
  -0.500   0.1695   0.01118   0.00533  -0.0496   0.7550   0.7717
   0.000   0.2206   0.01124   0.00544  -0.0473   0.7279   0.8296
   0.500   0.2739   0.01144   0.00557  -0.0453   0.7015   0.8802
   1.000   0.3360   0.01179   0.00577  -0.0452   0.6761   0.9188
   1.500   0.4118   0.01220   0.00606  -0.0483   0.6488   0.9461
   2.000   0.4980   0.01258   0.00623  -0.0540   0.6227   0.9670
   2.500   0.5921   0.01287   0.00637  -0.0618   0.5958   0.9831
   3.000   0.6879   0.01305   0.00641  -0.0703   0.5689   0.9989
   3.500   0.7335   0.01321   0.00644  -0.0689   0.5469   1.0000
   4.000   0.7742   0.01347   0.00656  -0.0663   0.5255   1.0000
   4.500   0.8135   0.01375   0.00680  -0.0634   0.5035   1.0000
   5.000   0.8525   0.01408   0.00708  -0.0603   0.4812   1.0000
   5.500   0.8912   0.01445   0.00740  -0.0570   0.4587   1.0000
   6.000   0.9297   0.01488   0.00774  -0.0536   0.4360   1.0000
   6.500   0.9675   0.01534   0.00815  -0.0501   0.4123   1.0000
   7.000   1.0035   0.01580   0.00862  -0.0464   0.3868   1.0000
   7.500   1.0393   0.01640   0.00909  -0.0426   0.3613   1.0000
   8.000   1.0740   0.01702   0.00972  -0.0388   0.3331   1.0000
   8.500   1.1065   0.01782   0.01045  -0.0348   0.3050   1.0000
   9.000   1.1354   0.01878   0.01132  -0.0304   0.2765   1.0000
   9.500   1.1594   0.01984   0.01235  -0.0253   0.2484   1.0000
  10.000   1.1801   0.02122   0.01365  -0.0201   0.2221   1.0000
