  
       XFOIL         Version 6.99
  
 Calculated polar for: NACA 2224                                       
  
 1 1 Reynolds number fixed          Mach number fixed         
  
 xtrf =   1.000 (top)        1.000 (bottom)  
 Mach =   0.050     Re =     0.200 e 6     Ncrit =   9.000
  
   alpha    CL        CD       CDp       CM     Top_Xtr  Bot_Xtr
  ------ -------- --------- --------- -------- -------- --------
  -2.000  -0.0267   0.01505   0.00779  -0.0297   0.6504   0.5787
  -1.500   0.0228   0.01503   0.00772  -0.0280   0.6275   0.6028
  -1.000   0.0717   0.01504   0.00769  -0.0261   0.6046   0.6278
  -0.500   0.1201   0.01510   0.00771  -0.0242   0.5822   0.6547
   0.000   0.1698   0.01514   0.00772  -0.0226   0.5600   0.6780
   0.500   0.2186   0.01523   0.00777  -0.0208   0.5378   0.7019
   1.000   0.2666   0.01536   0.00786  -0.0189   0.5155   0.7264
   1.500   0.3131   0.01555   0.00802  -0.0168   0.4931   0.7525
   2.000   0.3590   0.01581   0.00824  -0.0145   0.4715   0.7790
   3.500   0.4960   0.01714   0.00944  -0.0074   0.4123   0.8578
   4.000   0.5427   0.01777   0.01007  -0.0052   0.3959   0.8823
   4.500   0.5951   0.01856   0.01080  -0.0043   0.3811   0.9047
   5.000   0.6569   0.01949   0.01156  -0.0054   0.3680   0.9241
   5.500   0.7227   0.02037   0.01241  -0.0076   0.3563   0.9417
   6.000   0.8156   0.02152   0.01346  -0.0155   0.3447   0.9489
   6.500   0.8948   0.02244   0.01427  -0.0208   0.3355   0.9618
   7.000   0.9771   0.02347   0.01529  -0.0270   0.3268   0.9729
   7.500   1.0604   0.02430   0.01608  -0.0335   0.3189   0.9827
   8.000   1.1425   0.02534   0.01705  -0.0398   0.3117   0.9925
   8.500   1.2066   0.02613   0.01794  -0.0431   0.3051   1.0000
   9.000   1.2193   0.02661   0.01838  -0.0366   0.3004   1.0000
   9.500   1.2490   0.02752   0.01920  -0.0330   0.2957   1.0000
  10.000   1.2263   0.02805   0.01991  -0.0200   0.2922   1.0000
