  
       XFOIL         Version 6.99
  
 Calculated polar for: NACA 2628                                       
  
 1 1 Reynolds number fixed          Mach number fixed         
  
 xtrf =   1.000 (top)        1.000 (bottom)  
 Mach =   0.050     Re =     0.200 e 6     Ncrit =   9.000
  
   alpha    CL        CD       CDp       CM     Top_Xtr  Bot_Xtr
  ------ -------- --------- --------- -------- -------- --------
  -2.000   0.0296   0.01780   0.00995  -0.0637   0.6979   0.4558
  -1.500   0.0750   0.01759   0.00979  -0.0615   0.6787   0.4713
  -1.000   0.1195   0.01750   0.00965  -0.0592   0.6599   0.4881
  -0.500   0.1678   0.01747   0.00961  -0.0576   0.6418   0.5054
   0.000   0.2190   0.01743   0.00956  -0.0565   0.6245   0.5227
   0.500   0.2735   0.01743   0.00946  -0.0561   0.6075   0.5413
   1.000   0.3122   0.01755   0.00960  -0.0527   0.5899   0.5597
   1.500   0.3581   0.01768   0.00980  -0.0507   0.5734   0.5779
   2.000   0.4089   0.01784   0.00991  -0.0496   0.5579   0.5973
   2.500   0.4525   0.01802   0.01003  -0.0473   0.5422   0.6175
   3.000   0.4925   0.01823   0.01037  -0.0442   0.5269   0.6374
   3.500   0.5412   0.01846   0.01058  -0.0428   0.5127   0.6581
   4.000   0.5789   0.01864   0.01079  -0.0394   0.4983   0.6798
   4.500   0.6143   0.01897   0.01116  -0.0357   0.4845   0.7025
   5.000   0.6650   0.01927   0.01145  -0.0347   0.4713   0.7261
   5.500   0.6918   0.01964   0.01200  -0.0295   0.4580   0.7507
   6.000   0.7332   0.02011   0.01253  -0.0270   0.4453   0.7776
   6.500   0.7719   0.02054   0.01301  -0.0240   0.4328   0.8073
   7.000   0.8011   0.02119   0.01383  -0.0195   0.4205   0.8411
   7.500   0.8458   0.02172   0.01429  -0.0174   0.4089   0.8798
   8.000   0.8687   0.02267   0.01547  -0.0120   0.3969   0.9240
   8.500   0.9308   0.02380   0.01656  -0.0142   0.3844   0.9598
   9.000   1.0132   0.02500   0.01761  -0.0208   0.3710   0.9817
   9.500   1.0842   0.02669   0.01939  -0.0267   0.3574   0.9988
  10.000   1.0864   0.02699   0.01953  -0.0193   0.3487   1.0000
