  
       XFOIL         Version 6.99
  
 Calculated polar for: NACA 4724                                       
  
 1 1 Reynolds number fixed          Mach number fixed         
  
 xtrf =   1.000 (top)        1.000 (bottom)  
 Mach =   0.050     Re =     0.200 e 6     Ncrit =   9.000
  
   alpha    CL        CD       CDp       CM     Top_Xtr  Bot_Xtr
  ------ -------- --------- --------- -------- -------- --------
  -2.000   0.1195   0.02124   0.01405  -0.1103   0.7937   0.4095
  -1.000   0.2643   0.01893   0.01184  -0.1149   0.7744   0.4545
  -0.500   0.3262   0.01820   0.01116  -0.1154   0.7573   0.4766
   0.000   0.3966   0.01739   0.01039  -0.1174   0.7396   0.4998
   1.000   0.5563   0.01611   0.00901  -0.1253   0.6986   0.5487
   1.500   0.6259   0.01611   0.00892  -0.1276   0.6746   0.5721
   2.000   0.6804   0.01643   0.00920  -0.1271   0.6504   0.5939
   2.500   0.7322   0.01682   0.00955  -0.1261   0.6277   0.6155
   3.000   0.7819   0.01727   0.00994  -0.1247   0.6064   0.6371
   3.500   0.8307   0.01776   0.01036  -0.1233   0.5859   0.6586
   4.000   0.8788   0.01831   0.01081  -0.1217   0.5662   0.6799
   4.500   0.9146   0.01889   0.01146  -0.1178   0.5470   0.6990
   5.000   0.9527   0.01948   0.01207  -0.1145   0.5284   0.7184
   5.500   0.9929   0.02006   0.01265  -0.1117   0.5106   0.7384
   6.000   1.0342   0.02063   0.01320  -0.1091   0.4934   0.7589
   6.500   1.0770   0.02118   0.01368  -0.1069   0.4766   0.7797
   7.000   1.1096   0.02183   0.01438  -0.1030   0.4598   0.8011
   7.500   1.1407   0.02254   0.01519  -0.0989   0.4436   0.8236
   8.000   1.1743   0.02324   0.01592  -0.0954   0.4280   0.8482
   8.500   1.2088   0.02390   0.01657  -0.0920   0.4130   0.8777
   9.000   1.2282   0.02457   0.01739  -0.0859   0.3982   0.9292
   9.500   1.2619   0.02559   0.01844  -0.0838   0.3827   1.0000
  10.000   1.2995   0.02695   0.01972  -0.0824   0.3677   1.0000
