  
       XFOIL         Version 6.99
  
 Calculated polar for: NACA 7416                                       
  
 1 1 Reynolds number fixed          Mach number fixed         
  
 xtrf =   1.000 (top)        1.000 (bottom)  
 Mach =   0.050     Re =     0.200 e 6     Ncrit =   9.000
  
   alpha    CL        CD       CDp       CM     Top_Xtr  Bot_Xtr
  ------ -------- --------- --------- -------- -------- --------
  -2.000   0.5671   0.01622   0.00783  -0.1715   0.7004   0.1515
  -1.500   0.6212   0.01593   0.00749  -0.1711   0.6828   0.1723
  -1.000   0.6752   0.01579   0.00726  -0.1707   0.6658   0.1985
  -0.500   0.7286   0.01565   0.00713  -0.1703   0.6496   0.2300
   0.000   0.7828   0.01561   0.00711  -0.1700   0.6353   0.2701
   0.500   0.8384   0.01557   0.00709  -0.1702   0.6222   0.3247
   1.000   0.8889   0.01528   0.00727  -0.1695   0.6092   0.4422
   1.500   0.9382   0.01455   0.00757  -0.1676   0.5980   1.0000
   2.000   0.9956   0.01502   0.00771  -0.1680   0.5878   1.0000
   2.500   1.0449   0.01554   0.00816  -0.1671   0.5774   1.0000
   3.000   1.1027   0.01610   0.00846  -0.1677   0.5687   1.0000
   3.500   1.1503   0.01667   0.00903  -0.1665   0.5594   1.0000
   4.000   1.2091   0.01726   0.00941  -0.1674   0.5514   1.0000
   4.500   1.2538   0.01791   0.01015  -0.1657   0.5428   1.0000
   5.000   1.3098   0.01850   0.01060  -0.1661   0.5351   1.0000
   5.500   1.3554   0.01928   0.01146  -0.1647   0.5271   1.0000
   6.000   1.4069   0.01991   0.01206  -0.1643   0.5192   1.0000
   6.500   1.4563   0.02075   0.01291  -0.1637   0.5120   1.0000
   7.000   1.4999   0.02149   0.01375  -0.1620   0.5036   1.0000
   7.500   1.5577   0.02227   0.01445  -0.1630   0.4967   1.0000
   8.000   1.5889   0.02321   0.01561  -0.1592   0.4881   1.0000
   8.500   1.6472   0.02385   0.01619  -0.1602   0.4808   1.0000
   9.000   1.6729   0.02501   0.01760  -0.1556   0.4722   1.0000
   9.500   1.7241   0.02564   0.01824  -0.1553   0.4643   1.0000
  10.000   1.7477   0.02686   0.01968  -0.1505   0.4556   1.0000
