  
       XFOIL         Version 6.99
  
 Calculated polar for: NACA 3608                                       
  
 1 1 Reynolds number fixed          Mach number fixed         
  
 xtrf =   1.000 (top)        1.000 (bottom)  
 Mach =   0.050     Re =     0.200 e 6     Ncrit =   9.000
  
   alpha    CL        CD       CDp       CM     Top_Xtr  Bot_Xtr
  ------ -------- --------- --------- -------- -------- --------
  -2.000   0.0351   0.01358   0.00716  -0.0832   0.9900   0.4358
  -1.500   0.1125   0.01346   0.00750  -0.0881   0.9842   0.5952
  -1.000   0.1792   0.01328   0.00768  -0.0904   0.9752   0.7193
  -0.500   0.2375   0.01278   0.00767  -0.0901   0.9643   1.0000
   0.000   0.3212   0.01300   0.00770  -0.0962   0.9570   1.0000
   0.500   0.3907   0.01309   0.00770  -0.0992   0.9446   1.0000
   1.000   0.4616   0.01308   0.00767  -0.1022   0.9319   1.0000
   1.500   0.5345   0.01288   0.00752  -0.1053   0.9188   1.0000
   2.000   0.6090   0.01241   0.00714  -0.1082   0.9049   1.0000
   2.500   0.6814   0.01155   0.00643  -0.1098   0.8882   1.0000
   3.000   0.7438   0.01045   0.00544  -0.1087   0.8572   1.0000
   3.500   0.7975   0.00980   0.00487  -0.1061   0.8045   1.0000
   4.000   0.8491   0.00971   0.00455  -0.1033   0.6991   1.0000
   4.500   0.8833   0.01127   0.00499  -0.0980   0.4795   1.0000
   5.000   0.9035   0.01454   0.00649  -0.0921   0.1619   1.0000
   5.500   0.9373   0.01734   0.00866  -0.0884   0.0681   1.0000
   6.000   0.9760   0.01965   0.01093  -0.0852   0.0514   1.0000
   6.500   1.0187   0.02201   0.01339  -0.0827   0.0422   1.0000
   7.000   1.0658   0.02580   0.01735  -0.0809   0.0370   1.0000
   7.500   1.1140   0.02902   0.02093  -0.0791   0.0328   1.0000
   8.000   1.1584   0.03398   0.02645  -0.0768   0.0313   1.0000
   8.500   1.1378   0.02958   0.02299  -0.0651   0.0299   1.0000
   9.000   1.1503   0.03743   0.03162  -0.0591   0.0300   1.0000
