  
       XFOIL         Version 6.99
  
 Calculated polar for: NACA 9226                                       
  
 1 1 Reynolds number fixed          Mach number fixed         
  
 xtrf =   1.000 (top)        1.000 (bottom)  
 Mach =   0.050     Re =     0.200 e 6     Ncrit =   9.000
  
   alpha    CL        CD       CDp       CM     Top_Xtr  Bot_Xtr
  ------ -------- --------- --------- -------- -------- --------
  -2.000   0.4118   0.04119   0.03357  -0.0860   0.3741   0.0890
  -1.500   0.4293   0.04011   0.03217  -0.0816   0.3533   0.0923
  -1.000   0.4599   0.03908   0.03074  -0.0788   0.3391   0.0982
  -0.500   0.4966   0.03832   0.02954  -0.0767   0.3293   0.1058
   0.000   0.5369   0.03768   0.02852  -0.0752   0.3218   0.1143
   0.500   0.5828   0.03676   0.02723  -0.0746   0.3157   0.1242
   1.000   0.6255   0.03577   0.02611  -0.0739   0.3107   0.1375
   1.500   0.6712   0.03501   0.02511  -0.0735   0.3066   0.1596
   2.000   0.7285   0.03496   0.02448  -0.0721   0.3031   0.1150
   2.500   0.7886   0.03422   0.02340  -0.0723   0.3001   0.0997
   3.000   0.8330   0.03448   0.02357  -0.0713   0.2978   0.1030
   3.500   0.8785   0.03471   0.02383  -0.0708   0.2955   0.1064
   4.000   0.9239   0.03536   0.02442  -0.0703   0.2933   0.1131
   4.500   0.9699   0.03589   0.02502  -0.0702   0.2914   0.1207
   5.000   1.0174   0.03655   0.02569  -0.0704   0.2895   0.1299
   5.500   1.0691   0.03726   0.02636  -0.0712   0.2875   0.1428
   6.000   1.1322   0.03822   0.02720  -0.0735   0.2853   0.1633
   7.000   1.1845   0.03998   0.03108  -0.0688   0.2835   1.0000
   7.500   1.2071   0.04239   0.03350  -0.0668   0.2824   1.0000
   8.000   1.2241   0.04523   0.03641  -0.0646   0.2814   1.0000
   8.500   1.2326   0.04871   0.04002  -0.0620   0.2804   1.0000
   9.000   1.2262   0.05337   0.04488  -0.0587   0.2795   1.0000
   9.500   1.1841   0.06119   0.05308  -0.0541   0.2784   1.0000
