  
       XFOIL         Version 6.99
  
 Calculated polar for: NACA 8510                                       
  
 1 1 Reynolds number fixed          Mach number fixed         
  
 xtrf =   1.000 (top)        1.000 (bottom)  
 Mach =   0.050     Re =     0.200 e 6     Ncrit =   9.000
  
   alpha    CL        CD       CDp       CM     Top_Xtr  Bot_Xtr
  ------ -------- --------- --------- -------- -------- --------
  -1.500   0.7559   0.01877   0.01129  -0.2310   0.8313   0.1461
  -0.500   0.8795   0.01774   0.01048  -0.2335   0.8168   0.2596
   0.000   0.9316   0.01773   0.01065  -0.2331   0.8067   0.3292
   0.500   1.0010   0.01697   0.01009  -0.2356   0.8015   0.4273
   1.000   1.0510   0.01687   0.01041  -0.2347   0.7906   0.5673
   1.500   1.1142   0.01571   0.00967  -0.2354   0.7852   1.0000
   2.000   1.1627   0.01610   0.00997  -0.2341   0.7733   1.0000
   2.500   1.2148   0.01639   0.01020  -0.2335   0.7626   1.0000
   3.000   1.2831   0.01611   0.00980  -0.2358   0.7555   1.0000
   3.500   1.3307   0.01650   0.01023  -0.2343   0.7430   1.0000
   4.000   1.3808   0.01685   0.01062  -0.2333   0.7309   1.0000
   4.500   1.4337   0.01711   0.01095  -0.2328   0.7193   1.0000
   5.000   1.4904   0.01725   0.01115  -0.2330   0.7081   1.0000
   5.500   1.5477   0.01738   0.01133  -0.2332   0.6961   1.0000
   6.000   1.5956   0.01776   0.01187  -0.2317   0.6818   1.0000
   6.500   1.6341   0.01792   0.01215  -0.2280   0.6596   1.0000
   7.000   1.6667   0.01771   0.01194  -0.2225   0.6257   1.0000
   7.500   1.6912   0.01804   0.01224  -0.2158   0.5899   1.0000
   8.000   1.7042   0.01894   0.01323  -0.2075   0.5556   1.0000
   8.500   1.7127   0.02031   0.01458  -0.1988   0.5123   1.0000
   9.000   1.7090   0.02259   0.01669  -0.1888   0.4507   1.0000
   9.500   1.6841   0.02668   0.02031  -0.1767   0.3586   1.0000
  10.000   1.6377   0.03330   0.02620  -0.1638   0.2392   1.0000
