  
       XFOIL         Version 6.99
  
 Calculated polar for: NACA 2728                                       
  
 1 1 Reynolds number fixed          Mach number fixed         
  
 xtrf =   1.000 (top)        1.000 (bottom)  
 Mach =   0.050     Re =     0.200 e 6     Ncrit =   9.000
  
   alpha    CL        CD       CDp       CM     Top_Xtr  Bot_Xtr
  ------ -------- --------- --------- -------- -------- --------
  -2.000   0.0273   0.01740   0.00975  -0.0678   0.7047   0.4606
  -1.500   0.0817   0.01725   0.00950  -0.0674   0.6838   0.4770
  -1.000   0.1350   0.01727   0.00942  -0.0668   0.6634   0.4940
  -0.500   0.1906   0.01728   0.00939  -0.0666   0.6437   0.5105
   0.000   0.2330   0.01729   0.00940  -0.0639   0.6242   0.5273
   0.500   0.2762   0.01743   0.00951  -0.0614   0.6056   0.5449
   1.000   0.3252   0.01755   0.00967  -0.0599   0.5882   0.5622
   1.500   0.3786   0.01770   0.00974  -0.0594   0.5714   0.5807
   2.000   0.4167   0.01786   0.00989  -0.0559   0.5546   0.5995
   2.500   0.4605   0.01810   0.01023  -0.0535   0.5385   0.6177
   3.000   0.5112   0.01837   0.01046  -0.0524   0.5233   0.6365
   3.500   0.5462   0.01858   0.01068  -0.0484   0.5081   0.6560
   4.000   0.5856   0.01895   0.01111  -0.0453   0.4935   0.6751
   4.500   0.6368   0.01932   0.01143  -0.0444   0.4794   0.6940
   5.000   0.6667   0.01970   0.01190  -0.0397   0.4654   0.7139
   5.500   0.7097   0.02022   0.01242  -0.0375   0.4520   0.7345
   6.000   0.7535   0.02063   0.01282  -0.0353   0.4388   0.7543
   6.500   0.7851   0.02120   0.01353  -0.0314   0.4257   0.7752
   7.000   0.8300   0.02173   0.01399  -0.0297   0.4135   0.7975
   7.500   0.8576   0.02235   0.01474  -0.0251   0.4011   0.8208
   8.000   0.8921   0.02300   0.01546  -0.0217   0.3895   0.8451
   8.500   0.9239   0.02359   0.01609  -0.0179   0.3781   0.8725
   9.000   0.9471   0.02445   0.01709  -0.0129   0.3669   0.9055
   9.500   0.9940   0.02512   0.01765  -0.0116   0.3558   0.9420
  10.000   1.0379   0.02666   0.01939  -0.0124   0.3435   0.9827
