  
       XFOIL         Version 6.99
  
 Calculated polar for: NACA 8618                                       
  
 1 1 Reynolds number fixed          Mach number fixed         
  
 xtrf =   1.000 (top)        1.000 (bottom)  
 Mach =   0.050     Re =     0.200 e 6     Ncrit =   9.000
  
   alpha    CL        CD       CDp       CM     Top_Xtr  Bot_Xtr
  ------ -------- --------- --------- -------- -------- --------
  -1.500   0.4739   0.03854   0.03119  -0.2019   0.7785   0.2404
  -1.000   0.5541   0.03771   0.03041  -0.2059   0.7766   0.2722
   0.000   0.6313   0.03888   0.03175  -0.2014   0.7487   0.3247
   0.500   0.7059   0.03789   0.03080  -0.2041   0.7455   0.3625
   1.000   0.7840   0.03655   0.02960  -0.2072   0.7435   0.4020
   2.500   0.9689   0.03431   0.02769  -0.2089   0.7237   0.5175
   4.000   1.1739   0.03004   0.02369  -0.2128   0.7084   0.6348
   5.000   1.3029   0.02760   0.02146  -0.2146   0.6911   0.7132
   5.500   1.3454   0.02754   0.02153  -0.2122   0.6754   0.7560
   6.000   1.3884   0.02702   0.02129  -0.2095   0.6601   0.8525
   6.500   1.4402   0.02655   0.02076  -0.2087   0.6442   1.0000
   7.000   1.4974   0.02631   0.02040  -0.2090   0.6274   1.0000
   7.500   1.5518   0.02629   0.02026  -0.2088   0.6090   1.0000
   8.000   1.6024   0.02657   0.02040  -0.2080   0.5896   1.0000
   8.500   1.6463   0.02724   0.02096  -0.2062   0.5694   1.0000
   9.000   1.6829   0.02827   0.02191  -0.2034   0.5489   1.0000
   9.500   1.7138   0.02955   0.02312  -0.1998   0.5283   1.0000
  10.000   1.7405   0.03104   0.02454  -0.1956   0.5075   1.0000
