  
       XFOIL         Version 6.99
  
 Calculated polar for: NACA 5428                                       
  
 1 1 Reynolds number fixed          Mach number fixed         
  
 xtrf =   1.000 (top)        1.000 (bottom)  
 Mach =   0.050     Re =     0.200 e 6     Ncrit =   9.000
  
   alpha    CL        CD       CDp       CM     Top_Xtr  Bot_Xtr
  ------ -------- --------- --------- -------- -------- --------
  -2.000   0.2967   0.01966   0.01074  -0.1079   0.5986   0.3250
  -1.500   0.3397   0.01963   0.01079  -0.1058   0.5882   0.3445
  -1.000   0.3879   0.01951   0.01068  -0.1046   0.5785   0.3675
  -0.500   0.4369   0.01955   0.01079  -0.1036   0.5700   0.3946
   0.000   0.4769   0.01952   0.01092  -0.1009   0.5607   0.4264
   0.500   0.5377   0.01952   0.01100  -0.1021   0.5531   0.4739
   1.000   0.5662   0.01969   0.01152  -0.0973   0.5448   0.5283
   1.500   0.6118   0.01975   0.01180  -0.0955   0.5370   0.5984
   2.000   0.6681   0.02009   0.01225  -0.0956   0.5302   0.6663
   2.500   0.6913   0.02046   0.01295  -0.0896   0.5223   0.7203
   3.000   0.7398   0.02073   0.01332  -0.0880   0.5154   0.7754
   3.500   0.7893   0.02132   0.01398  -0.0866   0.5088   0.8284
   4.000   0.8020   0.02202   0.01492  -0.0784   0.5013   0.8826
   4.500   0.8634   0.02263   0.01546  -0.0792   0.4947   0.9314
   5.000   0.9469   0.02379   0.01655  -0.0852   0.4875   0.9616
   5.500   1.0247   0.02505   0.01783  -0.0912   0.4793   0.9849
   6.500   1.1168   0.02637   0.01898  -0.0913   0.4662   1.0000
   7.000   1.0954   0.02722   0.01986  -0.0793   0.4594   1.0000
   7.500   1.1544   0.02739   0.01982  -0.0804   0.4537   1.0000
   8.000   1.1522   0.02911   0.02162  -0.0725   0.4469   1.0000
   8.500   1.1543   0.03086   0.02345  -0.0659   0.4394   1.0000
   9.000   1.2302   0.03069   0.02306  -0.0694   0.4342   1.0000
   9.500   1.1934   0.03438   0.02699  -0.0588   0.4258   1.0000
  10.000   1.2168   0.03598   0.02859  -0.0560   0.4190   1.0000
