  
       XFOIL         Version 6.99
  
 Calculated polar for: NACA 1116                                       
  
 1 1 Reynolds number fixed          Mach number fixed         
  
 xtrf =   1.000 (top)        1.000 (bottom)  
 Mach =   0.050     Re =     0.200 e 6     Ncrit =   9.000
  
   alpha    CL        CD       CDp       CM     Top_Xtr  Bot_Xtr
  ------ -------- --------- --------- -------- -------- --------
  -2.000  -0.1210   0.01171   0.00594  -0.0168   0.8602   0.6669
  -1.500  -0.0675   0.01139   0.00569  -0.0150   0.8316   0.7076
  -1.000  -0.0142   0.01119   0.00550  -0.0132   0.8011   0.7469
  -0.500   0.0390   0.01111   0.00538  -0.0112   0.7688   0.7855
   0.000   0.0911   0.01117   0.00541  -0.0091   0.7327   0.8221
   0.500   0.1448   0.01137   0.00552  -0.0073   0.6946   0.8545
   1.000   0.1985   0.01167   0.00562  -0.0054   0.6519   0.8848
   1.500   0.2591   0.01210   0.00588  -0.0052   0.6095   0.9091
   2.000   0.3263   0.01258   0.00617  -0.0066   0.5686   0.9300
   2.500   0.4038   0.01308   0.00645  -0.0105   0.5242   0.9458
   3.000   0.4853   0.01358   0.00668  -0.0156   0.4792   0.9599
   3.500   0.5663   0.01401   0.00692  -0.0209   0.4312   0.9741
   4.000   0.6480   0.01450   0.00714  -0.0267   0.3798   0.9875
   4.500   0.7308   0.01507   0.00742  -0.0330   0.3247   0.9992
   5.000   0.7687   0.01563   0.00776  -0.0306   0.2873   1.0000
   5.500   0.8009   0.01635   0.00822  -0.0269   0.2598   1.0000
   6.000   0.8336   0.01706   0.00881  -0.0231   0.2401   1.0000
   6.500   0.8659   0.01790   0.00950  -0.0192   0.2257   1.0000
   7.000   0.8997   0.01858   0.01021  -0.0153   0.2146   1.0000
   7.500   0.9347   0.01954   0.01112  -0.0118   0.2058   1.0000
   8.000   0.9702   0.02038   0.01196  -0.0083   0.1978   1.0000
   8.500   1.0088   0.02154   0.01310  -0.0055   0.1911   1.0000
   9.000   1.0457   0.02248   0.01412  -0.0024   0.1844   1.0000
   9.500   1.0890   0.02393   0.01547  -0.0007   0.1780   1.0000
  10.000   1.1235   0.02495   0.01673   0.0027   0.1722   1.0000
  -2.000  -0.1210   0.01171   0.00594  -0.0168   0.8602   0.6669
  -1.500  -0.0675   0.01139   0.00569  -0.0150   0.8316   0.7076
  -1.000  -0.0142   0.01119   0.00550  -0.0132   0.8011   0.7469
  -0.500   0.0390   0.01111   0.00538  -0.0112   0.7688   0.7855
   0.000   0.0911   0.01117   0.00541  -0.0091   0.7327   0.8221
   0.500   0.1448   0.01137   0.00552  -0.0073   0.6946   0.8545
   1.000   0.1985   0.01167   0.00562  -0.0054   0.6519   0.8848
   1.500   0.2591   0.01210   0.00588  -0.0052   0.6095   0.9091
   2.000   0.3263   0.01258   0.00617  -0.0066   0.5686   0.9300
   2.500   0.4038   0.01308   0.00645  -0.0105   0.5242   0.9458
   3.000   0.4853   0.01358   0.00668  -0.0156   0.4792   0.9599
   3.500   0.5663   0.01401   0.00692  -0.0209   0.4312   0.9741
   4.000   0.6480   0.01450   0.00714  -0.0267   0.3798   0.9875
   4.500   0.7308   0.01507   0.00742  -0.0330   0.3247   0.9992
   5.000   0.7687   0.01563   0.00776  -0.0306   0.2873   1.0000
   5.500   0.8009   0.01635   0.00822  -0.0269   0.2598   1.0000
   6.000   0.8336   0.01706   0.00881  -0.0231   0.2401   1.0000
   6.500   0.8659   0.01790   0.00950  -0.0192   0.2257   1.0000
   7.000   0.8997   0.01858   0.01021  -0.0153   0.2146   1.0000
   7.500   0.9347   0.01954   0.01112  -0.0118   0.2058   1.0000
   8.000   0.9702   0.02038   0.01196  -0.0083   0.1978   1.0000
   8.500   1.0088   0.02154   0.01310  -0.0055   0.1911   1.0000
   9.000   1.0457   0.02248   0.01412  -0.0024   0.1844   1.0000
   9.500   1.0890   0.02393   0.01547  -0.0007   0.1780   1.0000
  10.000   1.1235   0.02495   0.01673   0.0027   0.1722   1.0000
