  
       XFOIL         Version 6.99
  
 Calculated polar for: NACA 5322                                       
  
 1 1 Reynolds number fixed          Mach number fixed         
  
 xtrf =   1.000 (top)        1.000 (bottom)  
 Mach =   0.050     Re =     0.200 e 6     Ncrit =   9.000
  
   alpha    CL        CD       CDp       CM     Top_Xtr  Bot_Xtr
  ------ -------- --------- --------- -------- -------- --------
  -2.000   0.3042   0.01699   0.00796  -0.0970   0.5838   0.2179
  -1.500   0.3492   0.01670   0.00765  -0.0949   0.5611   0.2435
  -1.000   0.3932   0.01639   0.00739  -0.0927   0.5405   0.2824
  -0.500   0.4264   0.01536   0.00739  -0.0889   0.5226   0.5217
   0.000   0.4662   0.01524   0.00777  -0.0851   0.5068   0.6951
   0.500   0.5129   0.01554   0.00815  -0.0824   0.4937   0.7849
   1.000   0.5583   0.01591   0.00859  -0.0795   0.4819   0.8518
   1.500   0.6147   0.01657   0.00917  -0.0786   0.4715   0.9059
   2.000   0.6864   0.01729   0.00975  -0.0813   0.4615   0.9451
   2.500   0.7859   0.01824   0.01048  -0.0901   0.4526   0.9667
   3.000   0.8892   0.01896   0.01106  -0.1001   0.4434   0.9851
   3.500   1.0051   0.01978   0.01160  -0.1128   0.4358   1.0000
   4.000   1.0215   0.02007   0.01196  -0.1066   0.4306   1.0000
   4.500   1.0455   0.02047   0.01230  -0.1014   0.4250   1.0000
   5.000   1.0820   0.02099   0.01269  -0.0984   0.4201   1.0000
   5.500   1.1206   0.02181   0.01344  -0.0959   0.4154   1.0000
   6.000   1.1442   0.02245   0.01416  -0.0904   0.4103   1.0000
   6.500   1.1800   0.02315   0.01485  -0.0873   0.4053   1.0000
   7.000   1.2303   0.02391   0.01549  -0.0869   0.4007   1.0000
   7.500   1.2713   0.02502   0.01661  -0.0851   0.3960   1.0000
   8.000   1.2957   0.02605   0.01780  -0.0803   0.3912   1.0000
   8.500   1.3312   0.02697   0.01875  -0.0776   0.3862   1.0000
   9.000   1.3880   0.02784   0.01952  -0.0786   0.3816   1.0000
   9.500   1.4195   0.02933   0.02111  -0.0757   0.3772   1.0000
  10.000   1.4236   0.03083   0.02283  -0.0683   0.3722   1.0000
