  
       XFOIL         Version 6.99
  
 Calculated polar for: NACA 6732                                       
  
 1 1 Reynolds number fixed          Mach number fixed         
  
 xtrf =   1.000 (top)        1.000 (bottom)  
 Mach =   0.050     Re =     0.200 e 6     Ncrit =   9.000
  
   alpha    CL        CD       CDp       CM     Top_Xtr  Bot_Xtr
  ------ -------- --------- --------- -------- -------- --------
  -2.000   0.1611   0.02671   0.01912  -0.1327   0.7047   0.3551
  -1.000   0.3250   0.02463   0.01692  -0.1420   0.6849   0.3834
  -0.500   0.3898   0.02435   0.01660  -0.1442   0.6708   0.3970
   0.000   0.4884   0.02344   0.01550  -0.1518   0.6603   0.4135
   0.500   0.5226   0.02406   0.01621  -0.1488   0.6436   0.4256
   1.000   0.5878   0.02417   0.01620  -0.1510   0.6305   0.4409
   1.500   0.6438   0.02430   0.01636  -0.1516   0.6170   0.4552
   2.000   0.6851   0.02504   0.01705  -0.1499   0.6029   0.4698
   2.500   0.7553   0.02492   0.01691  -0.1527   0.5914   0.4860
   3.000   0.7804   0.02607   0.01805  -0.1485   0.5774   0.5000
   3.500   0.8565   0.02589   0.01784  -0.1523   0.5668   0.5175
   4.000   0.8714   0.02729   0.01930  -0.1465   0.5533   0.5315
   4.500   0.9467   0.02719   0.01914  -0.1501   0.5431   0.5496
   5.000   0.9564   0.02879   0.02086  -0.1437   0.5304   0.5640
   5.500   1.0266   0.02882   0.02082  -0.1463   0.5206   0.5819
   6.000   1.0365   0.03057   0.02272  -0.1402   0.5086   0.5966
   6.500   1.0967   0.03084   0.02293  -0.1413   0.4990   0.6139
   7.000   1.1109   0.03269   0.02492  -0.1361   0.4878   0.6289
   7.500   1.1595   0.03330   0.02549  -0.1355   0.4783   0.6451
   8.000   1.1818   0.03508   0.02736  -0.1316   0.4679   0.6601
   8.500   1.2177   0.03616   0.02846  -0.1294   0.4582   0.6756
   9.000   1.2513   0.03760   0.02993  -0.1273   0.4489   0.6904
   9.500   1.2727   0.03944   0.03184  -0.1236   0.4389   0.7061
  10.000   1.3232   0.04005   0.03239  -0.1237   0.4306   0.7212
