  
       XFOIL         Version 6.99
  
 Calculated polar for: NACA 1404                                       
  
 1 1 Reynolds number fixed          Mach number fixed         
  
 xtrf =   1.000 (top)        1.000 (bottom)  
 Mach =   0.050     Re =     0.200 e 6     Ncrit =   9.000
  
   alpha    CL        CD       CDp       CM     Top_Xtr  Bot_Xtr
  ------ -------- --------- --------- -------- -------- --------
  -2.000  -0.1250   0.01061   0.00262  -0.0233   1.0000   0.0638
  -0.500   0.0315   0.00678   0.00126  -0.0210   1.0000   1.0000
   0.000   0.0820   0.00684   0.00121  -0.0201   1.0000   1.0000
   0.500   0.1328   0.00695   0.00130  -0.0194   1.0000   1.0000
   1.000   0.1836   0.00710   0.00153  -0.0189   1.0000   1.0000
   1.500   0.2343   0.00733   0.00190  -0.0185   1.0000   1.0000
   2.000   0.2977   0.00763   0.00248  -0.0210   0.9935   1.0000
   2.500   0.3965   0.00776   0.00238  -0.0259   0.6915   1.0000
   3.000   0.4283   0.01311   0.00477  -0.0218   0.0350   1.0000
   3.500   0.4778   0.01646   0.00820  -0.0201   0.0223   1.0000
   4.000   0.5309   0.02164   0.01387  -0.0181   0.0228   1.0000
