  
       XFOIL         Version 6.99
  
 Calculated polar for: NACA 1624                                       
  
 1 1 Reynolds number fixed          Mach number fixed         
  
 xtrf =   1.000 (top)        1.000 (bottom)  
 Mach =   0.050     Re =     0.200 e 6     Ncrit =   9.000
  
   alpha    CL        CD       CDp       CM     Top_Xtr  Bot_Xtr
  ------ -------- --------- --------- -------- -------- --------
  -2.000  -0.0828   0.01559   0.00821  -0.0367   0.7388   0.5024
  -1.500  -0.0303   0.01537   0.00800  -0.0355   0.7165   0.5233
  -1.000   0.0217   0.01522   0.00785  -0.0343   0.6938   0.5446
  -0.500   0.0732   0.01512   0.00775  -0.0330   0.6711   0.5664
   0.000   0.1242   0.01509   0.00771  -0.0316   0.6486   0.5886
   0.500   0.1749   0.01510   0.00771  -0.0302   0.6264   0.6113
   1.000   0.2252   0.01515   0.00775  -0.0287   0.6047   0.6345
   1.500   0.2752   0.01524   0.00784  -0.0272   0.5835   0.6582
   2.000   0.3249   0.01538   0.00797  -0.0256   0.5630   0.6826
   2.500   0.3744   0.01555   0.00813  -0.0240   0.5430   0.7075
   3.000   0.4239   0.01576   0.00832  -0.0223   0.5235   0.7330
   3.500   0.4700   0.01596   0.00859  -0.0201   0.5041   0.7592
   4.000   0.5148   0.01622   0.00892  -0.0175   0.4852   0.7862
   4.500   0.5593   0.01654   0.00931  -0.0149   0.4670   0.8140
   5.000   0.6034   0.01695   0.00974  -0.0122   0.4494   0.8429
   5.500   0.6464   0.01741   0.01019  -0.0093   0.4324   0.8728
   6.000   0.6937   0.01802   0.01074  -0.0072   0.4154   0.9000
   6.500   0.7451   0.01873   0.01144  -0.0061   0.3980   0.9247
   7.000   0.8076   0.01959   0.01229  -0.0076   0.3799   0.9456
   7.500   0.8817   0.02057   0.01323  -0.0118   0.3612   0.9622
   8.000   0.9573   0.02155   0.01415  -0.0167   0.3428   0.9773
   8.500   1.0331   0.02252   0.01507  -0.0219   0.3248   0.9910
   9.000   1.0920   0.02335   0.01587  -0.0245   0.3085   1.0000
   9.500   1.0783   0.02367   0.01604  -0.0134   0.2993   1.0000
  10.000   1.0648   0.02420   0.01664  -0.0024   0.2892   1.0000
