  
       XFOIL         Version 6.99
  
 Calculated polar for: NACA 4428                                       
  
 1 1 Reynolds number fixed          Mach number fixed         
  
 xtrf =   1.000 (top)        1.000 (bottom)  
 Mach =   0.050     Re =     0.200 e 6     Ncrit =   9.000
  
   alpha    CL        CD       CDp       CM     Top_Xtr  Bot_Xtr
  ------ -------- --------- --------- -------- -------- --------
  -2.000   0.2089   0.01878   0.01004  -0.0899   0.6080   0.3733
  -1.500   0.2472   0.01867   0.01010  -0.0867   0.5961   0.3955
  -1.000   0.3018   0.01856   0.00995  -0.0866   0.5858   0.4238
  -0.500   0.3389   0.01859   0.01014  -0.0832   0.5751   0.4543
   0.000   0.3892   0.01849   0.01018  -0.0822   0.5658   0.4930
   0.500   0.4304   0.01865   0.01051  -0.0796   0.5562   0.5371
   1.000   0.4753   0.01872   0.01074  -0.0776   0.5471   0.5856
   1.500   0.5276   0.01897   0.01110  -0.0769   0.5388   0.6335
   2.000   0.5625   0.01925   0.01155  -0.0730   0.5298   0.6776
   2.500   0.6186   0.01946   0.01182  -0.0728   0.5219   0.7199
   3.000   0.6537   0.01995   0.01250  -0.0689   0.5136   0.7602
   3.500   0.6945   0.02030   0.01294  -0.0659   0.5054   0.8003
   4.000   0.7565   0.02083   0.01344  -0.0667   0.4979   0.8385
   4.500   0.7673   0.02144   0.01428  -0.0582   0.4899   0.8811
   5.500   0.8912   0.02313   0.01589  -0.0606   0.4743   0.9437
   6.000   0.9636   0.02419   0.01695  -0.0649   0.4652   0.9654
   6.500   1.0804   0.02503   0.01754  -0.0771   0.4572   0.9761
   7.000   1.1469   0.02627   0.01895  -0.0816   0.4478   0.9952
   7.500   1.2052   0.02647   0.01897  -0.0835   0.4407   1.0000
   8.000   1.1658   0.02705   0.01960  -0.0684   0.4347   1.0000
   8.500   1.1409   0.02800   0.02061  -0.0561   0.4274   1.0000
   9.000   1.1959   0.02811   0.02051  -0.0563   0.4209   1.0000
   9.500   1.1746   0.03018   0.02275  -0.0462   0.4132   1.0000
  10.000   1.1991   0.03126   0.02381  -0.0428   0.4057   1.0000
  -2.000   0.2089   0.01878   0.01004  -0.0899   0.6080   0.3733
  -1.500   0.2472   0.01867   0.01010  -0.0867   0.5961   0.3955
  -1.000   0.3018   0.01856   0.00995  -0.0866   0.5858   0.4238
  -0.500   0.3389   0.01859   0.01014  -0.0832   0.5751   0.4543
   0.000   0.3892   0.01849   0.01018  -0.0822   0.5658   0.4930
   0.500   0.4304   0.01865   0.01051  -0.0796   0.5562   0.5371
   1.000   0.4753   0.01872   0.01074  -0.0776   0.5471   0.5856
   1.500   0.5276   0.01897   0.01110  -0.0769   0.5388   0.6335
   2.000   0.5625   0.01925   0.01155  -0.0730   0.5298   0.6776
   2.500   0.6186   0.01946   0.01182  -0.0728   0.5219   0.7199
   3.000   0.6537   0.01995   0.01250  -0.0689   0.5136   0.7602
   3.500   0.6945   0.02030   0.01294  -0.0659   0.5054   0.8003
   4.000   0.7565   0.02083   0.01344  -0.0667   0.4979   0.8385
   4.500   0.7673   0.02144   0.01428  -0.0582   0.4899   0.8811
   5.500   0.8912   0.02313   0.01589  -0.0606   0.4743   0.9437
   6.000   0.9636   0.02419   0.01695  -0.0649   0.4652   0.9654
   6.500   1.0804   0.02503   0.01754  -0.0771   0.4572   0.9761
   7.000   1.1469   0.02627   0.01895  -0.0816   0.4478   0.9952
   7.500   1.2052   0.02647   0.01897  -0.0835   0.4407   1.0000
   8.000   1.1658   0.02705   0.01960  -0.0684   0.4347   1.0000
   8.500   1.1409   0.02800   0.02061  -0.0561   0.4274   1.0000
   9.000   1.1959   0.02811   0.02051  -0.0563   0.4209   1.0000
   9.500   1.1746   0.03018   0.02275  -0.0462   0.4132   1.0000
  10.000   1.1991   0.03126   0.02381  -0.0428   0.4057   1.0000
  -2.000   0.2089   0.01878   0.01004  -0.0899   0.6080   0.3733
  -1.500   0.2472   0.01867   0.01010  -0.0867   0.5961   0.3955
  -1.000   0.3018   0.01856   0.00995  -0.0866   0.5858   0.4238
  -0.500   0.3389   0.01859   0.01014  -0.0832   0.5751   0.4543
   0.000   0.3892   0.01849   0.01018  -0.0822   0.5658   0.4930
   0.500   0.4304   0.01865   0.01051  -0.0796   0.5562   0.5371
   1.000   0.4753   0.01872   0.01074  -0.0776   0.5471   0.5856
   1.500   0.5276   0.01897   0.01110  -0.0769   0.5388   0.6335
   2.000   0.5625   0.01925   0.01155  -0.0730   0.5298   0.6776
   2.500   0.6186   0.01946   0.01182  -0.0728   0.5219   0.7199
   3.000   0.6537   0.01995   0.01250  -0.0689   0.5136   0.7602
   3.500   0.6945   0.02030   0.01294  -0.0659   0.5054   0.8003
   4.000   0.7565   0.02083   0.01344  -0.0667   0.4979   0.8385
   4.500   0.7673   0.02144   0.01428  -0.0582   0.4899   0.8811
   5.500   0.8912   0.02313   0.01589  -0.0606   0.4743   0.9437
   6.000   0.9636   0.02419   0.01695  -0.0649   0.4652   0.9654
   6.500   1.0804   0.02503   0.01754  -0.0771   0.4572   0.9761
   7.000   1.1469   0.02627   0.01895  -0.0816   0.4478   0.9952
   7.500   1.2052   0.02647   0.01897  -0.0835   0.4407   1.0000
   8.000   1.1658   0.02705   0.01960  -0.0684   0.4347   1.0000
   8.500   1.1409   0.02800   0.02061  -0.0561   0.4274   1.0000
   9.000   1.1959   0.02811   0.02051  -0.0563   0.4209   1.0000
   9.500   1.1746   0.03018   0.02275  -0.0462   0.4132   1.0000
  10.000   1.1991   0.03126   0.02381  -0.0428   0.4057   1.0000
