  
       XFOIL         Version 6.99
  
 Calculated polar for: NACA 6728                                       
  
 1 1 Reynolds number fixed          Mach number fixed         
  
 xtrf =   1.000 (top)        1.000 (bottom)  
 Mach =   0.050     Re =     0.200 e 6     Ncrit =   9.000
  
   alpha    CL        CD       CDp       CM     Top_Xtr  Bot_Xtr
  ------ -------- --------- --------- -------- -------- --------
  -2.000   0.1696   0.02904   0.02170  -0.1399   0.7354   0.3492
  -1.500   0.2543   0.02722   0.01989  -0.1444   0.7329   0.3667
  -0.500   0.4024   0.02492   0.01761  -0.1503   0.7152   0.4018
   0.000   0.4725   0.02413   0.01685  -0.1527   0.7024   0.4194
   0.500   0.5780   0.02229   0.01490  -0.1609   0.6950   0.4410
   1.000   0.6446   0.02214   0.01465  -0.1629   0.6780   0.4599
   1.500   0.7088   0.02206   0.01461  -0.1646   0.6611   0.4783
   2.000   0.7789   0.02197   0.01444  -0.1673   0.6455   0.4979
   2.500   0.8522   0.02195   0.01424  -0.1706   0.6300   0.5186
   3.000   0.8826   0.02282   0.01524  -0.1664   0.6125   0.5351
   3.500   0.9304   0.02339   0.01580  -0.1654   0.5970   0.5537
   4.000   0.9983   0.02359   0.01583  -0.1677   0.5831   0.5747
   4.500   1.0204   0.02467   0.01708  -0.1623   0.5675   0.5906
   5.000   1.0658   0.02539   0.01777  -0.1609   0.5535   0.6096
   5.500   1.1166   0.02593   0.01826  -0.1603   0.5402   0.6284
   6.000   1.1419   0.02715   0.01960  -0.1557   0.5261   0.6439
   6.500   1.1973   0.02769   0.02000  -0.1560   0.5137   0.6635
   7.000   1.2173   0.02903   0.02149  -0.1506   0.5003   0.6780
   7.500   1.2592   0.02993   0.02236  -0.1489   0.4882   0.6950
   8.000   1.2943   0.03101   0.02340  -0.1463   0.4758   0.7131
   8.500   1.3227   0.03229   0.02479  -0.1426   0.4637   0.7284
   9.000   1.3657   0.03301   0.02544  -0.1412   0.4522   0.7452
   9.500   1.3836   0.03484   0.02740  -0.1365   0.4402   0.7612
  10.000   1.4374   0.03525   0.02764  -0.1368   0.4293   0.7796
