  
       XFOIL         Version 6.99
  
 Calculated polar for: NACA 4122                                       
  
 1 1 Reynolds number fixed          Mach number fixed         
  
 xtrf =   1.000 (top)        1.000 (bottom)  
 Mach =   0.050     Re =     0.200 e 6     Ncrit =   9.000
  
   alpha    CL        CD       CDp       CM     Top_Xtr  Bot_Xtr
  ------ -------- --------- --------- -------- -------- --------
  -2.000   0.2351   0.01935   0.01026  -0.0569   0.6212   0.0758
  -1.500   0.2769   0.01860   0.00950  -0.0538   0.5934   0.0788
  -1.000   0.3154   0.01792   0.00879  -0.0503   0.5658   0.0829
  -0.500   0.3551   0.01740   0.00814  -0.0470   0.5418   0.0872
   0.000   0.3977   0.01709   0.00762  -0.0443   0.5182   0.0952
   1.000   0.4609   0.01511   0.00719  -0.0354   0.4728   0.5610
   1.500   0.4938   0.01490   0.00759  -0.0302   0.4492   0.7311
   2.000   0.5302   0.01522   0.00812  -0.0252   0.4246   0.8329
   2.500   0.5722   0.01587   0.00879  -0.0213   0.3977   0.8925
   3.000   0.6248   0.01687   0.00958  -0.0200   0.3668   0.9343
   3.500   0.7087   0.01835   0.01077  -0.0256   0.3222   0.9626
   4.000   0.7822   0.01991   0.01188  -0.0307   0.2662   0.9801
   4.500   0.8457   0.02160   0.01314  -0.0347   0.2270   0.9952
   5.000   0.8554   0.02248   0.01385  -0.0287   0.2137   1.0000
   5.500   0.8375   0.02321   0.01445  -0.0172   0.2072   1.0000
   6.000   0.8419   0.02407   0.01524  -0.0096   0.2008   1.0000
   6.500   0.8562   0.02531   0.01627  -0.0040   0.1956   1.0000
   7.000   0.8829   0.02646   0.01738  -0.0005   0.1915   1.0000
   7.500   0.9138   0.02770   0.01856   0.0021   0.1878   1.0000
   8.000   0.9474   0.02902   0.01978   0.0041   0.1844   1.0000
   8.500   0.9927   0.03033   0.02088   0.0047   0.1813   1.0000
   9.000   1.0280   0.03175   0.02237   0.0062   0.1795   1.0000
   9.500   1.0644   0.03326   0.02393   0.0074   0.1777   1.0000
  10.000   1.1015   0.03485   0.02556   0.0084   0.1760   1.0000
  -2.000   0.2351   0.01935   0.01026  -0.0569   0.6212   0.0758
  -1.500   0.2769   0.01860   0.00950  -0.0538   0.5934   0.0788
  -1.000   0.3154   0.01792   0.00879  -0.0503   0.5658   0.0829
  -0.500   0.3551   0.01740   0.00814  -0.0470   0.5418   0.0872
   0.000   0.3977   0.01709   0.00762  -0.0443   0.5182   0.0952
   1.000   0.4609   0.01511   0.00719  -0.0354   0.4728   0.5610
   1.500   0.4938   0.01490   0.00759  -0.0302   0.4492   0.7311
   2.000   0.5302   0.01522   0.00812  -0.0252   0.4246   0.8329
   2.500   0.5722   0.01587   0.00879  -0.0213   0.3977   0.8925
   3.000   0.6248   0.01687   0.00958  -0.0200   0.3668   0.9343
   3.500   0.7087   0.01835   0.01077  -0.0256   0.3222   0.9626
   4.000   0.7822   0.01991   0.01188  -0.0307   0.2662   0.9801
   4.500   0.8457   0.02160   0.01314  -0.0347   0.2270   0.9952
   5.000   0.8554   0.02248   0.01385  -0.0287   0.2137   1.0000
   5.500   0.8375   0.02321   0.01445  -0.0172   0.2072   1.0000
   6.000   0.8419   0.02407   0.01524  -0.0096   0.2008   1.0000
   6.500   0.8562   0.02531   0.01627  -0.0040   0.1956   1.0000
   7.000   0.8829   0.02646   0.01738  -0.0005   0.1915   1.0000
   7.500   0.9138   0.02770   0.01856   0.0021   0.1878   1.0000
   8.000   0.9474   0.02902   0.01978   0.0041   0.1844   1.0000
   8.500   0.9927   0.03033   0.02088   0.0047   0.1813   1.0000
   9.000   1.0280   0.03175   0.02237   0.0062   0.1795   1.0000
   9.500   1.0644   0.03326   0.02393   0.0074   0.1777   1.0000
  10.000   1.1015   0.03485   0.02556   0.0084   0.1760   1.0000
  -2.000   0.2351   0.01935   0.01026  -0.0569   0.6212   0.0758
  -1.500   0.2769   0.01860   0.00950  -0.0538   0.5934   0.0788
  -1.000   0.3154   0.01792   0.00879  -0.0503   0.5658   0.0829
  -0.500   0.3551   0.01740   0.00814  -0.0470   0.5418   0.0872
   0.000   0.3977   0.01709   0.00762  -0.0443   0.5182   0.0952
   1.000   0.4609   0.01511   0.00719  -0.0354   0.4728   0.5610
   1.500   0.4938   0.01490   0.00759  -0.0302   0.4492   0.7311
   2.000   0.5302   0.01522   0.00812  -0.0252   0.4246   0.8329
   2.500   0.5722   0.01587   0.00879  -0.0213   0.3977   0.8925
   3.000   0.6248   0.01687   0.00958  -0.0200   0.3668   0.9343
   3.500   0.7087   0.01835   0.01077  -0.0256   0.3222   0.9626
   4.000   0.7822   0.01991   0.01188  -0.0307   0.2662   0.9801
   4.500   0.8457   0.02160   0.01314  -0.0347   0.2270   0.9952
   5.000   0.8554   0.02248   0.01385  -0.0287   0.2137   1.0000
   5.500   0.8375   0.02321   0.01445  -0.0172   0.2072   1.0000
   6.000   0.8419   0.02407   0.01524  -0.0096   0.2008   1.0000
   6.500   0.8562   0.02531   0.01627  -0.0040   0.1956   1.0000
   7.000   0.8829   0.02646   0.01738  -0.0005   0.1915   1.0000
   7.500   0.9138   0.02770   0.01856   0.0021   0.1878   1.0000
   8.000   0.9474   0.02902   0.01978   0.0041   0.1844   1.0000
   8.500   0.9927   0.03033   0.02088   0.0047   0.1813   1.0000
   9.000   1.0280   0.03175   0.02237   0.0062   0.1795   1.0000
   9.500   1.0644   0.03326   0.02393   0.0074   0.1777   1.0000
  10.000   1.1015   0.03485   0.02556   0.0084   0.1760   1.0000
