  
       XFOIL         Version 6.99
  
 Calculated polar for: NACA 9426                                       
  
 1 1 Reynolds number fixed          Mach number fixed         
  
 xtrf =   1.000 (top)        1.000 (bottom)  
 Mach =   0.050     Re =     0.200 e 6     Ncrit =   9.000
  
   alpha    CL        CD       CDp       CM     Top_Xtr  Bot_Xtr
  ------ -------- --------- --------- -------- -------- --------
  -2.000   0.6388   0.02318   0.01390  -0.1802   0.5769   0.1728
  -1.500   0.6961   0.02334   0.01389  -0.1810   0.5701   0.1840
  -1.000   0.7270   0.02350   0.01420  -0.1771   0.5628   0.1936
  -0.500   0.7850   0.02347   0.01407  -0.1781   0.5564   0.2070
   0.000   0.8375   0.02382   0.01435  -0.1782   0.5505   0.2219
   0.500   0.8675   0.02446   0.01512  -0.1744   0.5443   0.2356
   1.000   0.9200   0.02469   0.01536  -0.1745   0.5388   0.2540
   1.500   0.9985   0.02482   0.01536  -0.1793   0.5337   0.2797
   2.000   1.0082   0.02594   0.01674  -0.1724   0.5284   0.2972
   2.500   1.0411   0.02678   0.01771  -0.1695   0.5230   0.3227
   3.000   1.1001   0.02697   0.01793  -0.1710   0.5182   0.3630
   3.500   1.1728   0.02701   0.01835  -0.1751   0.5139   0.4694
   4.000   1.1478   0.02808   0.02091  -0.1620   0.5087   1.0000
   4.500   1.1664   0.02984   0.02259  -0.1575   0.5031   1.0000
   5.000   1.2285   0.03027   0.02276  -0.1594   0.4990   1.0000
   5.500   1.3078   0.03079   0.02299  -0.1642   0.4954   1.0000
   6.000   1.1995   0.03772   0.03048  -0.1435   0.4867   1.0000
   6.500   1.2276   0.03963   0.03231  -0.1413   0.4816   1.0000
   7.000   1.3074   0.03907   0.03152  -0.1452   0.4790   1.0000
   7.500   1.0622   0.06162   0.05485  -0.1187   0.4587   1.0000
