  
       XFOIL         Version 6.99
  
 Calculated polar for: NACA 4338                                       
  
 1 1 Reynolds number fixed          Mach number fixed         
  
 xtrf =   1.000 (top)        1.000 (bottom)  
 Mach =   0.050     Re =     0.200 e 6     Ncrit =   9.000
  
   alpha    CL        CD       CDp       CM     Top_Xtr  Bot_Xtr
  ------ -------- --------- --------- -------- -------- --------
  -2.000  -0.0012   0.02331   0.01468  -0.0327   0.4965   0.4627
  -1.500   0.0058   0.02358   0.01502  -0.0246   0.4874   0.4847
  -1.000   0.0516   0.02373   0.01500  -0.0233   0.4792   0.5077
  -0.500   0.0670   0.02430   0.01575  -0.0170   0.4712   0.5256
   0.000   0.1007   0.02467   0.01614  -0.0139   0.4640   0.5432
   0.500   0.1662   0.02497   0.01617  -0.0161   0.4573   0.5622
   1.000   0.1745   0.02579   0.01729  -0.0092   0.4510   0.5767
   1.500   0.2060   0.02639   0.01782  -0.0062   0.4448   0.5925
   2.000   0.2654   0.02667   0.01812  -0.0075   0.4397   0.6090
   2.500   0.2981   0.02758   0.01902  -0.0051   0.4346   0.6246
   3.000   0.3101   0.02878   0.02047   0.0002   0.4290   0.6392
   3.500   0.3472   0.02954   0.02119   0.0017   0.4242   0.6562
   4.000   0.4125   0.02982   0.02146  -0.0005   0.4201   0.6752
   4.500   0.4308   0.03137   0.02314   0.0032   0.4156   0.6932
   5.000   0.4084   0.03421   0.02631   0.0116   0.4102   0.7112
   5.500   0.4256   0.03601   0.02827   0.0148   0.4057   0.7317
   6.000   0.4911   0.03605   0.02820   0.0127   0.4022   0.7545
   7.000   0.2472   0.05899   0.05217   0.0385   0.3820   0.7885
   9.000  -0.2111   0.13349   0.12813   0.0535   0.3419   0.8502
   9.500  -0.1765   0.13576   0.13055   0.0548   0.3368   0.8897
  10.000  -0.1224   0.13878   0.13359   0.0539   0.3347   0.9280
  -2.000  -0.0012   0.02331   0.01468  -0.0327   0.4965   0.4627
  -1.500   0.0058   0.02358   0.01502  -0.0246   0.4874   0.4847
  -1.000   0.0516   0.02373   0.01500  -0.0233   0.4792   0.5077
  -0.500   0.0670   0.02430   0.01575  -0.0170   0.4712   0.5256
   0.000   0.1007   0.02467   0.01614  -0.0139   0.4640   0.5432
   0.500   0.1662   0.02497   0.01617  -0.0161   0.4573   0.5622
   1.000   0.1745   0.02579   0.01729  -0.0092   0.4510   0.5767
   1.500   0.2060   0.02639   0.01782  -0.0062   0.4448   0.5925
   2.000   0.2654   0.02667   0.01812  -0.0075   0.4397   0.6090
   2.500   0.2981   0.02758   0.01902  -0.0051   0.4346   0.6246
   3.000   0.3101   0.02878   0.02047   0.0002   0.4290   0.6392
   3.500   0.3472   0.02954   0.02119   0.0017   0.4242   0.6562
   4.000   0.4125   0.02982   0.02146  -0.0005   0.4201   0.6752
   4.500   0.4308   0.03137   0.02314   0.0032   0.4156   0.6932
   5.000   0.4084   0.03421   0.02631   0.0116   0.4102   0.7112
   5.500   0.4256   0.03601   0.02827   0.0148   0.4057   0.7317
   6.000   0.4911   0.03605   0.02820   0.0127   0.4022   0.7545
   7.000   0.2472   0.05899   0.05217   0.0385   0.3820   0.7885
   9.000  -0.2111   0.13349   0.12813   0.0535   0.3419   0.8502
   9.500  -0.1765   0.13576   0.13055   0.0548   0.3368   0.8897
  10.000  -0.1224   0.13878   0.13359   0.0539   0.3347   0.9280
  -2.000  -0.0012   0.02331   0.01468  -0.0327   0.4965   0.4627
  -1.500   0.0058   0.02358   0.01502  -0.0246   0.4874   0.4847
  -1.000   0.0516   0.02373   0.01500  -0.0233   0.4792   0.5077
  -0.500   0.0670   0.02430   0.01575  -0.0170   0.4712   0.5256
   0.000   0.1007   0.02467   0.01614  -0.0139   0.4640   0.5432
   0.500   0.1662   0.02497   0.01617  -0.0161   0.4573   0.5622
   1.000   0.1745   0.02579   0.01729  -0.0092   0.4510   0.5767
   1.500   0.2060   0.02639   0.01782  -0.0062   0.4448   0.5925
   2.000   0.2654   0.02667   0.01812  -0.0075   0.4397   0.6090
   2.500   0.2981   0.02758   0.01902  -0.0051   0.4346   0.6246
   3.000   0.3101   0.02878   0.02047   0.0002   0.4290   0.6392
   3.500   0.3472   0.02954   0.02119   0.0017   0.4242   0.6562
   4.000   0.4125   0.02982   0.02146  -0.0005   0.4201   0.6752
   4.500   0.4308   0.03137   0.02314   0.0032   0.4156   0.6932
   5.000   0.4084   0.03421   0.02631   0.0116   0.4102   0.7112
   5.500   0.4256   0.03601   0.02827   0.0148   0.4057   0.7317
   6.000   0.4911   0.03605   0.02820   0.0127   0.4022   0.7545
   7.000   0.2472   0.05899   0.05217   0.0385   0.3820   0.7885
   9.000  -0.2111   0.13349   0.12813   0.0535   0.3419   0.8502
   9.500  -0.1765   0.13576   0.13055   0.0548   0.3368   0.8897
  10.000  -0.1224   0.13878   0.13359   0.0539   0.3347   0.9280
