  
       XFOIL         Version 6.99
  
 Calculated polar for: NACA 3236                                       
  
 1 1 Reynolds number fixed          Mach number fixed         
  
 xtrf =   1.000 (top)        1.000 (bottom)  
 Mach =   0.050     Re =     0.200 e 6     Ncrit =   9.000
  
   alpha    CL        CD       CDp       CM     Top_Xtr  Bot_Xtr
  ------ -------- --------- --------- -------- -------- --------
  -2.000  -0.0234   0.02240   0.01411  -0.0193   0.5231   0.5156
  -1.500   0.0210   0.02253   0.01414  -0.0174   0.5112   0.5280
  -1.000   0.0217   0.02238   0.01399  -0.0076   0.4996   0.5389
  -0.500   0.0682   0.02244   0.01401  -0.0062   0.4879   0.5501
   0.000   0.0782   0.02250   0.01405   0.0015   0.4760   0.5610
   0.500   0.1196   0.02256   0.01407   0.0035   0.4643   0.5722
   1.000   0.1429   0.02287   0.01439   0.0085   0.4524   0.5848
   1.500   0.1784   0.02313   0.01460   0.0112   0.4412   0.5980
   2.000   0.2102   0.02349   0.01496   0.0145   0.4299   0.6116
   2.500   0.2406   0.02397   0.01544   0.0177   0.4188   0.6261
   3.000   0.2792   0.02439   0.01582   0.0197   0.4083   0.6422
   3.500   0.3046   0.02513   0.01664   0.0233   0.3977   0.6582
   4.000   0.3485   0.02558   0.01696   0.0243   0.3880   0.6763
   4.500   0.3687   0.02662   0.01820   0.0282   0.3783   0.6941
   5.000   0.4127   0.02715   0.01862   0.0289   0.3700   0.7143
   5.500   0.4370   0.02840   0.02004   0.0320   0.3620   0.7351
   6.000   0.4718   0.02930   0.02101   0.0337   0.3549   0.7569
   6.500   0.5147   0.03018   0.02188   0.0344   0.3484   0.7802
   7.000   0.5299   0.03187   0.02376   0.0381   0.3419   0.8055
   7.500   0.5706   0.03279   0.02470   0.0391   0.3367   0.8316
   8.000   0.6140   0.03396   0.02591   0.0399   0.3321   0.8573
   8.500   0.6135   0.03674   0.02897   0.0449   0.3272   0.8845
   9.000   0.6421   0.03870   0.03100   0.0466   0.3225   0.9099
   9.500   0.7106   0.03962   0.03177   0.0436   0.3188   0.9298
  10.000   0.7370   0.04325   0.03554   0.0429   0.3150   0.9487
