  
       XFOIL         Version 6.99
  
 Calculated polar for: NACA 8414                                       
  
 1 1 Reynolds number fixed          Mach number fixed         
  
 xtrf =   1.000 (top)        1.000 (bottom)  
 Mach =   0.050     Re =     0.200 e 6     Ncrit =   9.000
  
   alpha    CL        CD       CDp       CM     Top_Xtr  Bot_Xtr
  ------ -------- --------- --------- -------- -------- --------
  -2.000   0.6765   0.01701   0.00881  -0.1964   0.7118   0.1070
  -1.500   0.7308   0.01648   0.00809  -0.1961   0.6935   0.1223
  -1.000   0.7846   0.01607   0.00755  -0.1957   0.6757   0.1416
  -0.500   0.8391   0.01588   0.00730  -0.1955   0.6594   0.1663
   0.000   0.8935   0.01579   0.00713  -0.1954   0.6439   0.1978
   0.500   0.9456   0.01581   0.00719  -0.1948   0.6291   0.2373
   1.000   0.9982   0.01588   0.00736  -0.1945   0.6159   0.2901
   1.500   1.0520   0.01582   0.00754  -0.1946   0.6043   0.3864
   2.000   1.1003   0.01508   0.00774  -0.1929   0.5943   1.0000
   2.500   1.1516   0.01564   0.00814  -0.1923   0.5839   1.0000
   3.000   1.2096   0.01621   0.00844  -0.1930   0.5754   1.0000
   3.500   1.2573   0.01681   0.00905  -0.1919   0.5663   1.0000
   4.000   1.3154   0.01743   0.00946  -0.1927   0.5587   1.0000
   4.500   1.3609   0.01812   0.01024  -0.1913   0.5505   1.0000
   5.000   1.4164   0.01874   0.01074  -0.1917   0.5432   1.0000
   5.500   1.4627   0.01956   0.01165  -0.1905   0.5359   1.0000
   6.000   1.5135   0.02024   0.01232  -0.1901   0.5285   1.0000
   6.500   1.5648   0.02110   0.01321  -0.1900   0.5220   1.0000
   7.000   1.6068   0.02194   0.01419  -0.1881   0.5142   1.0000
   7.500   1.6663   0.02270   0.01487  -0.1895   0.5080   1.0000
   8.000   1.6974   0.02378   0.01624  -0.1857   0.5002   1.0000
   8.500   1.7486   0.02454   0.01704  -0.1856   0.4933   1.0000
   9.000   1.7865   0.02570   0.01840  -0.1832   0.4861   1.0000
   9.500   1.8247   0.02664   0.01950  -0.1808   0.4783   1.0000
  10.000   1.8710   0.02766   0.02063  -0.1800   0.4712   1.0000
