  
       XFOIL         Version 6.99
  
 Calculated polar for: NACA 6228                                       
  
 1 1 Reynolds number fixed          Mach number fixed         
  
 xtrf =   1.000 (top)        1.000 (bottom)  
 Mach =   0.050     Re =     0.200 e 6     Ncrit =   9.000
  
   alpha    CL        CD       CDp       CM     Top_Xtr  Bot_Xtr
  ------ -------- --------- --------- -------- -------- --------
  -2.000   0.3346   0.02206   0.01232  -0.0764   0.4989   0.1339
  -1.500   0.3551   0.02165   0.01188  -0.0699   0.4793   0.1399
  -1.000   0.3714   0.02152   0.01168  -0.0627   0.4592   0.1471
  -0.500   0.3899   0.02137   0.01150  -0.0563   0.4384   0.1552
   0.000   0.4115   0.02150   0.01153  -0.0507   0.4170   0.1661
   0.500   0.4352   0.02172   0.01165  -0.0458   0.3962   0.1821
   1.000   0.4553   0.02092   0.01184  -0.0411   0.3787   0.4536
   1.500   0.4814   0.02113   0.01272  -0.0364   0.3638   0.6387
   2.000   0.5143   0.02177   0.01364  -0.0327   0.3516   0.7276
   2.500   0.5524   0.02252   0.01441  -0.0297   0.3422   0.7962
   3.000   0.5854   0.02338   0.01543  -0.0259   0.3346   0.8591
   3.500   0.6306   0.02438   0.01634  -0.0239   0.3281   0.9174
   4.000   0.6983   0.02579   0.01766  -0.0270   0.3220   0.9590
   4.500   0.7917   0.02744   0.01915  -0.0357   0.3160   0.9800
   5.000   0.9055   0.02896   0.02036  -0.0478   0.3109   0.9934
   5.500   0.9701   0.03001   0.02132  -0.0518   0.3077   1.0000
   6.000   0.9649   0.03048   0.02179  -0.0434   0.3056   1.0000
   6.500   0.9781   0.03131   0.02260  -0.0380   0.3033   1.0000
   7.000   1.0012   0.03232   0.02356  -0.0344   0.3007   1.0000
   7.500   1.0337   0.03338   0.02454  -0.0323   0.2982   1.0000
   8.000   1.0780   0.03445   0.02547  -0.0320   0.2960   1.0000
   8.500   1.1357   0.03579   0.02666  -0.0336   0.2937   1.0000
   9.000   1.1498   0.03790   0.02892  -0.0300   0.2924   1.0000
   9.500   1.1591   0.04049   0.03167  -0.0265   0.2909   1.0000
  10.000   1.1623   0.04366   0.03503  -0.0230   0.2892   1.0000
