  
       XFOIL         Version 6.99
  
 Calculated polar for: NACA 7708                                       
  
 1 1 Reynolds number fixed          Mach number fixed         
  
 xtrf =   1.000 (top)        1.000 (bottom)  
 Mach =   0.050     Re =     0.200 e 6     Ncrit =   9.000
  
   alpha    CL        CD       CDp       CM     Top_Xtr  Bot_Xtr
  ------ -------- --------- --------- -------- -------- --------
  -2.000   0.2692   0.03419   0.02705  -0.1832   0.9958   0.0857
  -1.500   0.3438   0.03465   0.02768  -0.1884   0.9959   0.1451
  -1.000   0.4165   0.03558   0.02892  -0.1932   0.9953   0.2615
  -0.500   0.4730   0.03649   0.03012  -0.1947   0.9915   0.3685
   0.000   0.5412   0.03788   0.03175  -0.1982   0.9872   0.4739
   0.500   0.5946   0.03910   0.03319  -0.1987   0.9788   0.5560
   1.000   0.6522   0.04045   0.03471  -0.1998   0.9676   0.6240
   2.000   0.8122   0.04092   0.03535  -0.2082   0.9246   0.7257
   2.500   0.8886   0.04072   0.03527  -0.2118   0.9105   0.7645
   3.000   0.9459   0.04015   0.03489  -0.2117   0.8920   0.7980
   3.500   1.0156   0.03949   0.03445  -0.2140   0.8792   0.8354
   4.000   1.0971   0.03802   0.03333  -0.2181   0.8709   0.8893
   4.500   1.2137   0.03114   0.02671  -0.2248   0.8441   1.0000
   5.000   1.2640   0.02815   0.02396  -0.2211   0.8076   1.0000
   5.500   1.3519   0.02101   0.01480  -0.2194   0.4344   1.0000
   6.000   1.3225   0.02692   0.01846  -0.2049   0.1027   1.0000
   6.500   1.3419   0.03013   0.02136  -0.1984   0.0560   1.0000
   7.000   1.3653   0.03311   0.02441  -0.1926   0.0446   1.0000
   7.500   1.3975   0.03560   0.02697  -0.1884   0.0370   1.0000
   8.000   1.4531   0.03888   0.03041  -0.1872   0.0323   1.0000
   8.500   1.5194   0.04219   0.03399  -0.1882   0.0281   1.0000
   9.000   1.6429   0.05355   0.04615  -0.1994   0.0260   1.0000
   9.500   1.6621   0.06030   0.05366  -0.1924   0.0263   1.0000
