  
       XFOIL         Version 6.99
  
 Calculated polar for: NACA 3426                                       
  
 1 1 Reynolds number fixed          Mach number fixed         
  
 xtrf =   1.000 (top)        1.000 (bottom)  
 Mach =   0.050     Re =     0.200 e 6     Ncrit =   9.000
  
   alpha    CL        CD       CDp       CM     Top_Xtr  Bot_Xtr
  ------ -------- --------- --------- -------- -------- --------
  -2.000   0.1143   0.01693   0.00871  -0.0714   0.6377   0.4228
  -1.500   0.1606   0.01681   0.00871  -0.0695   0.6232   0.4519
  -0.500   0.2549   0.01669   0.00875  -0.0659   0.5963   0.5230
   0.000   0.3052   0.01675   0.00886  -0.0647   0.5845   0.5645
   0.500   0.3503   0.01679   0.00906  -0.0624   0.5721   0.6047
   1.000   0.4000   0.01699   0.00931  -0.0611   0.5611   0.6460
   1.500   0.4468   0.01711   0.00957  -0.0590   0.5497   0.6837
   2.000   0.4970   0.01741   0.00993  -0.0576   0.5393   0.7211
   2.500   0.5421   0.01764   0.01023  -0.0553   0.5284   0.7581
   3.000   0.5938   0.01803   0.01069  -0.0541   0.5186   0.7924
   3.500   0.6365   0.01839   0.01117  -0.0512   0.5080   0.8266
   4.000   0.6901   0.01892   0.01165  -0.0503   0.4986   0.8602
   4.500   0.7283   0.01943   0.01228  -0.0465   0.4882   0.8928
   5.000   0.7971   0.02016   0.01285  -0.0486   0.4786   0.9178
   5.500   0.8542   0.02096   0.01374  -0.0491   0.4677   0.9410
   6.000   0.9438   0.02179   0.01440  -0.0559   0.4575   0.9572
   6.500   1.0304   0.02269   0.01535  -0.0628   0.4456   0.9720
   7.000   1.1212   0.02344   0.01601  -0.0706   0.4349   0.9834
   7.500   1.2014   0.02400   0.01655  -0.0767   0.4237   0.9962
   8.000   1.2201   0.02442   0.01694  -0.0715   0.4152   1.0000
   8.500   1.1819   0.02459   0.01716  -0.0557   0.4078   1.0000
   9.000   1.2153   0.02489   0.01726  -0.0522   0.3997   1.0000
   9.500   1.1845   0.02579   0.01832  -0.0384   0.3915   1.0000
  10.000   1.2194   0.02625   0.01863  -0.0355   0.3830   1.0000
