  
       XFOIL         Version 6.99
  
 Calculated polar for: NACA 3714                                       
  
 1 1 Reynolds number fixed          Mach number fixed         
  
 xtrf =   1.000 (top)        1.000 (bottom)  
 Mach =   0.050     Re =     0.200 e 6     Ncrit =   9.000
  
   alpha    CL        CD       CDp       CM     Top_Xtr  Bot_Xtr
  ------ -------- --------- --------- -------- -------- --------
  -2.000   0.0340   0.01904   0.01245  -0.0921   0.9369   0.4755
  -1.500   0.1168   0.01885   0.01244  -0.0972   0.9288   0.5311
  -1.000   0.1840   0.01854   0.01231  -0.0990   0.9153   0.5803
  -0.500   0.2520   0.01818   0.01213  -0.1007   0.9020   0.6261
   0.000   0.3217   0.01770   0.01180  -0.1024   0.8893   0.6681
   0.500   0.4027   0.01686   0.01108  -0.1059   0.8812   0.7078
   1.000   0.4679   0.01598   0.01034  -0.1063   0.8664   0.7422
   1.500   0.5337   0.01489   0.00939  -0.1066   0.8515   0.7750
   2.000   0.6005   0.01368   0.00834  -0.1069   0.8344   0.8078
   2.500   0.6557   0.01270   0.00750  -0.1051   0.8056   0.8418
   3.000   0.7214   0.01167   0.00654  -0.1052   0.7667   0.8798
   3.500   0.7860   0.01111   0.00583  -0.1052   0.7056   0.9336
   4.000   0.8562   0.01150   0.00581  -0.1080   0.6399   1.0000
   4.500   0.9077   0.01224   0.00622  -0.1073   0.5823   1.0000
   5.000   0.9529   0.01300   0.00671  -0.1053   0.5284   1.0000
   5.500   0.9945   0.01380   0.00726  -0.1025   0.4761   1.0000
   6.000   1.0331   0.01467   0.00789  -0.0992   0.4241   1.0000
   6.500   1.0683   0.01562   0.00862  -0.0954   0.3721   1.0000
   7.000   1.1002   0.01669   0.00946  -0.0910   0.3203   1.0000
   7.500   1.1314   0.01795   0.01049  -0.0869   0.2683   1.0000
   8.000   1.1613   0.01943   0.01171  -0.0827   0.2191   1.0000
   8.500   1.1886   0.02116   0.01318  -0.0783   0.1778   1.0000
   9.000   1.2161   0.02298   0.01486  -0.0741   0.1460   1.0000
   9.500   1.2425   0.02492   0.01670  -0.0700   0.1230   1.0000
  10.000   1.2657   0.02715   0.01884  -0.0656   0.1068   1.0000
