  
       XFOIL         Version 6.99
  
 Calculated polar for: NACA 5732                                       
  
 1 1 Reynolds number fixed          Mach number fixed         
  
 xtrf =   1.000 (top)        1.000 (bottom)  
 Mach =   0.050     Re =     0.200 e 6     Ncrit =   9.000
  
   alpha    CL        CD       CDp       CM     Top_Xtr  Bot_Xtr
  ------ -------- --------- --------- -------- -------- --------
  -2.000   0.1293   0.02319   0.01543  -0.1149   0.6997   0.3786
  -1.500   0.2213   0.02217   0.01434  -0.1213   0.6889   0.3934
  -1.000   0.2765   0.02207   0.01423  -0.1216   0.6722   0.4060
  -0.500   0.3515   0.02183   0.01386  -0.1254   0.6585   0.4209
   0.000   0.4156   0.02170   0.01371  -0.1272   0.6435   0.4347
   0.500   0.4550   0.02223   0.01419  -0.1249   0.6277   0.4482
   1.000   0.5270   0.02210   0.01404  -0.1281   0.6148   0.4634
   1.500   0.5603   0.02273   0.01460  -0.1248   0.5999   0.4771
   2.000   0.6118   0.02302   0.01498  -0.1245   0.5868   0.4920
   2.500   0.6618   0.02336   0.01522  -0.1241   0.5738   0.5078
   3.000   0.7020   0.02399   0.01597  -0.1220   0.5609   0.5225
   3.500   0.7573   0.02426   0.01613  -0.1225   0.5491   0.5394
   4.000   0.7897   0.02515   0.01715  -0.1191   0.5366   0.5544
   4.500   0.8453   0.02545   0.01737  -0.1197   0.5255   0.5717
   5.000   0.8747   0.02651   0.01855  -0.1160   0.5136   0.5874
   5.500   0.9262   0.02694   0.01892  -0.1159   0.5030   0.6043
   6.000   0.9557   0.02813   0.02020  -0.1125   0.4917   0.6208
   6.500   1.0003   0.02876   0.02083  -0.1113   0.4814   0.6368
   7.000   1.0326   0.03001   0.02211  -0.1085   0.4708   0.6539
   7.500   1.0685   0.03091   0.02307  -0.1061   0.4607   0.6687
   8.000   1.1073   0.03209   0.02421  -0.1046   0.4509   0.6863
   8.500   1.1316   0.03339   0.02565  -0.1007   0.4408   0.7006
   9.000   1.1796   0.03421   0.02638  -0.1005   0.4318   0.7177
   9.500   1.1902   0.03622   0.02857  -0.0953   0.4217   0.7332
  10.000   1.2529   0.03633   0.02851  -0.0968   0.4133   0.7501
