  
       XFOIL         Version 6.99
  
 Calculated polar for: NACA 4316                                       
  
 1 1 Reynolds number fixed          Mach number fixed         
  
 xtrf =   1.000 (top)        1.000 (bottom)  
 Mach =   0.050     Re =     0.200 e 6     Ncrit =   9.000
  
   alpha    CL        CD       CDp       CM     Top_Xtr  Bot_Xtr
  ------ -------- --------- --------- -------- -------- --------
  -2.000   0.2252   0.01388   0.00588  -0.0873   0.7283   0.2107
  -1.500   0.2758   0.01331   0.00536  -0.0860   0.6980   0.2614
  -1.000   0.3136   0.01179   0.00512  -0.0825   0.6670   0.5980
  -0.500   0.3544   0.01145   0.00532  -0.0777   0.6339   0.8122
   0.000   0.4126   0.01179   0.00556  -0.0763   0.6008   0.9189
   0.500   0.4991   0.01237   0.00577  -0.0816   0.5680   0.9686
   1.000   0.6082   0.01288   0.00587  -0.0925   0.5370   0.9944
   1.500   0.6679   0.01322   0.00590  -0.0940   0.5163   1.0000
   2.000   0.7079   0.01354   0.00603  -0.0914   0.4995   1.0000
   2.500   0.7497   0.01392   0.00629  -0.0890   0.4855   1.0000
   3.000   0.7939   0.01439   0.00661  -0.0869   0.4735   1.0000
   3.500   0.8399   0.01489   0.00695  -0.0852   0.4628   1.0000
   4.000   0.8854   0.01541   0.00743  -0.0833   0.4528   1.0000
   4.500   0.9346   0.01601   0.00788  -0.0822   0.4439   1.0000
   5.000   0.9811   0.01659   0.00851  -0.0806   0.4350   1.0000
   5.500   1.0316   0.01722   0.00904  -0.0798   0.4267   1.0000
   6.000   1.0796   0.01792   0.00980  -0.0786   0.4185   1.0000
   6.500   1.1296   0.01857   0.01044  -0.0778   0.4104   1.0000
   7.000   1.1786   0.01940   0.01130  -0.0769   0.4025   1.0000
   7.500   1.2262   0.02008   0.01205  -0.0757   0.3940   1.0000
   8.000   1.2766   0.02097   0.01295  -0.0752   0.3862   1.0000
   8.500   1.3200   0.02168   0.01382  -0.0734   0.3773   1.0000
   9.000   1.3703   0.02258   0.01470  -0.0729   0.3690   1.0000
   9.500   1.4091   0.02328   0.01560  -0.0703   0.3594   1.0000
  10.000   1.4539   0.02411   0.01647  -0.0689   0.3501   1.0000
  -2.000   0.2252   0.01388   0.00588  -0.0873   0.7283   0.2107
  -1.500   0.2758   0.01331   0.00536  -0.0860   0.6980   0.2614
  -1.000   0.3136   0.01179   0.00512  -0.0825   0.6670   0.5980
  -0.500   0.3544   0.01145   0.00532  -0.0777   0.6339   0.8122
   0.000   0.4126   0.01179   0.00556  -0.0763   0.6008   0.9189
   0.500   0.4991   0.01237   0.00577  -0.0816   0.5680   0.9686
   1.000   0.6082   0.01288   0.00587  -0.0925   0.5370   0.9944
   1.500   0.6679   0.01322   0.00590  -0.0940   0.5163   1.0000
   2.000   0.7079   0.01354   0.00603  -0.0914   0.4995   1.0000
   2.500   0.7497   0.01392   0.00629  -0.0890   0.4855   1.0000
   3.000   0.7939   0.01439   0.00661  -0.0869   0.4735   1.0000
   3.500   0.8399   0.01489   0.00695  -0.0852   0.4628   1.0000
   4.000   0.8854   0.01541   0.00743  -0.0833   0.4528   1.0000
   4.500   0.9346   0.01601   0.00788  -0.0822   0.4439   1.0000
   5.000   0.9811   0.01659   0.00851  -0.0806   0.4350   1.0000
   5.500   1.0316   0.01722   0.00904  -0.0798   0.4267   1.0000
   6.000   1.0796   0.01792   0.00980  -0.0786   0.4185   1.0000
   6.500   1.1296   0.01857   0.01044  -0.0778   0.4104   1.0000
   7.000   1.1786   0.01940   0.01130  -0.0769   0.4025   1.0000
   7.500   1.2262   0.02008   0.01205  -0.0757   0.3940   1.0000
   8.000   1.2766   0.02097   0.01295  -0.0752   0.3862   1.0000
   8.500   1.3200   0.02168   0.01382  -0.0734   0.3773   1.0000
   9.000   1.3703   0.02258   0.01470  -0.0729   0.3690   1.0000
   9.500   1.4091   0.02328   0.01560  -0.0703   0.3594   1.0000
  10.000   1.4539   0.02411   0.01647  -0.0689   0.3501   1.0000
  -2.000   0.2252   0.01388   0.00588  -0.0873   0.7283   0.2107
  -1.500   0.2758   0.01331   0.00536  -0.0860   0.6980   0.2614
  -1.000   0.3136   0.01179   0.00512  -0.0825   0.6670   0.5980
  -0.500   0.3544   0.01145   0.00532  -0.0777   0.6339   0.8122
   0.000   0.4126   0.01179   0.00556  -0.0763   0.6008   0.9189
   0.500   0.4991   0.01237   0.00577  -0.0816   0.5680   0.9686
   1.000   0.6082   0.01288   0.00587  -0.0925   0.5370   0.9944
   1.500   0.6679   0.01322   0.00590  -0.0940   0.5163   1.0000
   2.000   0.7079   0.01354   0.00603  -0.0914   0.4995   1.0000
   2.500   0.7497   0.01392   0.00629  -0.0890   0.4855   1.0000
   3.000   0.7939   0.01439   0.00661  -0.0869   0.4735   1.0000
   3.500   0.8399   0.01489   0.00695  -0.0852   0.4628   1.0000
   4.000   0.8854   0.01541   0.00743  -0.0833   0.4528   1.0000
   4.500   0.9346   0.01601   0.00788  -0.0822   0.4439   1.0000
   5.000   0.9811   0.01659   0.00851  -0.0806   0.4350   1.0000
   5.500   1.0316   0.01722   0.00904  -0.0798   0.4267   1.0000
   6.000   1.0796   0.01792   0.00980  -0.0786   0.4185   1.0000
   6.500   1.1296   0.01857   0.01044  -0.0778   0.4104   1.0000
   7.000   1.1786   0.01940   0.01130  -0.0769   0.4025   1.0000
   7.500   1.2262   0.02008   0.01205  -0.0757   0.3940   1.0000
   8.000   1.2766   0.02097   0.01295  -0.0752   0.3862   1.0000
   8.500   1.3200   0.02168   0.01382  -0.0734   0.3773   1.0000
   9.000   1.3703   0.02258   0.01470  -0.0729   0.3690   1.0000
   9.500   1.4091   0.02328   0.01560  -0.0703   0.3594   1.0000
  10.000   1.4539   0.02411   0.01647  -0.0689   0.3501   1.0000
