  
       XFOIL         Version 6.99
  
 Calculated polar for: NACA 0024                                       
  
 1 1 Reynolds number fixed          Mach number fixed         
  
 xtrf =   1.000 (top)        1.000 (bottom)  
 Mach =   0.050     Re =     0.200 e 6     Ncrit =   9.000
  
   alpha    CL        CD       CDp       CM     Top_Xtr  Bot_Xtr
  ------ -------- --------- --------- -------- -------- --------
  -2.000  -0.1991   0.01532   0.00791  -0.0064   0.7135   0.5327
  -1.500  -0.1494   0.01519   0.00774  -0.0048   0.6895   0.5536
  -1.000  -0.0996   0.01511   0.00762  -0.0032   0.6658   0.5751
  -0.500  -0.0496   0.01506   0.00754  -0.0016   0.6426   0.5971
   0.000  -0.0000   0.01505   0.00752   0.0000   0.6196   0.6196
   0.500   0.0496   0.01506   0.00754   0.0016   0.5971   0.6426
   1.000   0.0996   0.01511   0.00762   0.0032   0.5751   0.6658
   1.500   0.1494   0.01519   0.00774   0.0048   0.5536   0.6895
   3.000   0.2982   0.01574   0.00838   0.0097   0.4925   0.7622
   3.500   0.3477   0.01604   0.00869   0.0114   0.4734   0.7864
   4.000   0.3972   0.01640   0.00905   0.0131   0.4547   0.8102
   4.500   0.4472   0.01686   0.00947   0.0148   0.4362   0.8331
   5.000   0.4953   0.01734   0.00999   0.0168   0.4179   0.8548
   5.500   0.5452   0.01794   0.01063   0.0184   0.3998   0.8745
   6.000   0.5983   0.01865   0.01134   0.0194   0.3819   0.8922
   6.500   0.6539   0.01942   0.01208   0.0196   0.3644   0.9091
   7.000   0.7113   0.02024   0.01284   0.0192   0.3473   0.9257
   7.500   0.7707   0.02111   0.01363   0.0182   0.3305   0.9419
   8.000   0.8562   0.02218   0.01465   0.0117   0.3117   0.9485
   9.000   0.9867   0.02412   0.01641   0.0059   0.2793   0.9755
   9.500   1.0528   0.02500   0.01731   0.0022   0.2637   0.9861
  -2.000  -0.1991   0.01532   0.00791  -0.0064   0.7135   0.5327
  -1.500  -0.1494   0.01519   0.00774  -0.0048   0.6895   0.5536
  -1.000  -0.0996   0.01511   0.00762  -0.0032   0.6658   0.5751
  -0.500  -0.0496   0.01506   0.00754  -0.0016   0.6426   0.5971
   0.000  -0.0000   0.01505   0.00752   0.0000   0.6196   0.6196
   0.500   0.0496   0.01506   0.00754   0.0016   0.5971   0.6426
   1.000   0.0996   0.01511   0.00762   0.0032   0.5751   0.6658
   1.500   0.1494   0.01519   0.00774   0.0048   0.5536   0.6895
   3.000   0.2982   0.01574   0.00838   0.0097   0.4925   0.7622
   3.500   0.3477   0.01604   0.00869   0.0114   0.4734   0.7864
   4.000   0.3972   0.01640   0.00905   0.0131   0.4547   0.8102
   4.500   0.4472   0.01686   0.00947   0.0148   0.4362   0.8331
   5.000   0.4953   0.01734   0.00999   0.0168   0.4179   0.8548
   5.500   0.5452   0.01794   0.01063   0.0184   0.3998   0.8745
   6.000   0.5983   0.01865   0.01134   0.0194   0.3819   0.8922
   6.500   0.6539   0.01942   0.01208   0.0196   0.3644   0.9091
   7.000   0.7113   0.02024   0.01284   0.0192   0.3473   0.9257
   7.500   0.7707   0.02111   0.01363   0.0182   0.3305   0.9419
   8.000   0.8562   0.02218   0.01465   0.0117   0.3117   0.9485
   9.000   0.9867   0.02412   0.01641   0.0059   0.2793   0.9755
   9.500   1.0528   0.02500   0.01731   0.0022   0.2637   0.9861
