  
       XFOIL         Version 6.99
  
 Calculated polar for: NACA 4238                                       
  
 1 1 Reynolds number fixed          Mach number fixed         
  
 xtrf =   1.000 (top)        1.000 (bottom)  
 Mach =   0.050     Re =     0.200 e 6     Ncrit =   9.000
  
   alpha    CL        CD       CDp       CM     Top_Xtr  Bot_Xtr
  ------ -------- --------- --------- -------- -------- --------
  -2.000  -0.0300   0.02363   0.01534  -0.0121   0.5018   0.5112
  -1.500  -0.0069   0.02381   0.01543  -0.0069   0.4908   0.5217
  -1.000   0.0206   0.02388   0.01546  -0.0025   0.4794   0.5324
  -0.500   0.0466   0.02427   0.01586   0.0019   0.4680   0.5440
   0.000   0.0781   0.02441   0.01587   0.0053   0.4570   0.5568
   0.500   0.1019   0.02498   0.01656   0.0097   0.4457   0.5693
   1.000   0.1420   0.02517   0.01650   0.0115   0.4351   0.5819
   1.500   0.1597   0.02585   0.01738   0.0162   0.4237   0.5935
   2.000   0.2043   0.02618   0.01749   0.0170   0.4134   0.6075
   2.500   0.2190   0.02706   0.01854   0.0217   0.4024   0.6201
   3.000   0.2578   0.02767   0.01904   0.0230   0.3926   0.6350
   3.500   0.2797   0.02865   0.02010   0.0263   0.3825   0.6500
   4.000   0.3139   0.02955   0.02095   0.0278   0.3733   0.6673
   4.500   0.3403   0.03063   0.02213   0.0302   0.3645   0.6840
   5.000   0.3793   0.03156   0.02297   0.0309   0.3571   0.7036
   5.500   0.4005   0.03310   0.02471   0.0335   0.3497   0.7237
   6.000   0.4567   0.03345   0.02495   0.0324   0.3439   0.7453
   6.500   0.4633   0.03583   0.02756   0.0361   0.3379   0.7683
   7.000   0.4910   0.03737   0.02919   0.0377   0.3324   0.7935
   7.500   0.5471   0.03777   0.02954   0.0369   0.3281   0.8196
   8.000   0.5474   0.04091   0.03300   0.0410   0.3238   0.8465
   8.500   0.5477   0.04434   0.03667   0.0448   0.3195   0.8745
   9.000   0.5777   0.04640   0.03878   0.0460   0.3160   0.9027
   9.500   0.6472   0.04690   0.03911   0.0433   0.3129   0.9265
  10.000   0.5975   0.05593   0.04861   0.0469   0.3085   0.9477
  -2.000  -0.0300   0.02363   0.01534  -0.0121   0.5018   0.5112
  -1.500  -0.0069   0.02381   0.01543  -0.0069   0.4908   0.5217
  -1.000   0.0206   0.02388   0.01546  -0.0025   0.4794   0.5324
  -0.500   0.0466   0.02427   0.01586   0.0019   0.4680   0.5440
   0.000   0.0781   0.02441   0.01587   0.0053   0.4570   0.5568
   0.500   0.1019   0.02498   0.01656   0.0097   0.4457   0.5693
   1.000   0.1420   0.02517   0.01650   0.0115   0.4351   0.5819
   1.500   0.1597   0.02585   0.01738   0.0162   0.4237   0.5935
   2.000   0.2043   0.02618   0.01749   0.0170   0.4134   0.6075
   2.500   0.2190   0.02706   0.01854   0.0217   0.4024   0.6201
   3.000   0.2578   0.02767   0.01904   0.0230   0.3926   0.6350
   3.500   0.2797   0.02865   0.02010   0.0263   0.3825   0.6500
   4.000   0.3139   0.02955   0.02095   0.0278   0.3733   0.6673
   4.500   0.3403   0.03063   0.02213   0.0302   0.3645   0.6840
   5.000   0.3793   0.03156   0.02297   0.0309   0.3571   0.7036
   5.500   0.4005   0.03310   0.02471   0.0335   0.3497   0.7237
   6.000   0.4567   0.03345   0.02495   0.0324   0.3439   0.7453
   6.500   0.4633   0.03583   0.02756   0.0361   0.3379   0.7683
   7.000   0.4910   0.03737   0.02919   0.0377   0.3324   0.7935
   7.500   0.5471   0.03777   0.02954   0.0369   0.3281   0.8196
   8.000   0.5474   0.04091   0.03300   0.0410   0.3238   0.8465
   8.500   0.5477   0.04434   0.03667   0.0448   0.3195   0.8745
   9.000   0.5777   0.04640   0.03878   0.0460   0.3160   0.9027
   9.500   0.6472   0.04690   0.03911   0.0433   0.3129   0.9265
  10.000   0.5975   0.05593   0.04861   0.0469   0.3085   0.9477
  -2.000  -0.0300   0.02363   0.01534  -0.0121   0.5018   0.5112
  -1.500  -0.0069   0.02381   0.01543  -0.0069   0.4908   0.5217
  -1.000   0.0206   0.02388   0.01546  -0.0025   0.4794   0.5324
  -0.500   0.0466   0.02427   0.01586   0.0019   0.4680   0.5440
   0.000   0.0781   0.02441   0.01587   0.0053   0.4570   0.5568
   0.500   0.1019   0.02498   0.01656   0.0097   0.4457   0.5693
   1.000   0.1420   0.02517   0.01650   0.0115   0.4351   0.5819
   1.500   0.1597   0.02585   0.01738   0.0162   0.4237   0.5935
   2.000   0.2043   0.02618   0.01749   0.0170   0.4134   0.6075
   2.500   0.2190   0.02706   0.01854   0.0217   0.4024   0.6201
   3.000   0.2578   0.02767   0.01904   0.0230   0.3926   0.6350
   3.500   0.2797   0.02865   0.02010   0.0263   0.3825   0.6500
   4.000   0.3139   0.02955   0.02095   0.0278   0.3733   0.6673
   4.500   0.3403   0.03063   0.02213   0.0302   0.3645   0.6840
   5.000   0.3793   0.03156   0.02297   0.0309   0.3571   0.7036
   5.500   0.4005   0.03310   0.02471   0.0335   0.3497   0.7237
   6.000   0.4567   0.03345   0.02495   0.0324   0.3439   0.7453
   6.500   0.4633   0.03583   0.02756   0.0361   0.3379   0.7683
   7.000   0.4910   0.03737   0.02919   0.0377   0.3324   0.7935
   7.500   0.5471   0.03777   0.02954   0.0369   0.3281   0.8196
   8.000   0.5474   0.04091   0.03300   0.0410   0.3238   0.8465
   8.500   0.5477   0.04434   0.03667   0.0448   0.3195   0.8745
   9.000   0.5777   0.04640   0.03878   0.0460   0.3160   0.9027
   9.500   0.6472   0.04690   0.03911   0.0433   0.3129   0.9265
  10.000   0.5975   0.05593   0.04861   0.0469   0.3085   0.9477
