  
       XFOIL         Version 6.99
  
 Calculated polar for: NACA 0114                                       
  
 1 1 Reynolds number fixed          Mach number fixed         
  
 xtrf =   1.000 (top)        1.000 (bottom)  
 Mach =   0.050     Re =     0.200 e 6     Ncrit =   9.000
  
   alpha    CL        CD       CDp       CM     Top_Xtr  Bot_Xtr
  ------ -------- --------- --------- -------- -------- --------
  -2.000  -0.2464   0.01157   0.00575  -0.0014   0.9419   0.6601
  -1.500  -0.1733   0.01114   0.00551  -0.0038   0.9240   0.7105
  -1.000  -0.1112   0.01079   0.00533  -0.0036   0.8999   0.7567
  -0.500  -0.0539   0.01053   0.00517  -0.0022   0.8715   0.7991
   0.000  -0.0000   0.01045   0.00514   0.0000   0.8371   0.8371
   0.500   0.0539   0.01053   0.00517   0.0022   0.7991   0.8715
   1.000   0.1112   0.01079   0.00533   0.0036   0.7567   0.8999
   1.500   0.1733   0.01114   0.00551   0.0038   0.7105   0.9240
   2.000   0.2464   0.01157   0.00575   0.0014   0.6601   0.9419
   2.500   0.3268   0.01198   0.00594  -0.0030   0.6054   0.9570
   3.000   0.4081   0.01237   0.00609  -0.0080   0.5479   0.9715
   3.500   0.4909   0.01274   0.00622  -0.0137   0.4877   0.9852
   4.000   0.5754   0.01308   0.00632  -0.0200   0.4240   0.9974
   4.500   0.6269   0.01341   0.00646  -0.0200   0.3706   1.0000
   5.000   0.6675   0.01384   0.00669  -0.0177   0.3212   1.0000
   5.500   0.7063   0.01442   0.00708  -0.0150   0.2737   1.0000
   6.000   0.7424   0.01518   0.00761  -0.0118   0.2301   1.0000
   6.500   0.7778   0.01601   0.00831  -0.0084   0.1915   1.0000
   7.000   0.8111   0.01701   0.00916  -0.0046   0.1607   1.0000
   7.500   0.8423   0.01823   0.01018  -0.0004   0.1373   1.0000
   8.000   0.8753   0.01936   0.01132   0.0035   0.1190   1.0000
   8.500   0.9072   0.02066   0.01259   0.0075   0.1050   1.0000
   9.000   0.9392   0.02212   0.01404   0.0113   0.0940   1.0000
   9.500   0.9721   0.02376   0.01567   0.0148   0.0852   1.0000
  10.000   1.0066   0.02568   0.01749   0.0176   0.0777   1.0000
  -2.000  -0.2464   0.01157   0.00575  -0.0014   0.9419   0.6601
  -1.500  -0.1733   0.01114   0.00551  -0.0038   0.9240   0.7105
  -1.000  -0.1112   0.01079   0.00533  -0.0036   0.8999   0.7567
  -0.500  -0.0539   0.01053   0.00517  -0.0022   0.8715   0.7991
   0.000  -0.0000   0.01045   0.00514   0.0000   0.8371   0.8371
   0.500   0.0539   0.01053   0.00517   0.0022   0.7991   0.8715
   1.000   0.1112   0.01079   0.00533   0.0036   0.7567   0.8999
   1.500   0.1733   0.01114   0.00551   0.0038   0.7105   0.9240
   2.000   0.2464   0.01157   0.00575   0.0014   0.6601   0.9419
   2.500   0.3268   0.01198   0.00594  -0.0030   0.6054   0.9570
   3.000   0.4081   0.01237   0.00609  -0.0080   0.5479   0.9715
   3.500   0.4909   0.01274   0.00622  -0.0137   0.4877   0.9852
   4.000   0.5754   0.01308   0.00632  -0.0200   0.4240   0.9974
   4.500   0.6269   0.01341   0.00646  -0.0200   0.3706   1.0000
   5.000   0.6675   0.01384   0.00669  -0.0177   0.3212   1.0000
   5.500   0.7063   0.01442   0.00708  -0.0150   0.2737   1.0000
   6.000   0.7424   0.01518   0.00761  -0.0118   0.2301   1.0000
   6.500   0.7778   0.01601   0.00831  -0.0084   0.1915   1.0000
   7.000   0.8111   0.01701   0.00916  -0.0046   0.1607   1.0000
   7.500   0.8423   0.01823   0.01018  -0.0004   0.1373   1.0000
   8.000   0.8753   0.01936   0.01132   0.0035   0.1190   1.0000
   8.500   0.9072   0.02066   0.01259   0.0075   0.1050   1.0000
   9.000   0.9392   0.02212   0.01404   0.0113   0.0940   1.0000
   9.500   0.9721   0.02376   0.01567   0.0148   0.0852   1.0000
  10.000   1.0066   0.02568   0.01749   0.0176   0.0777   1.0000
