  
       XFOIL         Version 6.99
  
 Calculated polar for: NACA 2826                                       
  
 1 1 Reynolds number fixed          Mach number fixed         
  
 xtrf =   1.000 (top)        1.000 (bottom)  
 Mach =   0.050     Re =     0.200 e 6     Ncrit =   9.000
  
   alpha    CL        CD       CDp       CM     Top_Xtr  Bot_Xtr
  ------ -------- --------- --------- -------- -------- --------
  -2.000   0.0687   0.01616   0.00873  -0.0815   0.7385   0.4766
  -1.500   0.1237   0.01611   0.00862  -0.0812   0.7134   0.4945
  -1.000   0.1771   0.01613   0.00853  -0.0805   0.6895   0.5133
  -0.500   0.2302   0.01620   0.00855  -0.0797   0.6667   0.5320
   0.000   0.2829   0.01627   0.00861  -0.0789   0.6447   0.5504
   0.500   0.3284   0.01634   0.00868  -0.0766   0.6232   0.5691
   1.000   0.3744   0.01646   0.00879  -0.0745   0.6025   0.5889
   1.500   0.4220   0.01666   0.00899  -0.0727   0.5826   0.6089
   2.000   0.4709   0.01688   0.00923  -0.0710   0.5637   0.6282
   2.500   0.5213   0.01715   0.00946  -0.0697   0.5455   0.6482
   3.000   0.5665   0.01740   0.00970  -0.0675   0.5273   0.6687
   3.500   0.6062   0.01770   0.01003  -0.0642   0.5097   0.6896
   4.000   0.6491   0.01810   0.01048  -0.0613   0.4931   0.7088
   4.500   0.6953   0.01856   0.01089  -0.0592   0.4770   0.7277
   5.000   0.7306   0.01895   0.01134  -0.0551   0.4610   0.7472
   5.500   0.7702   0.01952   0.01193  -0.0520   0.4454   0.7674
   6.000   0.8117   0.02014   0.01252  -0.0491   0.4306   0.7857
   6.500   0.8482   0.02070   0.01308  -0.0454   0.4160   0.8039
   7.000   0.8808   0.02131   0.01378  -0.0412   0.4017   0.8230
   7.500   0.9182   0.02191   0.01433  -0.0380   0.3882   0.8425
   8.000   0.9485   0.02247   0.01492  -0.0335   0.3748   0.8629
   8.500   0.9749   0.02312   0.01566  -0.0286   0.3619   0.8841
   9.000   1.0054   0.02370   0.01618  -0.0242   0.3498   0.9067
   9.500   1.0215   0.02436   0.01697  -0.0178   0.3379   0.9339
  10.000   1.0528   0.02517   0.01782  -0.0144   0.3259   0.9643
