  
       XFOIL         Version 6.99
  
 Calculated polar for: NACA 5628                                       
  
 1 1 Reynolds number fixed          Mach number fixed         
  
 xtrf =   1.000 (top)        1.000 (bottom)  
 Mach =   0.050     Re =     0.200 e 6     Ncrit =   9.000
  
   alpha    CL        CD       CDp       CM     Top_Xtr  Bot_Xtr
  ------ -------- --------- --------- -------- -------- --------
  -2.000   0.1586   0.02342   0.01576  -0.1127   0.7195   0.3610
  -1.500   0.2499   0.02188   0.01423  -0.1184   0.7147   0.3800
  -0.500   0.3889   0.02054   0.01280  -0.1229   0.6937   0.4167
   0.000   0.4328   0.02054   0.01289  -0.1208   0.6785   0.4332
   0.500   0.5119   0.01984   0.01214  -0.1248   0.6679   0.4537
   1.000   0.5637   0.01981   0.01204  -0.1241   0.6530   0.4729
   1.500   0.6055   0.02010   0.01240  -0.1218   0.6372   0.4914
   2.000   0.6607   0.02015   0.01245  -0.1218   0.6230   0.5111
   2.500   0.7330   0.01996   0.01213  -0.1247   0.6100   0.5335
   3.000   0.7630   0.02068   0.01287  -0.1205   0.5942   0.5530
   3.500   0.8095   0.02113   0.01337  -0.1191   0.5801   0.5732
   4.000   0.8795   0.02119   0.01331  -0.1217   0.5674   0.5959
   4.500   0.9004   0.02213   0.01433  -0.1162   0.5528   0.6159
   5.000   0.9456   0.02274   0.01494  -0.1148   0.5400   0.6384
   5.500   0.9958   0.02310   0.01528  -0.1142   0.5275   0.6613
   6.000   1.0209   0.02409   0.01642  -0.1098   0.5144   0.6832
   6.500   1.0789   0.02435   0.01661  -0.1104   0.5031   0.7094
   7.000   1.0962   0.02551   0.01796  -0.1050   0.4903   0.7347
   7.500   1.1379   0.02617   0.01867  -0.1033   0.4791   0.7656
   8.500   1.1896   0.02789   0.02080  -0.0946   0.4565   0.8736
   9.000   1.2302   0.02840   0.02127  -0.0934   0.4455   1.0000
   9.500   1.2528   0.03022   0.02309  -0.0902   0.4339   1.0000
  10.000   1.3084   0.03078   0.02340  -0.0911   0.4237   1.0000
