  
       XFOIL         Version 6.99
  
 Calculated polar for: NACA 7716                                       
  
 1 1 Reynolds number fixed          Mach number fixed         
  
 xtrf =   1.000 (top)        1.000 (bottom)  
 Mach =   0.050     Re =     0.200 e 6     Ncrit =   9.000
  
   alpha    CL        CD       CDp       CM     Top_Xtr  Bot_Xtr
  ------ -------- --------- --------- -------- -------- --------
  -2.000   0.3254   0.03917   0.03216  -0.1939   0.8754   0.2748
  -1.000   0.4510   0.03872   0.03195  -0.1971   0.8506   0.3478
  -0.500   0.5328   0.03835   0.03167  -0.2017   0.8458   0.3912
   0.500   0.6553   0.03757   0.03114  -0.2035   0.8230   0.4684
   1.000   0.7280   0.03675   0.03043  -0.2060   0.8161   0.5092
   2.000   0.8607   0.03489   0.02885  -0.2083   0.7993   0.5831
   2.500   0.9135   0.03416   0.02824  -0.2069   0.7852   0.6145
   3.500   1.0212   0.03245   0.02676  -0.2042   0.7574   0.6698
   4.000   1.0903   0.03054   0.02496  -0.2050   0.7512   0.6958
   4.500   1.1335   0.03004   0.02455  -0.2019   0.7287   0.7189
   5.000   1.2037   0.02818   0.02273  -0.2031   0.7132   0.7451
   5.500   1.2909   0.02541   0.01997  -0.2070   0.6954   0.7700
   6.000   1.3924   0.02273   0.01710  -0.2139   0.6678   0.7964
   7.000   1.4951   0.02320   0.01722  -0.2117   0.5915   0.8425
   7.500   1.5208   0.02433   0.01831  -0.2063   0.5557   0.8673
   8.500   1.5637   0.02691   0.02082  -0.1946   0.4878   1.0000
   9.000   1.5883   0.02876   0.02253  -0.1899   0.4534   1.0000
   9.500   1.6095   0.03083   0.02447  -0.1848   0.4189   1.0000
  10.000   1.6281   0.03312   0.02667  -0.1796   0.3837   1.0000
