  
       XFOIL         Version 6.99
  
 Calculated polar for: NACA 2722                                       
  
 1 1 Reynolds number fixed          Mach number fixed         
  
 xtrf =   1.000 (top)        1.000 (bottom)  
 Mach =   0.050     Re =     0.200 e 6     Ncrit =   9.000
  
   alpha    CL        CD       CDp       CM     Top_Xtr  Bot_Xtr
  ------ -------- --------- --------- -------- -------- --------
  -2.000   0.0206   0.01566   0.00875  -0.0709   0.8187   0.4858
  -1.500   0.0852   0.01501   0.00816  -0.0718   0.7992   0.5105
  -1.000   0.1530   0.01447   0.00763  -0.0733   0.7775   0.5359
  -0.500   0.2076   0.01422   0.00739  -0.0724   0.7488   0.5603
   0.000   0.2691   0.01404   0.00715  -0.0728   0.7208   0.5856
   0.500   0.3289   0.01406   0.00707  -0.0730   0.6929   0.6106
   1.000   0.3801   0.01424   0.00722  -0.0715   0.6641   0.6349
   1.500   0.4317   0.01447   0.00740  -0.0702   0.6372   0.6589
   2.000   0.4825   0.01475   0.00762  -0.0687   0.6118   0.6826
   2.500   0.5322   0.01505   0.00785  -0.0670   0.5875   0.7061
   3.000   0.5805   0.01535   0.00810  -0.0651   0.5640   0.7293
   3.500   0.6269   0.01564   0.00836  -0.0628   0.5412   0.7526
   4.000   0.6711   0.01593   0.00864  -0.0602   0.5190   0.7762
   4.500   0.7141   0.01622   0.00894  -0.0573   0.4975   0.8005
   5.000   0.7554   0.01654   0.00925  -0.0541   0.4765   0.8258
   5.500   0.7936   0.01685   0.00958  -0.0504   0.4562   0.8530
   6.000   0.8261   0.01715   0.00995  -0.0455   0.4368   0.8825
   6.500   0.8564   0.01750   0.01036  -0.0401   0.4180   0.9192
   7.000   0.9069   0.01814   0.01099  -0.0393   0.3977   0.9600
   7.500   0.9833   0.01905   0.01180  -0.0444   0.3753   0.9949
   8.000   1.0064   0.01946   0.01214  -0.0399   0.3582   1.0000
   8.500   1.0390   0.02026   0.01285  -0.0367   0.3406   1.0000
   9.000   1.0717   0.02120   0.01373  -0.0336   0.3234   1.0000
   9.500   1.1033   0.02227   0.01474  -0.0304   0.3069   1.0000
  10.000   1.1335   0.02348   0.01588  -0.0272   0.2909   1.0000
