  
       XFOIL         Version 6.99
  
 Calculated polar for: NACA 8432                                       
  
 1 1 Reynolds number fixed          Mach number fixed         
  
 xtrf =   1.000 (top)        1.000 (bottom)  
 Mach =   0.050     Re =     0.200 e 6     Ncrit =   9.000
  
   alpha    CL        CD       CDp       CM     Top_Xtr  Bot_Xtr
  ------ -------- --------- --------- -------- -------- --------
  -2.000   0.4211   0.02590   0.01651  -0.1344   0.5539   0.2282
  -1.500   0.4874   0.02586   0.01630  -0.1368   0.5483   0.2399
  -1.000   0.5196   0.02637   0.01695  -0.1338   0.5427   0.2497
  -0.500   0.5431   0.02718   0.01779  -0.1293   0.5363   0.2600
   0.000   0.5994   0.02714   0.01776  -0.1302   0.5311   0.2739
   0.500   0.6787   0.02715   0.01764  -0.1350   0.5266   0.2920
   1.000   0.6615   0.02896   0.01975  -0.1245   0.5206   0.3012
   1.500   0.6892   0.02990   0.02073  -0.1213   0.5149   0.3168
   2.000   0.7571   0.02985   0.02061  -0.1241   0.5108   0.3395
   2.500   0.8160   0.03032   0.02116  -0.1258   0.5067   0.3672
   3.000   0.7498   0.03471   0.02596  -0.1103   0.4987   0.3755
   3.500   0.7868   0.03562   0.02707  -0.1092   0.4939   0.4113
   4.000   0.8690   0.03463   0.02647  -0.1137   0.4910   0.5217
   4.500   0.6068   0.05562   0.04769  -0.0833   0.4700   0.4229
   5.000   0.7038   0.05174   0.04461  -0.0874   0.4702   0.6196
   5.500   0.8100   0.04664   0.04022  -0.0900   0.4706   1.0000
