  
       XFOIL         Version 6.99
  
 Calculated polar for: NACA 7720                                       
  
 1 1 Reynolds number fixed          Mach number fixed         
  
 xtrf =   1.000 (top)        1.000 (bottom)  
 Mach =   0.050     Re =     0.200 e 6     Ncrit =   9.000
  
   alpha    CL        CD       CDp       CM     Top_Xtr  Bot_Xtr
  ------ -------- --------- --------- -------- -------- --------
  -2.000   0.3119   0.03770   0.03059  -0.1874   0.8204   0.3018
  -1.000   0.4491   0.03647   0.02955  -0.1920   0.8040   0.3556
   0.000   0.5741   0.03526   0.02844  -0.1942   0.7838   0.4120
   0.500   0.6357   0.03449   0.02781  -0.1950   0.7731   0.4403
   1.000   0.7121   0.03314   0.02659  -0.1978   0.7692   0.4712
   1.500   0.7661   0.03251   0.02607  -0.1972   0.7556   0.4994
   2.500   0.8942   0.03013   0.02383  -0.1984   0.7376   0.5591
   3.000   0.9500   0.02936   0.02316  -0.1977   0.7229   0.5860
   3.500   1.0176   0.02803   0.02192  -0.1987   0.7105   0.6126
   4.000   1.1092   0.02559   0.01947  -0.2034   0.7018   0.6395
   4.500   1.1934   0.02402   0.01781  -0.2073   0.6841   0.6639
   5.000   1.2723   0.02319   0.01683  -0.2107   0.6618   0.6867
   5.500   1.3204   0.02372   0.01728  -0.2092   0.6355   0.7071
   6.000   1.3659   0.02434   0.01782  -0.2073   0.6109   0.7270
   6.500   1.4075   0.02505   0.01847  -0.2048   0.5874   0.7464
   7.000   1.4453   0.02589   0.01925  -0.2018   0.5647   0.7656
   7.500   1.4798   0.02684   0.02017  -0.1983   0.5426   0.7846
   8.000   1.5123   0.02788   0.02118  -0.1946   0.5209   0.8036
   8.500   1.5428   0.02903   0.02231  -0.1907   0.4995   0.8230
   9.000   1.5710   0.03031   0.02360  -0.1865   0.4783   0.8435
   9.500   1.5972   0.03168   0.02497  -0.1822   0.4575   0.8660
  10.000   1.6183   0.03311   0.02646  -0.1770   0.4371   0.8986
