  
       XFOIL         Version 6.99
  
 Calculated polar for: NACA 4636                                       
  
 1 1 Reynolds number fixed          Mach number fixed         
  
 xtrf =   1.000 (top)        1.000 (bottom)  
 Mach =   0.050     Re =     0.200 e 6     Ncrit =   9.000
  
   alpha    CL        CD       CDp       CM     Top_Xtr  Bot_Xtr
  ------ -------- --------- --------- -------- -------- --------
  -2.000   0.0261   0.02412   0.01584  -0.0737   0.6342   0.3874
  -1.500   0.1037   0.02357   0.01509  -0.0779   0.6244   0.3997
  -1.000   0.1192   0.02386   0.01549  -0.0715   0.6108   0.4086
  -0.500   0.1799   0.02377   0.01531  -0.0729   0.6003   0.4206
   0.000   0.2101   0.02397   0.01551  -0.0692   0.5880   0.4311
   0.500   0.2663   0.02408   0.01561  -0.0698   0.5777   0.4433
   1.000   0.2971   0.02443   0.01592  -0.0663   0.5659   0.4547
   1.500   0.3567   0.02456   0.01607  -0.0676   0.5563   0.4678
   2.000   0.3786   0.02526   0.01673  -0.0629   0.5447   0.4794
   2.500   0.4529   0.02511   0.01659  -0.0665   0.5360   0.4943
   3.000   0.4572   0.02630   0.01784  -0.0593   0.5246   0.5059
   3.500   0.5337   0.02603   0.01753  -0.0631   0.5164   0.5217
   4.000   0.5353   0.02754   0.01917  -0.0559   0.5056   0.5341
   4.500   0.5938   0.02758   0.01922  -0.0570   0.4972   0.5496
   5.000   0.6163   0.02890   0.02061  -0.0532   0.4877   0.5639
   5.500   0.6541   0.02953   0.02129  -0.0516   0.4786   0.5792
   6.000   0.7115   0.02999   0.02169  -0.0527   0.4709   0.5963
   6.500   0.7125   0.03188   0.02376  -0.0466   0.4608   0.6106
   7.000   0.7859   0.03163   0.02342  -0.0496   0.4540   0.6298
   7.500   0.7729   0.03445   0.02645  -0.0423   0.4441   0.6441
   8.000   0.8234   0.03479   0.02682  -0.0426   0.4367   0.6637
   8.500   0.8482   0.03653   0.02861  -0.0402   0.4288   0.6817
   9.000   0.8573   0.03875   0.03104  -0.0361   0.4198   0.7008
   9.500   0.9423   0.03770   0.02983  -0.0403   0.4143   0.7258
  10.000   0.8859   0.04359   0.03615  -0.0301   0.4034   0.7434
