  
       XFOIL         Version 6.99
  
 Calculated polar for: NACA 3818                                       
  
 1 1 Reynolds number fixed          Mach number fixed         
  
 xtrf =   1.000 (top)        1.000 (bottom)  
 Mach =   0.050     Re =     0.200 e 6     Ncrit =   9.000
  
   alpha    CL        CD       CDp       CM     Top_Xtr  Bot_Xtr
  ------ -------- --------- --------- -------- -------- --------
  -2.000   0.0649   0.01996   0.01334  -0.1017   0.8991   0.4779
  -1.500   0.1339   0.01913   0.01268  -0.1037   0.8845   0.5111
  -1.000   0.2023   0.01823   0.01191  -0.1053   0.8693   0.5446
  -0.500   0.2693   0.01726   0.01110  -0.1064   0.8530   0.5772
   0.000   0.3344   0.01621   0.01016  -0.1070   0.8353   0.6095
   0.500   0.3982   0.01528   0.00938  -0.1071   0.8109   0.6396
   1.000   0.4905   0.01393   0.00802  -0.1126   0.7901   0.6726
   1.500   0.5948   0.01312   0.00713  -0.1208   0.7560   0.7003
   2.000   0.6760   0.01346   0.00729  -0.1251   0.7123   0.7245
   2.500   0.7306   0.01400   0.00769  -0.1240   0.6717   0.7460
   3.000   0.7777   0.01456   0.00810  -0.1214   0.6346   0.7664
   3.500   0.8204   0.01510   0.00850  -0.1181   0.5993   0.7864
   4.000   0.8588   0.01555   0.00889  -0.1140   0.5656   0.8064
   4.500   0.8983   0.01602   0.00920  -0.1102   0.5340   0.8264
   5.000   0.9322   0.01637   0.00954  -0.1053   0.5024   0.8468
   5.500   0.9694   0.01683   0.00987  -0.1013   0.4724   0.8676
   6.000   1.0031   0.01721   0.01025  -0.0968   0.4424   0.8888
   6.500   1.0326   0.01758   0.01056  -0.0913   0.4142   0.9117
   7.000   1.0610   0.01797   0.01092  -0.0859   0.3868   0.9387
   7.500   1.0916   0.01828   0.01122  -0.0813   0.3586   1.0000
   8.000   1.1373   0.01939   0.01220  -0.0806   0.3290   1.0000
   8.500   1.1796   0.02057   0.01330  -0.0793   0.2997   1.0000
   9.000   1.2181   0.02193   0.01456  -0.0774   0.2727   1.0000
   9.500   1.2535   0.02339   0.01596  -0.0750   0.2467   1.0000
