  
       XFOIL         Version 6.99
  
 Calculated polar for: NACA 7436                                       
  
 1 1 Reynolds number fixed          Mach number fixed         
  
 xtrf =   1.000 (top)        1.000 (bottom)  
 Mach =   0.050     Re =     0.200 e 6     Ncrit =   9.000
  
   alpha    CL        CD       CDp       CM     Top_Xtr  Bot_Xtr
  ------ -------- --------- --------- -------- -------- --------
  -2.000   0.2835   0.02733   0.01785  -0.1050   0.5429   0.2749
  -1.500   0.2943   0.02829   0.01883  -0.0986   0.5369   0.2830
  -1.000   0.3105   0.02888   0.01958  -0.0933   0.5304   0.2920
  -0.500   0.3695   0.02888   0.01947  -0.0946   0.5255   0.3048
   0.000   0.4435   0.02879   0.01937  -0.0986   0.5210   0.3201
   0.500   0.3995   0.03131   0.02215  -0.0847   0.5140   0.3266
   1.000   0.4295   0.03205   0.02295  -0.0822   0.5084   0.3402
   1.500   0.5064   0.03169   0.02246  -0.0862   0.5047   0.3597
   2.000   0.4876   0.03448   0.02557  -0.0776   0.4983   0.3728
   2.500   0.4161   0.04040   0.03176  -0.0640   0.4882   0.3790
   3.000   0.5039   0.03884   0.03023  -0.0686   0.4861   0.4109
   3.500   0.6095   0.03689   0.02838  -0.0757   0.4840   0.4622
