  
       XFOIL         Version 6.99
  
 Calculated polar for: NACA 5538                                       
  
 1 1 Reynolds number fixed          Mach number fixed         
  
 xtrf =   1.000 (top)        1.000 (bottom)  
 Mach =   0.050     Re =     0.200 e 6     Ncrit =   9.000
  
   alpha    CL        CD       CDp       CM     Top_Xtr  Bot_Xtr
  ------ -------- --------- --------- -------- -------- --------
  -2.000   0.0338   0.02801   0.01934  -0.0705   0.5954   0.3523
  -1.500   0.1309   0.02708   0.01829  -0.0779   0.5898   0.3646
  -1.000   0.0850   0.02903   0.02029  -0.0625   0.5777   0.3698
  -0.500   0.1624   0.02816   0.01947  -0.0665   0.5716   0.3819
   0.000   0.1821   0.02906   0.02035  -0.0619   0.5629   0.3917
   0.500   0.2002   0.02979   0.02117  -0.0572   0.5536   0.4014
   1.000   0.2982   0.02870   0.01992  -0.0642   0.5488   0.4165
   1.500   0.2443   0.03194   0.02335  -0.0498   0.5361   0.4226
   2.000   0.3246   0.03100   0.02242  -0.0539   0.5309   0.4379
   2.500   0.3665   0.03164   0.02301  -0.0531   0.5238   0.4511
   3.000   0.3480   0.03431   0.02591  -0.0447   0.5128   0.4610
   3.500   0.4515   0.03261   0.02401  -0.0517   0.5092   0.4797
   4.000   0.3610   0.03911   0.03087  -0.0358   0.4938   0.4857
   4.500   0.4616   0.03697   0.02863  -0.0417   0.4912   0.5066
   5.000   0.5762   0.03467   0.02627  -0.0497   0.4883   0.5303
   5.500   0.4633   0.04298   0.03492  -0.0327   0.4723   0.5356
   6.000   0.5752   0.03995   0.03185  -0.0395   0.4706   0.5622
   7.000   0.5685   0.04709   0.03930  -0.0306   0.4520   0.5983
