  
       XFOIL         Version 6.99
  
 Calculated polar for: NACA 1506                                       
  
 1 1 Reynolds number fixed          Mach number fixed         
  
 xtrf =   1.000 (top)        1.000 (bottom)  
 Mach =   0.050     Re =     0.200 e 6     Ncrit =   9.000
  
   alpha    CL        CD       CDp       CM     Top_Xtr  Bot_Xtr
  ------ -------- --------- --------- -------- -------- --------
  -2.000  -0.1592   0.00756   0.00275  -0.0187   1.0000   0.8483
  -1.500  -0.0839   0.00742   0.00242  -0.0223   1.0000   1.0000
  -1.000  -0.0367   0.00747   0.00226  -0.0210   1.0000   1.0000
  -0.500   0.0115   0.00759   0.00222  -0.0199   1.0000   1.0000
   0.000   0.0602   0.00778   0.00232  -0.0191   1.0000   1.0000
   0.500   0.1090   0.00805   0.00257  -0.0185   1.0000   1.0000
   1.000   0.1762   0.00838   0.00294  -0.0218   0.9937   1.0000
   1.500   0.2743   0.00845   0.00319  -0.0310   0.9712   1.0000
   2.000   0.3656   0.00816   0.00313  -0.0374   0.9347   1.0000
   2.500   0.4255   0.00787   0.00294  -0.0360   0.8532   1.0000
   3.000   0.4699   0.00825   0.00290  -0.0315   0.6970   1.0000
   3.500   0.5057   0.01036   0.00335  -0.0272   0.3205   1.0000
   4.000   0.5456   0.01396   0.00558  -0.0250   0.0538   1.0000
   4.500   0.5936   0.01626   0.00794  -0.0233   0.0387   1.0000
   5.000   0.6429   0.01978   0.01157  -0.0215   0.0334   1.0000
   5.500   0.6935   0.02395   0.01644  -0.0196   0.0295   1.0000
   6.000   0.7420   0.03077   0.02426  -0.0165   0.0355   1.0000
