  
       XFOIL         Version 6.99
  
 Calculated polar for: NACA 8612                                       
  
 1 1 Reynolds number fixed          Mach number fixed         
  
 xtrf =   1.000 (top)        1.000 (bottom)  
 Mach =   0.050     Re =     0.200 e 6     Ncrit =   9.000
  
   alpha    CL        CD       CDp       CM     Top_Xtr  Bot_Xtr
  ------ -------- --------- --------- -------- -------- --------
  -2.000   0.4634   0.03729   0.02996  -0.2145   0.8484   0.1420
  -1.500   0.5454   0.03686   0.02964  -0.2197   0.8457   0.1842
  -0.500   0.6630   0.03715   0.03014  -0.2219   0.8310   0.2820
   0.500   0.7803   0.03731   0.03057  -0.2235   0.8160   0.3989
   1.500   0.8981   0.03714   0.03073  -0.2245   0.8008   0.5217
   2.500   1.0041   0.03708   0.03097  -0.2231   0.7821   0.6314
   3.500   1.1073   0.03652   0.03078  -0.2211   0.7608   0.7452
   4.000   1.1743   0.03451   0.02909  -0.2218   0.7569   1.0000
   4.500   1.2545   0.03266   0.02722  -0.2251   0.7548   1.0000
   5.500   1.3530   0.03161   0.02630  -0.2217   0.7297   1.0000
   6.000   1.4328   0.02892   0.02372  -0.2242   0.7266   1.0000
   7.000   1.5625   0.02449   0.01947  -0.2239   0.6938   1.0000
   7.500   1.5943   0.02454   0.01954  -0.2189   0.6545   1.0000
   8.000   1.6479   0.02375   0.01860  -0.2173   0.6079   1.0000
   8.500   1.6845   0.02438   0.01890  -0.2133   0.5530   1.0000
   9.000   1.6947   0.02661   0.02094  -0.2057   0.4987   1.0000
   9.500   1.6949   0.02959   0.02370  -0.1971   0.4406   1.0000
  10.000   1.6873   0.03342   0.02724  -0.1881   0.3744   1.0000
