  
       XFOIL         Version 6.99
  
 Calculated polar for: NACA 2820                                       
  
 1 1 Reynolds number fixed          Mach number fixed         
  
 xtrf =   1.000 (top)        1.000 (bottom)  
 Mach =   0.050     Re =     0.200 e 6     Ncrit =   9.000
  
   alpha    CL        CD       CDp       CM     Top_Xtr  Bot_Xtr
  ------ -------- --------- --------- -------- -------- --------
  -2.000  -0.0182   0.01577   0.00907  -0.0695   0.8554   0.5020
  -1.500   0.0493   0.01481   0.00828  -0.0708   0.8382   0.5300
  -1.000   0.1277   0.01390   0.00747  -0.0742   0.8196   0.5598
  -0.500   0.2235   0.01321   0.00676  -0.0813   0.7963   0.5921
   0.000   0.3084   0.01296   0.00648  -0.0863   0.7634   0.6207
   0.500   0.3729   0.01311   0.00656  -0.0874   0.7275   0.6474
   1.000   0.4324   0.01338   0.00671  -0.0874   0.6942   0.6735
   1.500   0.4806   0.01368   0.00699  -0.0852   0.6609   0.6982
   2.000   0.5313   0.01405   0.00726  -0.0834   0.6304   0.7221
   2.500   0.5783   0.01445   0.00762  -0.0810   0.6008   0.7447
   3.000   0.6234   0.01485   0.00798  -0.0781   0.5719   0.7664
   3.500   0.6684   0.01528   0.00833  -0.0753   0.5446   0.7876
   4.000   0.7128   0.01573   0.00866  -0.0725   0.5184   0.8087
   4.500   0.7527   0.01606   0.00899  -0.0688   0.4923   0.8300
   5.000   0.7911   0.01638   0.00929  -0.0649   0.4670   0.8516
   5.500   0.8277   0.01669   0.00957  -0.0607   0.4427   0.8740
   6.000   0.8583   0.01693   0.00979  -0.0552   0.4199   0.8969
   6.500   0.8855   0.01717   0.01001  -0.0492   0.3979   0.9233
   7.000   0.9182   0.01751   0.01032  -0.0445   0.3758   0.9540
   7.500   0.9742   0.01819   0.01092  -0.0452   0.3512   0.9895
   8.000   1.0157   0.01885   0.01154  -0.0440   0.3284   1.0000
   8.500   1.0574   0.01976   0.01239  -0.0427   0.3061   1.0000
   9.000   1.0970   0.02082   0.01338  -0.0410   0.2850   1.0000
   9.500   1.1334   0.02202   0.01451  -0.0389   0.2650   1.0000
  10.000   1.1668   0.02336   0.01578  -0.0363   0.2464   1.0000
