  
       XFOIL         Version 6.99
  
 Calculated polar for: NACA 8336                                       
  
 1 1 Reynolds number fixed          Mach number fixed         
  
 xtrf =   1.000 (top)        1.000 (bottom)  
 Mach =   0.050     Re =     0.200 e 6     Ncrit =   9.000
  
   alpha    CL        CD       CDp       CM     Top_Xtr  Bot_Xtr
  ------ -------- --------- --------- -------- -------- --------
  -2.000   0.2434   0.02999   0.01972  -0.0761   0.4525   0.1888
  -1.500   0.2885   0.03001   0.01972  -0.0754   0.4463   0.1960
  -1.000   0.3361   0.03039   0.01995  -0.0750   0.4408   0.2041
  -0.500   0.3626   0.03076   0.02053  -0.0718   0.4356   0.2123
   0.000   0.4045   0.03122   0.02092  -0.0708   0.4311   0.2221
   0.500   0.4607   0.03113   0.02084  -0.0720   0.4273   0.2355
   1.000   0.5020   0.03175   0.02152  -0.0712   0.4235   0.2495
   1.500   0.5150   0.03300   0.02297  -0.0668   0.4195   0.2636
   2.000   0.5428   0.03386   0.02403  -0.0645   0.4159   0.2856
   2.500   0.5806   0.03383   0.02479  -0.0639   0.4129   0.4258
   3.000   0.6328   0.03384   0.02553  -0.0640   0.4102   0.6356
   3.500   0.6688   0.03530   0.02721  -0.0624   0.4073   0.7030
   4.000   0.6297   0.03958   0.03197  -0.0530   0.4037   0.7377
   4.500   0.3960   0.06041   0.05361  -0.0321   0.3939   0.7000
   5.000   0.4790   0.05741   0.05078  -0.0331   0.3933   0.7949
   5.500   0.5612   0.05487   0.04828  -0.0335   0.3923   0.8911
