  
       XFOIL         Version 6.99
  
 Calculated polar for: NACA 6326                                       
  
 1 1 Reynolds number fixed          Mach number fixed         
  
 xtrf =   1.000 (top)        1.000 (bottom)  
 Mach =   0.050     Re =     0.200 e 6     Ncrit =   9.000
  
   alpha    CL        CD       CDp       CM     Top_Xtr  Bot_Xtr
  ------ -------- --------- --------- -------- -------- --------
  -2.000   0.3535   0.02008   0.01038  -0.1021   0.5196   0.2010
  -1.500   0.3907   0.02003   0.01032  -0.0987   0.5041   0.2151
  -1.000   0.4335   0.01991   0.01022  -0.0966   0.4914   0.2335
  -0.500   0.4798   0.01980   0.01007  -0.0951   0.4806   0.2579
   0.000   0.5195   0.01954   0.01006  -0.0926   0.4711   0.2979
   0.500   0.5509   0.01864   0.01032  -0.0886   0.4629   0.5781
   1.000   0.5978   0.01888   0.01091  -0.0866   0.4557   0.7121
   1.500   0.6351   0.01924   0.01149  -0.0827   0.4490   0.7842
   2.000   0.6808   0.01973   0.01205  -0.0802   0.4431   0.8490
   2.500   0.7425   0.02060   0.01283  -0.0808   0.4373   0.9030
   3.000   0.8014   0.02156   0.01383  -0.0816   0.4317   0.9468
   3.500   0.8965   0.02272   0.01483  -0.0899   0.4261   0.9745
   4.500   1.1102   0.02508   0.01688  -0.1123   0.4155   1.0000
   5.000   1.0857   0.02529   0.01714  -0.0991   0.4124   1.0000
   5.500   1.0908   0.02580   0.01762  -0.0909   0.4089   1.0000
   6.000   1.1238   0.02642   0.01812  -0.0878   0.4051   1.0000
   6.500   1.1910   0.02746   0.01894  -0.0908   0.4011   1.0000
   7.000   1.1935   0.02870   0.02032  -0.0828   0.3982   1.0000
   7.500   1.1998   0.03026   0.02202  -0.0762   0.3945   1.0000
   8.000   1.2170   0.03183   0.02366  -0.0717   0.3905   1.0000
   8.500   1.2554   0.03306   0.02485  -0.0704   0.3870   1.0000
   9.000   1.3177   0.03405   0.02570  -0.0726   0.3838   1.0000
   9.500   1.3063   0.03718   0.02906  -0.0653   0.3801   1.0000
  10.000   1.2382   0.04325   0.03555  -0.0533   0.3749   1.0000
