  
       XFOIL         Version 6.99
  
 Calculated polar for: NACA 6230                                       
  
 1 1 Reynolds number fixed          Mach number fixed         
  
 xtrf =   1.000 (top)        1.000 (bottom)  
 Mach =   0.050     Re =     0.200 e 6     Ncrit =   9.000
  
   alpha    CL        CD       CDp       CM     Top_Xtr  Bot_Xtr
  ------ -------- --------- --------- -------- -------- --------
  -2.000   0.3064   0.02244   0.01271  -0.0694   0.4918   0.1480
  -1.500   0.3155   0.02225   0.01251  -0.0610   0.4747   0.1548
  -1.000   0.3301   0.02200   0.01228  -0.0540   0.4572   0.1628
  -0.500   0.3493   0.02199   0.01219  -0.0480   0.4390   0.1739
   0.000   0.3699   0.02202   0.01216  -0.0426   0.4205   0.1917
   0.500   0.3817   0.02102   0.01234  -0.0364   0.4033   0.4734
   1.000   0.4052   0.02149   0.01315  -0.0315   0.3859   0.5927
   1.500   0.4348   0.02227   0.01397  -0.0278   0.3705   0.6550
   2.000   0.4662   0.02310   0.01488  -0.0245   0.3576   0.7052
   2.500   0.5002   0.02398   0.01588  -0.0215   0.3472   0.7540
   3.000   0.5396   0.02480   0.01663  -0.0192   0.3389   0.8025
   3.500   0.5734   0.02578   0.01777  -0.0160   0.3322   0.8512
   4.000   0.6096   0.02687   0.01889  -0.0130   0.3263   0.9019
   4.500   0.6768   0.02803   0.01981  -0.0153   0.3207   0.9422
   5.000   0.7463   0.03002   0.02183  -0.0203   0.3157   0.9715
   5.500   0.8422   0.03186   0.02353  -0.0301   0.3109   0.9840
   6.000   0.9337   0.03318   0.02462  -0.0387   0.3071   0.9939
   6.500   1.0078   0.03433   0.02561  -0.0443   0.3041   1.0000
   7.000   0.9918   0.03505   0.02639  -0.0351   0.3025   1.0000
   7.500   0.9919   0.03628   0.02766  -0.0287   0.3004   1.0000
   8.000   1.0033   0.03778   0.02918  -0.0242   0.2980   1.0000
   8.500   1.0240   0.03943   0.03081  -0.0214   0.2959   1.0000
   9.000   1.0528   0.04108   0.03243  -0.0199   0.2940   1.0000
   9.500   1.0897   0.04264   0.03392  -0.0194   0.2922   1.0000
  10.000   1.1370   0.04423   0.03541  -0.0201   0.2904   1.0000
