  
       XFOIL         Version 6.99
  
 Calculated polar for: NACA 7338                                       
  
 1 1 Reynolds number fixed          Mach number fixed         
  
 xtrf =   1.000 (top)        1.000 (bottom)  
 Mach =   0.050     Re =     0.200 e 6     Ncrit =   9.000
  
   alpha    CL        CD       CDp       CM     Top_Xtr  Bot_Xtr
  ------ -------- --------- --------- -------- -------- --------
  -2.000   0.1646   0.02897   0.01887  -0.0610   0.4588   0.2360
  -1.500   0.1858   0.02940   0.01932  -0.0565   0.4520   0.2450
  -1.000   0.2271   0.02921   0.01915  -0.0553   0.4462   0.2574
  -0.500   0.2716   0.02943   0.01933  -0.0546   0.4410   0.2721
   0.000   0.2867   0.02996   0.02010  -0.0498   0.4361   0.2888
   0.500   0.3175   0.03010   0.02049  -0.0473   0.4317   0.3188
   1.000   0.3591   0.02958   0.02069  -0.0463   0.4278   0.4650
   1.500   0.4029   0.03024   0.02165  -0.0455   0.4238   0.5564
   2.000   0.4043   0.03220   0.02391  -0.0395   0.4199   0.5936
   2.500   0.4209   0.03401   0.02590  -0.0359   0.4161   0.6261
   3.000   0.4570   0.03520   0.02717  -0.0346   0.4127   0.6584
   3.500   0.5187   0.03556   0.02747  -0.0363   0.4097   0.6898
   4.000   0.5349   0.03795   0.02999  -0.0332   0.4064   0.7151
