  
       XFOIL         Version 6.99
  
 Calculated polar for: NACA 6406                                       
  
 1 1 Reynolds number fixed          Mach number fixed         
  
 xtrf =   1.000 (top)        1.000 (bottom)  
 Mach =   0.050     Re =     0.200 e 6     Ncrit =   9.000
  
   alpha    CL        CD       CDp       CM     Top_Xtr  Bot_Xtr
  ------ -------- --------- --------- -------- -------- --------
  -2.000   0.4457   0.01781   0.01124  -0.1574   0.9060   0.0455
  -1.500   0.5124   0.01460   0.00747  -0.1590   0.8935   0.0546
  -1.000   0.5736   0.01299   0.00571  -0.1593   0.8786   0.0833
  -0.500   0.6328   0.01189   0.00475  -0.1595   0.8623   0.1634
   0.000   0.6871   0.01106   0.00439  -0.1591   0.8404   0.3354
   0.500   0.7364   0.00969   0.00398  -0.1570   0.8188   1.0000
   1.000   0.7911   0.00975   0.00373  -0.1562   0.7944   1.0000
   1.500   0.8447   0.00992   0.00368  -0.1554   0.7674   1.0000
   2.000   0.8979   0.01018   0.00374  -0.1546   0.7396   1.0000
   2.500   0.9508   0.01052   0.00393  -0.1538   0.7120   1.0000
   3.000   1.0035   0.01093   0.00429  -0.1532   0.6859   1.0000
   3.500   1.0558   0.01141   0.00474  -0.1525   0.6617   1.0000
   4.000   1.1085   0.01194   0.00535  -0.1520   0.6406   1.0000
   4.500   1.1609   0.01250   0.00603  -0.1514   0.6209   1.0000
   5.000   1.2060   0.01282   0.00629  -0.1488   0.5740   1.0000
   5.500   1.2454   0.01333   0.00678  -0.1451   0.4991   1.0000
   6.500   1.2543   0.02205   0.01300  -0.1282   0.0332   1.0000
   7.000   1.2688   0.02541   0.01657  -0.1214   0.0277   1.0000
   7.500   1.2884   0.02855   0.01992  -0.1153   0.0240   1.0000
   8.000   1.3341   0.03323   0.02477  -0.1130   0.0228   1.0000
   8.500   1.3957   0.04020   0.03207  -0.1134   0.0209   1.0000
