  
       XFOIL         Version 6.99
  
 Calculated polar for: NACA 1626                                       
  
 1 1 Reynolds number fixed          Mach number fixed         
  
 xtrf =   1.000 (top)        1.000 (bottom)  
 Mach =   0.050     Re =     0.200 e 6     Ncrit =   9.000
  
   alpha    CL        CD       CDp       CM     Top_Xtr  Bot_Xtr
  ------ -------- --------- --------- -------- -------- --------
  -2.000  -0.0810   0.01648   0.00891  -0.0361   0.7044   0.4908
  -1.500  -0.0316   0.01635   0.00869  -0.0346   0.6836   0.5096
  -1.000   0.0188   0.01626   0.00858  -0.0332   0.6630   0.5287
  -0.500   0.0705   0.01619   0.00850  -0.0320   0.6429   0.5477
   0.000   0.1221   0.01617   0.00844  -0.0309   0.6229   0.5673
   0.500   0.1693   0.01617   0.00845  -0.0289   0.6028   0.5875
   1.000   0.2156   0.01625   0.00852  -0.0268   0.5833   0.6084
   1.500   0.2634   0.01637   0.00865  -0.0250   0.5646   0.6298
   2.000   0.3129   0.01650   0.00881  -0.0235   0.5467   0.6511
   2.500   0.3635   0.01667   0.00895  -0.0223   0.5293   0.6731
   3.000   0.4082   0.01680   0.00915  -0.0199   0.5118   0.6957
   3.500   0.4523   0.01701   0.00943  -0.0174   0.4949   0.7192
   4.000   0.4984   0.01728   0.00972  -0.0154   0.4789   0.7436
   4.500   0.5469   0.01760   0.00999  -0.0137   0.4632   0.7689
   5.000   0.5843   0.01786   0.01039  -0.0100   0.4475   0.7950
   5.500   0.6249   0.01827   0.01088  -0.0069   0.4325   0.8219
   6.000   0.6683   0.01876   0.01136  -0.0042   0.4183   0.8492
   6.500   0.7016   0.01923   0.01190   0.0004   0.4041   0.8780
   7.000   0.7380   0.01995   0.01268   0.0042   0.3901   0.9073
   7.500   0.7884   0.02083   0.01350   0.0051   0.3761   0.9339
   8.000   0.8581   0.02189   0.01443   0.0019   0.3609   0.9523
   8.500   0.9281   0.02306   0.01565  -0.0023   0.3453   0.9669
   9.000   1.0007   0.02424   0.01683  -0.0073   0.3301   0.9808
   9.500   1.0737   0.02545   0.01800  -0.0126   0.3155   0.9934
  10.000   1.1197   0.02634   0.01874  -0.0131   0.3034   1.0000
