  
       XFOIL         Version 6.99
  
 Calculated polar for: NACA 8806                                       
  
 1 1 Reynolds number fixed          Mach number fixed         
  
 xtrf =   1.000 (top)        1.000 (bottom)  
 Mach =   0.050     Re =     0.200 e 6     Ncrit =   9.000
  
   alpha    CL        CD       CDp       CM     Top_Xtr  Bot_Xtr
  ------ -------- --------- --------- -------- -------- --------
  -2.000   0.3719   0.04278   0.03601  -0.2214   0.9961   0.0534
  -1.500   0.4603   0.04335   0.03661  -0.2294   0.9980   0.1079
  -1.000   0.5480   0.04485   0.03868  -0.2379   0.9998   0.3191
   0.000   0.6650   0.04735   0.04161  -0.2404   0.9997   0.5399
   0.500   0.7129   0.04849   0.04290  -0.2391   0.9982   0.6058
   1.000   0.7612   0.04985   0.04440  -0.2378   0.9965   0.6526
   1.500   0.7942   0.05090   0.04561  -0.2335   0.9934   0.6836
   2.000   0.8394   0.05243   0.04730  -0.2317   0.9883   0.7101
   2.500   0.8973   0.05516   0.05018  -0.2326   0.9864   0.7358
   3.000   0.9136   0.05525   0.05051  -0.2258   0.9706   0.7522
   4.000   1.2478   0.02952   0.02458  -0.2571   0.6394   0.8161
   4.500   1.1711   0.04096   0.03718  -0.2349   0.7720   0.8247
   5.000   1.2725   0.03616   0.02769  -0.2384   0.0342   0.8409
   5.500   1.3508   0.03915   0.03074  -0.2407   0.0287   0.8561
