  
       XFOIL         Version 6.99
  
 Calculated polar for: NACA 9216                                       
  
 1 1 Reynolds number fixed          Mach number fixed         
  
 xtrf =   1.000 (top)        1.000 (bottom)  
 Mach =   0.050     Re =     0.200 e 6     Ncrit =   9.000
  
   alpha    CL        CD       CDp       CM     Top_Xtr  Bot_Xtr
  ------ -------- --------- --------- -------- -------- --------
  -2.000   0.5646   0.04455   0.03712  -0.1202   0.3255   0.0433
  -1.500   0.5990   0.04029   0.03284  -0.1196   0.3189   0.0450
  -1.000   0.6512   0.03838   0.03046  -0.1194   0.3132   0.0491
  -0.500   0.7065   0.03736   0.02886  -0.1195   0.3082   0.0549
   0.000   0.7524   0.03393   0.02538  -0.1200   0.3050   0.0583
   0.500   0.8076   0.03237   0.02348  -0.1201   0.3017   0.0640
   1.000   0.8631   0.03112   0.02188  -0.1203   0.2987   0.0722
   1.500   0.9189   0.03011   0.02053  -0.1206   0.2957   0.0829
   3.500   1.1475   0.02790   0.01745  -0.1235   0.2874   0.2027
   4.000   1.2016   0.02890   0.01818  -0.1212   0.2858   0.0949
   4.500   1.2526   0.02924   0.01851  -0.1208   0.2842   0.1015
   5.000   1.3026   0.02983   0.01917  -0.1206   0.2827   0.1158
   5.500   1.3517   0.03065   0.02001  -0.1205   0.2813   0.1354
   6.000   1.3998   0.03159   0.02088  -0.1202   0.2796   0.1680
   6.500   1.4443   0.03159   0.02208  -0.1191   0.2780   1.0000
   7.000   1.4929   0.03325   0.02361  -0.1192   0.2767   1.0000
   7.500   1.5410   0.03539   0.02570  -0.1194   0.2755   1.0000
   8.000   1.5811   0.03803   0.02842  -0.1187   0.2744   1.0000
   8.500   1.6075   0.04000   0.03056  -0.1156   0.2738   1.0000
   9.000   1.6243   0.04227   0.03306  -0.1111   0.2733   1.0000
   9.500   1.6297   0.04505   0.03609  -0.1055   0.2727   1.0000
  10.000   1.6195   0.04862   0.03998  -0.0986   0.2719   1.0000
