  
       XFOIL         Version 6.99
  
 Calculated polar for: NACA 9838                                       
  
 1 1 Reynolds number fixed          Mach number fixed         
  
 xtrf =   1.000 (top)        1.000 (bottom)  
 Mach =   0.050     Re =     0.200 e 6     Ncrit =   9.000
  
   alpha    CL        CD       CDp       CM     Top_Xtr  Bot_Xtr
  ------ -------- --------- --------- -------- -------- --------
  -2.000   0.2114   0.03613   0.02859  -0.1803   0.6714   0.3210
  -1.000   0.3379   0.03663   0.02896  -0.1876   0.6491   0.3388
  -0.500   0.4335   0.03524   0.02759  -0.1949   0.6430   0.3490
   0.000   0.4462   0.03748   0.02992  -0.1902   0.6282   0.3568
   0.500   0.5350   0.03657   0.02891  -0.1974   0.6202   0.3678
   1.000   0.6085   0.03660   0.02892  -0.2018   0.6117   0.3784
   1.500   0.6362   0.03857   0.03087  -0.1998   0.5985   0.3870
   2.000   0.7203   0.03760   0.02990  -0.2054   0.5914   0.3989
   2.500   0.7324   0.04019   0.03262  -0.2004   0.5794   0.4075
   3.000   0.7992   0.04049   0.03283  -0.2043   0.5701   0.4194
   3.500   0.8951   0.03938   0.03162  -0.2116   0.5635   0.4323
   4.000   0.8697   0.04376   0.03625  -0.2013   0.5504   0.4398
   4.500   0.9446   0.04343   0.03584  -0.2058   0.5429   0.4527
   5.000   0.9937   0.04444   0.03689  -0.2061   0.5347   0.4641
   5.500   0.9928   0.04831   0.04089  -0.2002   0.5231   0.4735
   6.000   1.0716   0.04746   0.03997  -0.2048   0.5168   0.4871
   6.500   1.0570   0.05207   0.04482  -0.1967   0.5059   0.4954
   7.000   1.0950   0.05420   0.04693  -0.1966   0.4969   0.5077
   7.500   1.1782   0.05270   0.04534  -0.2012   0.4916   0.5222
   8.000   1.0953   0.06250   0.05559  -0.1861   0.4770   0.5264
   8.500   1.1726   0.06178   0.05473  -0.1905   0.4716   0.5419
   9.000   1.2646   0.05929   0.05210  -0.1956   0.4672   0.5573
   9.500   1.1345   0.07390   0.06726  -0.1780   0.4499   0.5584
  10.000   1.2300   0.07077   0.06397  -0.1829   0.4470   0.5753
