  
       XFOIL         Version 6.99
  
 Calculated polar for: NACA 2308                                       
  
 1 1 Reynolds number fixed          Mach number fixed         
  
 xtrf =   1.000 (top)        1.000 (bottom)  
 Mach =   0.050     Re =     0.200 e 6     Ncrit =   9.000
  
   alpha    CL        CD       CDp       CM     Top_Xtr  Bot_Xtr
  ------ -------- --------- --------- -------- -------- --------
  -2.000  -0.0875   0.01195   0.00454  -0.0315   0.9941   0.1649
  -1.500  -0.0206   0.00912   0.00440  -0.0340   0.9850   0.8246
  -1.000   0.0784   0.00895   0.00411  -0.0422   0.9734   1.0000
  -0.500   0.1694   0.00881   0.00376  -0.0495   0.9577   1.0000
   0.000   0.2457   0.00860   0.00342  -0.0533   0.9330   1.0000
   0.500   0.3099   0.00839   0.00309  -0.0541   0.9004   1.0000
   1.000   0.3631   0.00829   0.00287  -0.0525   0.8572   1.0000
   1.500   0.4131   0.00835   0.00274  -0.0503   0.8044   1.0000
   2.000   0.4627   0.00858   0.00273  -0.0482   0.7437   1.0000
   2.500   0.5121   0.00898   0.00284  -0.0463   0.6781   1.0000
   3.000   0.5619   0.00950   0.00310  -0.0447   0.6154   1.0000
   3.500   0.6122   0.01008   0.00346  -0.0434   0.5618   1.0000
   4.000   0.6628   0.01067   0.00391  -0.0422   0.5137   1.0000
   4.500   0.7127   0.01124   0.00434  -0.0410   0.4626   1.0000
   5.000   0.7626   0.01180   0.00487  -0.0398   0.4125   1.0000
   5.500   0.8118   0.01242   0.00543  -0.0386   0.3534   1.0000
   6.000   0.8559   0.01365   0.00618  -0.0369   0.2085   1.0000
   6.500   0.8893   0.01705   0.00863  -0.0340   0.0658   1.0000
   7.000   0.9275   0.01966   0.01128  -0.0314   0.0488   1.0000
   7.500   0.9683   0.02219   0.01389  -0.0290   0.0406   1.0000
   8.000   1.0104   0.02531   0.01725  -0.0268   0.0350   1.0000
   8.500   1.0532   0.02887   0.02110  -0.0248   0.0318   1.0000
   9.500   1.1148   0.04051   0.03404  -0.0189   0.0281   1.0000
  10.000   1.1234   0.04849   0.04281  -0.0147   0.0285   1.0000
