  
       XFOIL         Version 6.99
  
 Calculated polar for: NACA 8534                                       
  
 1 1 Reynolds number fixed          Mach number fixed         
  
 xtrf =   1.000 (top)        1.000 (bottom)  
 Mach =   0.050     Re =     0.200 e 6     Ncrit =   9.000
  
   alpha    CL        CD       CDp       CM     Top_Xtr  Bot_Xtr
  ------ -------- --------- --------- -------- -------- --------
  -2.000   0.2483   0.03315   0.02469  -0.1313   0.6182   0.2681
  -1.500   0.3596   0.03097   0.02243  -0.1401   0.6166   0.2813
  -1.000   0.0963   0.04823   0.03991  -0.1025   0.5728   0.2715
  -0.500   0.1846   0.04553   0.03731  -0.1065   0.5736   0.2841
   0.000   0.2789   0.04277   0.03448  -0.1114   0.5743   0.2981
   0.500   0.3836   0.03988   0.03146  -0.1177   0.5749   0.3138
   1.000   0.5095   0.03619   0.02774  -0.1272   0.5759   0.3325
   2.000   0.3795   0.05151   0.04325  -0.1030   0.5382   0.3393
   2.500   0.4712   0.04869   0.04051  -0.1073   0.5386   0.3580
   3.000   0.5723   0.04559   0.03739  -0.1129   0.5389   0.3783
   3.500   0.6902   0.04189   0.03358  -0.1208   0.5394   0.4022
