  
       XFOIL         Version 6.99
  
 Calculated polar for: NACA 5312                                       
  
 1 1 Reynolds number fixed          Mach number fixed         
  
 xtrf =   1.000 (top)        1.000 (bottom)  
 Mach =   0.050     Re =     0.200 e 6     Ncrit =   9.000
  
   alpha    CL        CD       CDp       CM     Top_Xtr  Bot_Xtr
  ------ -------- --------- --------- -------- -------- --------
  -2.000   0.3303   0.01490   0.00698  -0.1101   0.7828   0.0966
  -1.500   0.3832   0.01391   0.00588  -0.1090   0.7495   0.1142
  -1.000   0.4353   0.01335   0.00526  -0.1077   0.7120   0.1385
  -0.500   0.4870   0.01297   0.00475  -0.1065   0.6717   0.1746
   0.000   0.5372   0.01261   0.00440  -0.1052   0.6285   0.2380
   0.500   0.5949   0.01086   0.00432  -0.1050   0.5879   1.0000
   1.000   0.6446   0.01138   0.00435  -0.1036   0.5543   1.0000
   1.500   0.6953   0.01188   0.00452  -0.1026   0.5268   1.0000
   2.000   0.7472   0.01244   0.00476  -0.1018   0.5070   1.0000
   2.500   0.7998   0.01299   0.00509  -0.1013   0.4909   1.0000
   3.000   0.8527   0.01352   0.00548  -0.1009   0.4772   1.0000
   3.500   0.9062   0.01412   0.00596  -0.1006   0.4663   1.0000
   4.000   0.9604   0.01478   0.00646  -0.1005   0.4565   1.0000
   4.500   1.0131   0.01534   0.00706  -0.1001   0.4473   1.0000
   5.000   1.0672   0.01607   0.00770  -0.1001   0.4391   1.0000
   5.500   1.1194   0.01670   0.00842  -0.0997   0.4310   1.0000
   6.000   1.1737   0.01752   0.00919  -0.0998   0.4236   1.0000
   6.500   1.2241   0.01822   0.01007  -0.0991   0.4157   1.0000
   7.000   1.2789   0.01911   0.01091  -0.0994   0.4086   1.0000
   7.500   1.3264   0.01989   0.01196  -0.0983   0.4006   1.0000
   8.000   1.3801   0.02077   0.01286  -0.0984   0.3932   1.0000
   8.500   1.4253   0.02167   0.01406  -0.0970   0.3846   1.0000
   9.000   1.4786   0.02257   0.01496  -0.0970   0.3759   1.0000
   9.500   1.5169   0.02270   0.01522  -0.0942   0.3589   1.0000
  10.000   1.5558   0.02301   0.01565  -0.0915   0.3437   1.0000
