  
       XFOIL         Version 6.99
  
 Calculated polar for: NACA 2420                                       
  
 1 1 Reynolds number fixed          Mach number fixed         
  
 xtrf =   1.000 (top)        1.000 (bottom)  
 Mach =   0.050     Re =     0.200 e 6     Ncrit =   9.000
  
   alpha    CL        CD       CDp       CM     Top_Xtr  Bot_Xtr
  ------ -------- --------- --------- -------- -------- --------
  -2.000   0.0152   0.01354   0.00645  -0.0534   0.7449   0.5053
  -1.500   0.0654   0.01331   0.00634  -0.0517   0.7221   0.5544
  -1.000   0.1158   0.01317   0.00629  -0.0500   0.6996   0.6049
  -0.500   0.1666   0.01312   0.00630  -0.0484   0.6778   0.6541
   0.000   0.2178   0.01313   0.00638  -0.0467   0.6568   0.7009
   0.500   0.2695   0.01322   0.00652  -0.0451   0.6368   0.7451
   1.000   0.3217   0.01340   0.00671  -0.0435   0.6177   0.7867
   1.500   0.3742   0.01365   0.00695  -0.0419   0.5993   0.8261
   2.000   0.4247   0.01396   0.00728  -0.0400   0.5809   0.8636
   2.500   0.4818   0.01441   0.00773  -0.0392   0.5629   0.8934
   3.000   0.5458   0.01495   0.00819  -0.0400   0.5452   0.9195
   3.500   0.6205   0.01551   0.00866  -0.0433   0.5272   0.9399
   4.000   0.7083   0.01605   0.00909  -0.0496   0.5084   0.9543
   4.500   0.7965   0.01652   0.00946  -0.0561   0.4893   0.9696
   5.000   0.8849   0.01690   0.00975  -0.0630   0.4698   0.9842
   5.500   0.9710   0.01722   0.00999  -0.0698   0.4500   0.9968
   6.000   1.0174   0.01750   0.01016  -0.0689   0.4332   1.0000
   6.500   1.0410   0.01774   0.01043  -0.0634   0.4174   1.0000
   7.000   1.0633   0.01809   0.01079  -0.0576   0.4018   1.0000
   7.500   1.0850   0.01851   0.01117  -0.0515   0.3865   1.0000
   8.000   1.1060   0.01897   0.01157  -0.0452   0.3712   1.0000
   8.500   1.1267   0.01950   0.01199  -0.0389   0.3558   1.0000
   9.000   1.1409   0.02005   0.01254  -0.0314   0.3403   1.0000
   9.500   1.1552   0.02075   0.01325  -0.0243   0.3247   1.0000
  10.000   1.1757   0.02167   0.01418  -0.0189   0.3086   1.0000
