  
       XFOIL         Version 6.99
  
 Calculated polar for: NACA 2514                                       
  
 1 1 Reynolds number fixed          Mach number fixed         
  
 xtrf =   1.000 (top)        1.000 (bottom)  
 Mach =   0.050     Re =     0.200 e 6     Ncrit =   9.000
  
   alpha    CL        CD       CDp       CM     Top_Xtr  Bot_Xtr
  ------ -------- --------- --------- -------- -------- --------
  -2.000   0.0225   0.01279   0.00646  -0.0657   0.8941   0.5371
  -1.500   0.0813   0.01224   0.00612  -0.0654   0.8784   0.6036
  -1.000   0.1376   0.01169   0.00584  -0.0643   0.8615   0.6734
  -0.500   0.1918   0.01121   0.00561  -0.0626   0.8430   0.7492
   0.000   0.2445   0.01086   0.00546  -0.0602   0.8232   0.8286
   0.500   0.3005   0.01078   0.00545  -0.0583   0.8009   0.9013
   1.000   0.3752   0.01084   0.00544  -0.0608   0.7756   0.9529
   1.500   0.4703   0.01089   0.00534  -0.0681   0.7487   0.9818
   2.000   0.5645   0.01087   0.00515  -0.0758   0.7168   1.0000
   2.500   0.6069   0.01094   0.00507  -0.0734   0.6842   1.0000
   3.000   0.6503   0.01111   0.00509  -0.0708   0.6509   1.0000
   3.500   0.6940   0.01137   0.00519  -0.0682   0.6163   1.0000
   4.000   0.7375   0.01170   0.00537  -0.0655   0.5804   1.0000
   4.500   0.7804   0.01210   0.00561  -0.0627   0.5432   1.0000
   5.000   0.8228   0.01257   0.00593  -0.0599   0.5043   1.0000
   5.500   0.8648   0.01309   0.00634  -0.0570   0.4629   1.0000
   6.000   0.9059   0.01373   0.00680  -0.0541   0.4204   1.0000
   6.500   0.9463   0.01444   0.00738  -0.0512   0.3753   1.0000
   7.000   0.9845   0.01530   0.00807  -0.0480   0.3290   1.0000
   7.500   1.0203   0.01632   0.00890  -0.0446   0.2813   1.0000
   8.000   1.0530   0.01754   0.00991  -0.0409   0.2345   1.0000
   8.500   1.0834   0.01892   0.01111  -0.0369   0.1918   1.0000
   9.000   1.1074   0.02053   0.01253  -0.0321   0.1589   1.0000
   9.500   1.1314   0.02223   0.01415  -0.0275   0.1336   1.0000
  10.000   1.1526   0.02428   0.01611  -0.0230   0.1155   1.0000
