  
       XFOIL         Version 6.99
  
 Calculated polar for: NACA 4312                                       
  
 1 1 Reynolds number fixed          Mach number fixed         
  
 xtrf =   1.000 (top)        1.000 (bottom)  
 Mach =   0.050     Re =     0.200 e 6     Ncrit =   9.000
  
   alpha    CL        CD       CDp       CM     Top_Xtr  Bot_Xtr
  ------ -------- --------- --------- -------- -------- --------
  -2.000   0.2288   0.01342   0.00573  -0.0914   0.8292   0.1372
  -1.500   0.2818   0.01271   0.00503  -0.0902   0.7990   0.1741
  -1.000   0.3339   0.01197   0.00443  -0.0889   0.7653   0.2392
  -0.500   0.3772   0.00976   0.00438  -0.0848   0.7297   0.9198
   0.000   0.4680   0.00988   0.00402  -0.0915   0.6849   1.0000
   0.500   0.5146   0.01018   0.00390  -0.0894   0.6406   1.0000
   1.000   0.5618   0.01060   0.00390  -0.0874   0.6005   1.0000
   1.500   0.6099   0.01106   0.00402  -0.0858   0.5646   1.0000
   2.000   0.6595   0.01158   0.00422  -0.0845   0.5371   1.0000
   2.500   0.7101   0.01208   0.00453  -0.0835   0.5140   1.0000
   3.000   0.7618   0.01261   0.00489  -0.0827   0.4961   1.0000
   3.500   0.8141   0.01316   0.00531  -0.0821   0.4809   1.0000
   4.000   0.8669   0.01375   0.00579  -0.0817   0.4682   1.0000
   4.500   0.9199   0.01434   0.00631  -0.0812   0.4563   1.0000
   5.000   0.9722   0.01493   0.00694  -0.0808   0.4449   1.0000
   5.500   1.0251   0.01561   0.00762  -0.0804   0.4348   1.0000
   6.000   1.0778   0.01627   0.00828  -0.0800   0.4244   1.0000
   6.500   1.1288   0.01696   0.00911  -0.0794   0.4138   1.0000
   7.000   1.1808   0.01773   0.00991  -0.0789   0.4036   1.0000
   7.500   1.2312   0.01838   0.01065  -0.0782   0.3920   1.0000
   8.000   1.2782   0.01895   0.01136  -0.0769   0.3776   1.0000
   8.500   1.3228   0.01936   0.01183  -0.0750   0.3603   1.0000
   9.000   1.3658   0.01984   0.01244  -0.0730   0.3438   1.0000
   9.500   1.4065   0.02033   0.01308  -0.0707   0.3267   1.0000
  10.000   1.4414   0.02079   0.01381  -0.0673   0.3070   1.0000
  -2.000   0.2288   0.01342   0.00573  -0.0914   0.8292   0.1372
  -1.500   0.2818   0.01271   0.00503  -0.0902   0.7990   0.1741
  -1.000   0.3339   0.01197   0.00443  -0.0889   0.7653   0.2392
  -0.500   0.3772   0.00976   0.00438  -0.0848   0.7297   0.9198
   0.000   0.4680   0.00988   0.00402  -0.0915   0.6849   1.0000
   0.500   0.5146   0.01018   0.00390  -0.0894   0.6406   1.0000
   1.000   0.5618   0.01060   0.00390  -0.0874   0.6005   1.0000
   1.500   0.6099   0.01106   0.00402  -0.0858   0.5646   1.0000
   2.000   0.6595   0.01158   0.00422  -0.0845   0.5371   1.0000
   2.500   0.7101   0.01208   0.00453  -0.0835   0.5140   1.0000
   3.000   0.7618   0.01261   0.00489  -0.0827   0.4961   1.0000
   3.500   0.8141   0.01316   0.00531  -0.0821   0.4809   1.0000
   4.000   0.8669   0.01375   0.00579  -0.0817   0.4682   1.0000
   4.500   0.9199   0.01434   0.00631  -0.0812   0.4563   1.0000
   5.000   0.9722   0.01493   0.00694  -0.0808   0.4449   1.0000
   5.500   1.0251   0.01561   0.00762  -0.0804   0.4348   1.0000
   6.000   1.0778   0.01627   0.00828  -0.0800   0.4244   1.0000
   6.500   1.1288   0.01696   0.00911  -0.0794   0.4138   1.0000
   7.000   1.1808   0.01773   0.00991  -0.0789   0.4036   1.0000
   7.500   1.2312   0.01838   0.01065  -0.0782   0.3920   1.0000
   8.000   1.2782   0.01895   0.01136  -0.0769   0.3776   1.0000
   8.500   1.3228   0.01936   0.01183  -0.0750   0.3603   1.0000
   9.000   1.3658   0.01984   0.01244  -0.0730   0.3438   1.0000
   9.500   1.4065   0.02033   0.01308  -0.0707   0.3267   1.0000
  10.000   1.4414   0.02079   0.01381  -0.0673   0.3070   1.0000
  -2.000   0.2288   0.01342   0.00573  -0.0914   0.8292   0.1372
  -1.500   0.2818   0.01271   0.00503  -0.0902   0.7990   0.1741
  -1.000   0.3339   0.01197   0.00443  -0.0889   0.7653   0.2392
  -0.500   0.3772   0.00976   0.00438  -0.0848   0.7297   0.9198
   0.000   0.4680   0.00988   0.00402  -0.0915   0.6849   1.0000
   0.500   0.5146   0.01018   0.00390  -0.0894   0.6406   1.0000
   1.000   0.5618   0.01060   0.00390  -0.0874   0.6005   1.0000
   1.500   0.6099   0.01106   0.00402  -0.0858   0.5646   1.0000
   2.000   0.6595   0.01158   0.00422  -0.0845   0.5371   1.0000
   2.500   0.7101   0.01208   0.00453  -0.0835   0.5140   1.0000
   3.000   0.7618   0.01261   0.00489  -0.0827   0.4961   1.0000
   3.500   0.8141   0.01316   0.00531  -0.0821   0.4809   1.0000
   4.000   0.8669   0.01375   0.00579  -0.0817   0.4682   1.0000
   4.500   0.9199   0.01434   0.00631  -0.0812   0.4563   1.0000
   5.000   0.9722   0.01493   0.00694  -0.0808   0.4449   1.0000
   5.500   1.0251   0.01561   0.00762  -0.0804   0.4348   1.0000
   6.000   1.0778   0.01627   0.00828  -0.0800   0.4244   1.0000
   6.500   1.1288   0.01696   0.00911  -0.0794   0.4138   1.0000
   7.000   1.1808   0.01773   0.00991  -0.0789   0.4036   1.0000
   7.500   1.2312   0.01838   0.01065  -0.0782   0.3920   1.0000
   8.000   1.2782   0.01895   0.01136  -0.0769   0.3776   1.0000
   8.500   1.3228   0.01936   0.01183  -0.0750   0.3603   1.0000
   9.000   1.3658   0.01984   0.01244  -0.0730   0.3438   1.0000
   9.500   1.4065   0.02033   0.01308  -0.0707   0.3267   1.0000
  10.000   1.4414   0.02079   0.01381  -0.0673   0.3070   1.0000
