  
       XFOIL         Version 6.99
  
 Calculated polar for: NACA 5626                                       
  
 1 1 Reynolds number fixed          Mach number fixed         
  
 xtrf =   1.000 (top)        1.000 (bottom)  
 Mach =   0.050     Re =     0.200 e 6     Ncrit =   9.000
  
   alpha    CL        CD       CDp       CM     Top_Xtr  Bot_Xtr
  ------ -------- --------- --------- -------- -------- --------
  -2.000   0.1890   0.02296   0.01542  -0.1200   0.7420   0.3604
  -1.500   0.2848   0.02129   0.01376  -0.1264   0.7394   0.3825
  -0.500   0.4258   0.01979   0.01222  -0.1311   0.7194   0.4243
   0.000   0.4672   0.01978   0.01230  -0.1284   0.7034   0.4430
   0.500   0.5261   0.01946   0.01202  -0.1287   0.6899   0.4639
   1.000   0.6110   0.01864   0.01114  -0.1336   0.6788   0.4883
   1.500   0.6518   0.01881   0.01134  -0.1308   0.6616   0.5089
   2.000   0.6990   0.01901   0.01151  -0.1293   0.6449   0.5310
   2.500   0.7515   0.01918   0.01165  -0.1287   0.6290   0.5541
   3.000   0.8101   0.01925   0.01170  -0.1291   0.6139   0.5774
   3.500   0.8691   0.01940   0.01178  -0.1296   0.5985   0.6008
   4.000   0.9028   0.02003   0.01247  -0.1259   0.5820   0.6226
   4.500   0.9462   0.02057   0.01302  -0.1240   0.5667   0.6461
   5.000   0.9991   0.02093   0.01334  -0.1236   0.5526   0.6713
   5.500   1.0391   0.02148   0.01391  -0.1212   0.5380   0.6967
   6.000   1.0703   0.02227   0.01481  -0.1174   0.5235   0.7232
   6.500   1.1168   0.02273   0.01530  -0.1161   0.5105   0.7540
   7.000   1.1492   0.02342   0.01608  -0.1126   0.4969   0.7903
   7.500   1.1736   0.02420   0.01712  -0.1076   0.4837   0.8445
   8.000   1.2194   0.02433   0.01726  -0.1061   0.4715   1.0000
   8.500   1.2423   0.02579   0.01870  -0.1024   0.4580   1.0000
   9.000   1.2774   0.02704   0.01986  -0.1003   0.4455   1.0000
   9.500   1.3238   0.02786   0.02049  -0.0997   0.4334   1.0000
  10.000   1.3368   0.02982   0.02255  -0.0947   0.4207   1.0000
