  
       XFOIL         Version 6.99
  
 Calculated polar for: NACA 1608                                       
  
 1 1 Reynolds number fixed          Mach number fixed         
  
 xtrf =   1.000 (top)        1.000 (bottom)  
 Mach =   0.050     Re =     0.200 e 6     Ncrit =   9.000
  
   alpha    CL        CD       CDp       CM     Top_Xtr  Bot_Xtr
  ------ -------- --------- --------- -------- -------- --------
  -2.000  -0.1768   0.00901   0.00362  -0.0196   1.0000   0.7260
  -1.500  -0.1356   0.00870   0.00376  -0.0154   1.0000   0.8764
  -1.000  -0.0729   0.00872   0.00373  -0.0171   1.0000   1.0000
  -0.500  -0.0252   0.00897   0.00382  -0.0166   1.0000   1.0000
   0.000   0.0488   0.00928   0.00401  -0.0212   0.9927   1.0000
   0.500   0.1398   0.00944   0.00415  -0.0290   0.9767   1.0000
   1.000   0.2332   0.00939   0.00415  -0.0368   0.9593   1.0000
   1.500   0.3215   0.00909   0.00396  -0.0428   0.9366   1.0000
   2.000   0.3913   0.00866   0.00365  -0.0442   0.9002   1.0000
   2.500   0.4449   0.00840   0.00339  -0.0419   0.8394   1.0000
   3.000   0.4935   0.00851   0.00329  -0.0388   0.7409   1.0000
   3.500   0.5378   0.00926   0.00342  -0.0353   0.5877   1.0000
   4.000   0.5791   0.01060   0.00394  -0.0323   0.3953   1.0000
   4.500   0.6174   0.01297   0.00498  -0.0300   0.1392   1.0000
   5.000   0.6613   0.01508   0.00670  -0.0280   0.0721   1.0000
   5.500   0.7062   0.01729   0.00888  -0.0260   0.0546   1.0000
   6.000   0.7529   0.01997   0.01159  -0.0242   0.0450   1.0000
   6.500   0.8024   0.02238   0.01432  -0.0227   0.0388   1.0000
   7.000   0.8497   0.02610   0.01836  -0.0211   0.0356   1.0000
   7.500   0.8886   0.03196   0.02502  -0.0185   0.0330   1.0000
   8.000   0.9175   0.03920   0.03318  -0.0151   0.0330   1.0000
