  
       XFOIL         Version 6.99
  
 Calculated polar for: NACA 5430                                       
  
 1 1 Reynolds number fixed          Mach number fixed         
  
 xtrf =   1.000 (top)        1.000 (bottom)  
 Mach =   0.050     Re =     0.200 e 6     Ncrit =   9.000
  
   alpha    CL        CD       CDp       CM     Top_Xtr  Bot_Xtr
  ------ -------- --------- --------- -------- -------- --------
  -2.000   0.2813   0.02085   0.01176  -0.1039   0.5845   0.3317
  -1.500   0.3142   0.02084   0.01191  -0.1000   0.5753   0.3481
  -1.000   0.3609   0.02072   0.01179  -0.0986   0.5666   0.3683
  -0.500   0.4118   0.02080   0.01188  -0.0980   0.5588   0.3921
   0.000   0.4428   0.02087   0.01212  -0.0938   0.5505   0.4171
   0.500   0.4968   0.02078   0.01214  -0.0938   0.5431   0.4527
   1.000   0.5358   0.02108   0.01261  -0.0912   0.5361   0.4956
   1.500   0.5616   0.02124   0.01307  -0.0860   0.5284   0.5450
   2.000   0.6203   0.02132   0.01327  -0.0867   0.5218   0.6076
   2.500   0.6520   0.02187   0.01405  -0.0826   0.5153   0.6596
   3.000   0.6764   0.02246   0.01486  -0.0774   0.5079   0.7085
   3.500   0.7333   0.02267   0.01515  -0.0774   0.5018   0.7579
   4.000   0.7696   0.02348   0.01610  -0.0742   0.4956   0.8063
   4.500   0.7787   0.02452   0.01741  -0.0664   0.4883   0.8550
   5.000   0.8317   0.02499   0.01786  -0.0655   0.4824   0.9054
   5.500   0.8982   0.02605   0.01886  -0.0680   0.4762   0.9472
   6.000   0.9468   0.02807   0.02102  -0.0698   0.4682   0.9775
   6.500   1.0620   0.02856   0.02127  -0.0815   0.4620   0.9908
   7.000   1.1068   0.02985   0.02256  -0.0826   0.4556   1.0000
   7.500   1.0319   0.03178   0.02462  -0.0638   0.4485   1.0000
   8.000   1.0834   0.03181   0.02446  -0.0638   0.4432   1.0000
   8.500   1.1088   0.03322   0.02582  -0.0607   0.4374   1.0000
   9.000   1.0422   0.03830   0.03117  -0.0476   0.4278   1.0000
   9.500   1.1252   0.03724   0.02989  -0.0513   0.4238   1.0000
