  
       XFOIL         Version 6.99
  
 Calculated polar for: NACA 6426                                       
  
 1 1 Reynolds number fixed          Mach number fixed         
  
 xtrf =   1.000 (top)        1.000 (bottom)  
 Mach =   0.050     Re =     0.200 e 6     Ncrit =   9.000
  
   alpha    CL        CD       CDp       CM     Top_Xtr  Bot_Xtr
  ------ -------- --------- --------- -------- -------- --------
  -2.000   0.4012   0.01963   0.01064  -0.1305   0.6036   0.2712
  -1.500   0.4612   0.01956   0.01048  -0.1315   0.5944   0.2912
  -1.000   0.4989   0.01954   0.01060  -0.1283   0.5840   0.3107
  -0.500   0.5578   0.01950   0.01050  -0.1291   0.5755   0.3367
   0.000   0.5974   0.01962   0.01079  -0.1264   0.5669   0.3641
   0.500   0.6474   0.01959   0.01082  -0.1257   0.5586   0.4015
   1.000   0.7011   0.01964   0.01113  -0.1257   0.5516   0.4622
   1.500   0.7341   0.01969   0.01169  -0.1218   0.5437   0.5655
   2.000   0.7842   0.01966   0.01203  -0.1206   0.5368   0.6935
   2.500   0.8260   0.02009   0.01276  -0.1175   0.5304   0.7962
   3.000   0.8542   0.02060   0.01354  -0.1117   0.5230   0.8892
   3.500   0.9429   0.02126   0.01406  -0.1179   0.5163   0.9586
   4.000   1.0426   0.02245   0.01517  -0.1276   0.5090   0.9929
   4.500   1.0564   0.02292   0.01561  -0.1212   0.5022   1.0000
   5.000   1.1031   0.02327   0.01574  -0.1202   0.4965   1.0000
   5.500   1.1244   0.02414   0.01657  -0.1149   0.4904   1.0000
   6.000   1.1302   0.02524   0.01773  -0.1071   0.4836   1.0000
   6.500   1.1855   0.02571   0.01805  -0.1077   0.4777   1.0000
   7.000   1.2274   0.02675   0.01903  -0.1064   0.4718   1.0000
   7.500   1.2198   0.02867   0.02111  -0.0976   0.4645   1.0000
   8.000   1.2756   0.02910   0.02142  -0.0984   0.4588   1.0000
   8.500   1.3196   0.03026   0.02253  -0.0977   0.4531   1.0000
   9.000   1.2882   0.03353   0.02605  -0.0871   0.4448   1.0000
   9.500   1.3514   0.03364   0.02603  -0.0888   0.4397   1.0000
  10.000   1.3523   0.03654   0.02905  -0.0833   0.4327   1.0000
