  
       XFOIL         Version 6.99
  
 Calculated polar for: NACA 1618                                       
  
 1 1 Reynolds number fixed          Mach number fixed         
  
 xtrf =   1.000 (top)        1.000 (bottom)  
 Mach =   0.050     Re =     0.200 e 6     Ncrit =   9.000
  
   alpha    CL        CD       CDp       CM     Top_Xtr  Bot_Xtr
  ------ -------- --------- --------- -------- -------- --------
  -2.000  -0.0856   0.01355   0.00697  -0.0397   0.8586   0.5503
  -1.500  -0.0292   0.01310   0.00664  -0.0388   0.8382   0.5832
  -1.000   0.0251   0.01275   0.00636  -0.0375   0.8144   0.6166
  -0.500   0.0799   0.01246   0.00613  -0.0363   0.7887   0.6501
   0.000   0.1354   0.01222   0.00591  -0.0352   0.7621   0.6835
   0.500   0.1880   0.01211   0.00584  -0.0336   0.7320   0.7180
   1.000   0.2410   0.01206   0.00579  -0.0320   0.7013   0.7516
   1.500   0.2917   0.01211   0.00584  -0.0301   0.6690   0.7876
   2.000   0.3434   0.01226   0.00596  -0.0282   0.6377   0.8217
   2.500   0.3929   0.01249   0.00620  -0.0259   0.6048   0.8568
   3.000   0.4438   0.01287   0.00647  -0.0239   0.5739   0.8919
   3.500   0.5036   0.01335   0.00688  -0.0237   0.5408   0.9196
   4.000   0.5721   0.01391   0.00732  -0.0257   0.5074   0.9441
   4.500   0.6528   0.01453   0.00775  -0.0306   0.4725   0.9620
   5.000   0.7376   0.01512   0.00818  -0.0366   0.4359   0.9777
   5.500   0.8241   0.01567   0.00860  -0.0434   0.3986   0.9921
   6.000   0.8910   0.01612   0.00895  -0.0466   0.3648   1.0000
   6.500   0.9125   0.01654   0.00923  -0.0408   0.3402   1.0000
   7.000   0.9334   0.01705   0.00964  -0.0346   0.3163   1.0000
   7.500   0.9544   0.01761   0.01014  -0.0283   0.2925   1.0000
   8.000   0.9752   0.01830   0.01072  -0.0221   0.2700   1.0000
   8.500   0.9959   0.01915   0.01142  -0.0159   0.2489   1.0000
   9.000   1.0161   0.02004   0.01226  -0.0098   0.2287   1.0000
   9.500   1.0392   0.02110   0.01330  -0.0047   0.2093   1.0000
  10.000   1.0638   0.02238   0.01453  -0.0002   0.1914   1.0000
