  
       XFOIL         Version 6.99
  
 Calculated polar for: NACA 2318                                       
  
 1 1 Reynolds number fixed          Mach number fixed         
  
 xtrf =   1.000 (top)        1.000 (bottom)  
 Mach =   0.050     Re =     0.200 e 6     Ncrit =   9.000
  
   alpha    CL        CD       CDp       CM     Top_Xtr  Bot_Xtr
  ------ -------- --------- --------- -------- -------- --------
  -2.000  -0.0077   0.01212   0.00586  -0.0434   0.7651   0.6196
  -1.500   0.0448   0.01197   0.00571  -0.0416   0.7380   0.6700
  -1.000   0.0951   0.01193   0.00570  -0.0396   0.7076   0.7156
  -0.500   0.1470   0.01197   0.00568  -0.0377   0.6781   0.7582
   0.000   0.1980   0.01211   0.00580  -0.0357   0.6477   0.7985
   0.500   0.2495   0.01236   0.00594  -0.0338   0.6183   0.8369
   1.000   0.3009   0.01274   0.00621  -0.0317   0.5907   0.8744
   1.500   0.3604   0.01331   0.00667  -0.0311   0.5633   0.9058
   2.000   0.4269   0.01391   0.00709  -0.0323   0.5386   0.9325
   2.500   0.5056   0.01447   0.00744  -0.0366   0.5157   0.9491
   3.000   0.5963   0.01500   0.00777  -0.0438   0.4942   0.9604
   3.500   0.6813   0.01541   0.00806  -0.0499   0.4748   0.9739
   4.000   0.7667   0.01575   0.00832  -0.0564   0.4568   0.9869
   4.500   0.8536   0.01606   0.00858  -0.0633   0.4396   0.9987
   5.000   0.8972   0.01637   0.00884  -0.0618   0.4261   1.0000
   5.500   0.9352   0.01677   0.00911  -0.0591   0.4136   1.0000
   6.000   0.9688   0.01709   0.00949  -0.0553   0.4006   1.0000
   6.500   1.0037   0.01758   0.00997  -0.0517   0.3881   1.0000
   7.000   1.0410   0.01812   0.01039  -0.0484   0.3755   1.0000
   7.500   1.0715   0.01853   0.01090  -0.0438   0.3624   1.0000
   8.000   1.1044   0.01910   0.01148  -0.0397   0.3493   1.0000
   8.500   1.1387   0.01968   0.01201  -0.0359   0.3362   1.0000
   9.000   1.1693   0.02020   0.01254  -0.0315   0.3225   1.0000
   9.500   1.1968   0.02079   0.01323  -0.0266   0.3082   1.0000
  10.000   1.2241   0.02146   0.01396  -0.0219   0.2938   1.0000
