  
       XFOIL         Version 6.99
  
 Calculated polar for: NACA 1638                                       
  
 1 1 Reynolds number fixed          Mach number fixed         
  
 xtrf =   1.000 (top)        1.000 (bottom)  
 Mach =   0.050     Re =     0.200 e 6     Ncrit =   9.000
  
   alpha    CL        CD       CDp       CM     Top_Xtr  Bot_Xtr
  ------ -------- --------- --------- -------- -------- --------
  -2.000  -0.0593   0.02418   0.01553  -0.0350   0.5713   0.4510
  -1.500  -0.0426   0.02409   0.01542  -0.0285   0.5600   0.4600
  -1.000  -0.0118   0.02406   0.01545  -0.0243   0.5486   0.4691
  -0.500   0.0107   0.02408   0.01531  -0.0188   0.5384   0.4793
   0.000   0.0294   0.02398   0.01536  -0.0125   0.5274   0.4886
   0.500   0.0886   0.02406   0.01527  -0.0137   0.5172   0.5004
   1.000   0.0680   0.02401   0.01534  -0.0002   0.5078   0.5093
   1.500   0.1073   0.02403   0.01539   0.0023   0.4981   0.5203
   2.000   0.1318   0.02431   0.01558   0.0071   0.4889   0.5318
   2.500   0.1572   0.02453   0.01597   0.0117   0.4791   0.5431
   3.000   0.2223   0.02461   0.01586   0.0096   0.4702   0.5571
   3.500   0.2202   0.02523   0.01673   0.0184   0.4612   0.5681
   4.000   0.2626   0.02546   0.01692   0.0200   0.4526   0.5819
   4.500   0.2976   0.02596   0.01746   0.0224   0.4442   0.5953
   5.000   0.3170   0.02669   0.01832   0.0271   0.4354   0.6089
   5.500   0.3854   0.02664   0.01811   0.0245   0.4277   0.6249
   6.000   0.3811   0.02803   0.01979   0.0322   0.4193   0.6386
   6.500   0.4193   0.02848   0.02021   0.0337   0.4114   0.6548
   7.000   0.4660   0.02910   0.02089   0.0341   0.4041   0.6716
   7.500   0.4654   0.03074   0.02271   0.0401   0.3957   0.6878
   8.000   0.5248   0.03082   0.02276   0.0389   0.3890   0.7069
   8.500   0.5249   0.03294   0.02511   0.0442   0.3812   0.7246
   9.000   0.5463   0.03433   0.02659   0.0469   0.3736   0.7447
   9.500   0.6298   0.03377   0.02593   0.0433   0.3678   0.7668
  10.000   0.5693   0.03863   0.03124   0.0534   0.3589   0.7873
