  
       XFOIL         Version 6.99
  
 Calculated polar for: NACA 4638                                       
  
 1 1 Reynolds number fixed          Mach number fixed         
  
 xtrf =   1.000 (top)        1.000 (bottom)  
 Mach =   0.050     Re =     0.200 e 6     Ncrit =   9.000
  
   alpha    CL        CD       CDp       CM     Top_Xtr  Bot_Xtr
  ------ -------- --------- --------- -------- -------- --------
  -2.000   0.0375   0.02498   0.01639  -0.0744   0.6191   0.3884
  -1.500   0.0276   0.02572   0.01729  -0.0639   0.6052   0.3951
  -1.000   0.1163   0.02508   0.01636  -0.0701   0.5967   0.4071
  -0.500   0.1094   0.02581   0.01730  -0.0604   0.5837   0.4145
   0.000   0.1971   0.02532   0.01664  -0.0663   0.5752   0.4271
   0.500   0.1886   0.02629   0.01771  -0.0568   0.5630   0.4352
   1.000   0.2633   0.02597   0.01734  -0.0605   0.5544   0.4474
   1.500   0.2701   0.02708   0.01846  -0.0537   0.5434   0.4569
   2.000   0.3273   0.02695   0.01839  -0.0547   0.5345   0.4691
   2.500   0.3588   0.02778   0.01921  -0.0520   0.5251   0.4809
   3.000   0.3910   0.02831   0.01981  -0.0494   0.5154   0.4925
   3.500   0.4705   0.02813   0.01951  -0.0538   0.5080   0.5074
   4.000   0.4559   0.03004   0.02158  -0.0449   0.4973   0.5174
   4.500   0.5261   0.02980   0.02133  -0.0477   0.4901   0.5324
   5.000   0.5292   0.03182   0.02342  -0.0418   0.4806   0.5438
   5.500   0.5709   0.03234   0.02406  -0.0410   0.4724   0.5584
   6.000   0.6404   0.03243   0.02400  -0.0439   0.4658   0.5747
   6.500   0.6145   0.03551   0.02738  -0.0350   0.4554   0.5861
   7.000   0.6913   0.03495   0.02672  -0.0385   0.4494   0.6038
   7.500   0.6651   0.03890   0.03087  -0.0306   0.4394   0.6152
   8.000   0.7112   0.03940   0.03145  -0.0307   0.4324   0.6330
   8.500   0.8074   0.03818   0.02998  -0.0363   0.4275   0.6522
   9.000   0.2219   0.09134   0.08438   0.0037   0.3608   0.6212
   9.500   0.2806   0.09061   0.08373   0.0029   0.3590   0.6411
  10.000   0.3435   0.08928   0.08242   0.0017   0.3579   0.6620
