  
       XFOIL         Version 6.99
  
 Calculated polar for: NACA 3516                                       
  
 1 1 Reynolds number fixed          Mach number fixed         
  
 xtrf =   1.000 (top)        1.000 (bottom)  
 Mach =   0.050     Re =     0.200 e 6     Ncrit =   9.000
  
   alpha    CL        CD       CDp       CM     Top_Xtr  Bot_Xtr
  ------ -------- --------- --------- -------- -------- --------
  -2.000   0.1449   0.01405   0.00716  -0.0930   0.8412   0.4495
  -1.500   0.2031   0.01354   0.00683  -0.0928   0.8271   0.4994
  -1.000   0.2621   0.01307   0.00648  -0.0927   0.8126   0.5548
  -0.500   0.3195   0.01264   0.00621  -0.0921   0.7968   0.6153
   0.000   0.3727   0.01230   0.00608  -0.0907   0.7789   0.6824
   0.500   0.4241   0.01200   0.00603  -0.0888   0.7602   0.7617
   1.000   0.4732   0.01184   0.00609  -0.0859   0.7405   0.8544
   1.500   0.5408   0.01190   0.00618  -0.0869   0.7195   0.9379
   2.000   0.6366   0.01203   0.00620  -0.0946   0.6964   0.9841
   2.500   0.7161   0.01211   0.00610  -0.0997   0.6724   1.0000
   3.000   0.7592   0.01228   0.00607  -0.0972   0.6498   1.0000
   3.500   0.8006   0.01254   0.00623  -0.0943   0.6252   1.0000
   4.000   0.8436   0.01283   0.00641  -0.0915   0.6002   1.0000
   4.500   0.8895   0.01319   0.00659  -0.0893   0.5757   1.0000
   5.000   0.9321   0.01358   0.00693  -0.0866   0.5487   1.0000
   5.500   0.9764   0.01403   0.00725  -0.0842   0.5219   1.0000
   6.000   1.0185   0.01452   0.00768  -0.0814   0.4936   1.0000
   6.500   1.0602   0.01511   0.00812  -0.0786   0.4653   1.0000
   7.000   1.0984   0.01571   0.00870  -0.0753   0.4351   1.0000
   7.500   1.1348   0.01642   0.00933  -0.0717   0.4051   1.0000
   8.000   1.1674   0.01726   0.01005  -0.0676   0.3750   1.0000
   8.500   1.1940   0.01815   0.01089  -0.0626   0.3442   1.0000
   9.000   1.2188   0.01926   0.01194  -0.0575   0.3135   1.0000
   9.500   1.2416   0.02062   0.01322  -0.0526   0.2830   1.0000
  10.000   1.2614   0.02228   0.01478  -0.0478   0.2532   1.0000
