  
       XFOIL         Version 6.99
  
 Calculated polar for: NACA 1122                                       
  
 1 1 Reynolds number fixed          Mach number fixed         
  
 xtrf =   1.000 (top)        1.000 (bottom)  
 Mach =   0.050     Re =     0.200 e 6     Ncrit =   9.000
  
   alpha    CL        CD       CDp       CM     Top_Xtr  Bot_Xtr
  ------ -------- --------- --------- -------- -------- --------
  -2.000  -0.1170   0.01422   0.00725  -0.0144   0.7210   0.5735
  -1.500  -0.0657   0.01409   0.00710  -0.0129   0.6955   0.5983
  -1.000  -0.0144   0.01401   0.00699  -0.0114   0.6702   0.6239
  -0.500   0.0368   0.01398   0.00692  -0.0099   0.6452   0.6502
   0.000   0.0878   0.01400   0.00689  -0.0085   0.6206   0.6770
   0.500   0.1399   0.01405   0.00695  -0.0071   0.5963   0.7035
   1.000   0.1915   0.01417   0.00707  -0.0057   0.5721   0.7304
   1.500   0.2427   0.01437   0.00722  -0.0041   0.5481   0.7576
   2.000   0.2918   0.01457   0.00744  -0.0022   0.5232   0.7852
   2.500   0.3398   0.01481   0.00768  -0.0001   0.4980   0.8128
   3.500   0.4379   0.01559   0.00840   0.0039   0.4510   0.8631
   4.000   0.4890   0.01613   0.00889   0.0054   0.4287   0.8854
   4.500   0.5424   0.01675   0.00944   0.0064   0.4059   0.9061
   5.000   0.5997   0.01746   0.01004   0.0064   0.3828   0.9249
   5.500   0.6769   0.01840   0.01080   0.0020   0.3581   0.9357
   6.000   0.7508   0.01920   0.01156  -0.0020   0.3327   0.9485
   6.500   0.8205   0.02008   0.01231  -0.0055   0.3081   0.9629
   7.000   0.8903   0.02109   0.01313  -0.0094   0.2850   0.9766
   7.500   0.9685   0.02208   0.01401  -0.0151   0.2634   0.9864
   8.000   1.0415   0.02309   0.01493  -0.0200   0.2455   0.9968
   8.500   1.0627   0.02381   0.01555  -0.0153   0.2350   1.0000
   9.000   1.0496   0.02431   0.01608  -0.0041   0.2284   1.0000
   9.500   1.0441   0.02491   0.01667   0.0057   0.2220   1.0000
  10.000   1.0560   0.02585   0.01752   0.0123   0.2155   1.0000
  -2.000  -0.1170   0.01422   0.00725  -0.0144   0.7210   0.5735
  -1.500  -0.0657   0.01409   0.00710  -0.0129   0.6955   0.5983
  -1.000  -0.0144   0.01401   0.00699  -0.0114   0.6702   0.6239
  -0.500   0.0368   0.01398   0.00692  -0.0099   0.6452   0.6502
   0.000   0.0878   0.01400   0.00689  -0.0085   0.6206   0.6770
   0.500   0.1399   0.01405   0.00695  -0.0071   0.5963   0.7035
   1.000   0.1915   0.01417   0.00707  -0.0057   0.5721   0.7304
   1.500   0.2427   0.01437   0.00722  -0.0041   0.5481   0.7576
   2.000   0.2918   0.01457   0.00744  -0.0022   0.5232   0.7852
   2.500   0.3398   0.01481   0.00768  -0.0001   0.4980   0.8128
   3.500   0.4379   0.01559   0.00840   0.0039   0.4510   0.8631
   4.000   0.4890   0.01613   0.00889   0.0054   0.4287   0.8854
   4.500   0.5424   0.01675   0.00944   0.0064   0.4059   0.9061
   5.000   0.5997   0.01746   0.01004   0.0064   0.3828   0.9249
   5.500   0.6769   0.01840   0.01080   0.0020   0.3581   0.9357
   6.000   0.7508   0.01920   0.01156  -0.0020   0.3327   0.9485
   6.500   0.8205   0.02008   0.01231  -0.0055   0.3081   0.9629
   7.000   0.8903   0.02109   0.01313  -0.0094   0.2850   0.9766
   7.500   0.9685   0.02208   0.01401  -0.0151   0.2634   0.9864
   8.000   1.0415   0.02309   0.01493  -0.0200   0.2455   0.9968
   8.500   1.0627   0.02381   0.01555  -0.0153   0.2350   1.0000
   9.000   1.0496   0.02431   0.01608  -0.0041   0.2284   1.0000
   9.500   1.0441   0.02491   0.01667   0.0057   0.2220   1.0000
  10.000   1.0560   0.02585   0.01752   0.0123   0.2155   1.0000
