  
       XFOIL         Version 6.99
  
 Calculated polar for: NACA 2304                                       
  
 1 1 Reynolds number fixed          Mach number fixed         
  
 xtrf =   1.000 (top)        1.000 (bottom)  
 Mach =   0.050     Re =     0.200 e 6     Ncrit =   9.000
  
   alpha    CL        CD       CDp       CM     Top_Xtr  Bot_Xtr
  ------ -------- --------- --------- -------- -------- --------
  -2.000  -0.0520   0.01534   0.00797  -0.0376   1.0000   0.0293
  -1.500   0.0024   0.01224   0.00456  -0.0366   1.0000   0.0423
  -1.000   0.0586   0.00972   0.00238  -0.0367   1.0000   0.1307
   0.000   0.1611   0.00722   0.00180  -0.0352   1.0000   1.0000
   0.500   0.2122   0.00744   0.00190  -0.0348   1.0000   1.0000
   1.000   0.2746   0.00772   0.00216  -0.0371   0.9946   1.0000
   1.500   0.3681   0.00778   0.00233  -0.0454   0.9696   1.0000
   2.000   0.4467   0.00768   0.00243  -0.0497   0.9302   1.0000
   2.500   0.5049   0.00765   0.00254  -0.0488   0.8648   1.0000
   3.000   0.5454   0.00822   0.00267  -0.0431   0.6766   1.0000
   3.500   0.5749   0.01266   0.00398  -0.0387   0.0473   1.0000
   4.000   0.6213   0.01598   0.00749  -0.0367   0.0239   1.0000
   4.500   0.6717   0.01980   0.01152  -0.0344   0.0228   1.0000
   5.000   0.7278   0.02463   0.01712  -0.0317   0.0323   1.0000
