  
       XFOIL         Version 6.99
  
 Calculated polar for: NACA 1616                                       
  
 1 1 Reynolds number fixed          Mach number fixed         
  
 xtrf =   1.000 (top)        1.000 (bottom)  
 Mach =   0.050     Re =     0.200 e 6     Ncrit =   9.000
  
   alpha    CL        CD       CDp       CM     Top_Xtr  Bot_Xtr
  ------ -------- --------- --------- -------- -------- --------
  -2.000  -0.1004   0.01328   0.00696  -0.0383   0.8930   0.5718
  -1.500  -0.0374   0.01276   0.00657  -0.0387   0.8767   0.6131
  -1.000   0.0219   0.01226   0.00620  -0.0382   0.8574   0.6530
  -0.500   0.0793   0.01183   0.00588  -0.0372   0.8351   0.6923
   0.000   0.1363   0.01147   0.00560  -0.0361   0.8108   0.7317
   0.500   0.1882   0.01127   0.00550  -0.0340   0.7798   0.7711
   1.000   0.2411   0.01117   0.00543  -0.0321   0.7477   0.8110
   1.500   0.2933   0.01122   0.00544  -0.0299   0.7131   0.8506
   2.000   0.3465   0.01142   0.00557  -0.0280   0.6759   0.8882
   2.500   0.4056   0.01176   0.00579  -0.0275   0.6366   0.9216
   3.000   0.4761   0.01221   0.00608  -0.0297   0.5946   0.9483
   3.500   0.5586   0.01271   0.00638  -0.0348   0.5502   0.9675
   4.000   0.6471   0.01320   0.00664  -0.0415   0.5044   0.9830
   4.500   0.7367   0.01362   0.00690  -0.0488   0.4559   0.9980
   5.000   0.7769   0.01395   0.00706  -0.0466   0.4185   1.0000
   5.500   0.8076   0.01437   0.00734  -0.0422   0.3838   1.0000
   6.000   0.8380   0.01489   0.00772  -0.0376   0.3497   1.0000
   6.500   0.8682   0.01552   0.00820  -0.0329   0.3161   1.0000
   7.000   0.8982   0.01627   0.00877  -0.0282   0.2835   1.0000
   7.500   0.9282   0.01709   0.00946  -0.0236   0.2518   1.0000
   8.000   0.9595   0.01801   0.01028  -0.0193   0.2219   1.0000
   8.500   0.9900   0.01910   0.01126  -0.0151   0.1955   1.0000
   9.000   1.0181   0.02031   0.01236  -0.0107   0.1727   1.0000
   9.500   1.0434   0.02168   0.01364  -0.0061   0.1539   1.0000
  10.000   1.0700   0.02315   0.01510  -0.0019   0.1378   1.0000
