  
       XFOIL         Version 6.99
  
 Calculated polar for: NACA 3208                                       
  
 1 1 Reynolds number fixed          Mach number fixed         
  
 xtrf =   1.000 (top)        1.000 (bottom)  
 Mach =   0.050     Re =     0.200 e 6     Ncrit =   9.000
  
   alpha    CL        CD       CDp       CM     Top_Xtr  Bot_Xtr
  ------ -------- --------- --------- -------- -------- --------
  -2.000   0.0717   0.01764   0.01046  -0.0563   0.9572   0.0530
  -1.500   0.1473   0.01448   0.00712  -0.0596   0.9423   0.0630
  -1.000   0.2118   0.01280   0.00537  -0.0603   0.9172   0.0797
  -0.500   0.2705   0.01144   0.00409  -0.0599   0.8850   0.1120
   0.000   0.3339   0.00821   0.00329  -0.0602   0.8442   1.0000
   0.500   0.3845   0.00828   0.00289  -0.0581   0.7888   1.0000
   1.000   0.4341   0.00852   0.00266  -0.0560   0.7194   1.0000
   1.500   0.4823   0.00898   0.00257  -0.0538   0.6293   1.0000
   2.000   0.5291   0.00974   0.00266  -0.0517   0.5225   1.0000
   2.500   0.5769   0.01064   0.00297  -0.0503   0.4379   1.0000
   3.000   0.6272   0.01142   0.00338  -0.0493   0.3948   1.0000
   3.500   0.6792   0.01212   0.00390  -0.0487   0.3710   1.0000
   4.000   0.7317   0.01281   0.00446  -0.0482   0.3541   1.0000
   4.500   0.7847   0.01352   0.00515  -0.0478   0.3418   1.0000
   5.000   0.8377   0.01428   0.00590  -0.0475   0.3309   1.0000
   5.500   0.8910   0.01511   0.00675  -0.0472   0.3214   1.0000
   6.000   0.9439   0.01587   0.00770  -0.0468   0.3119   1.0000
   6.500   0.9967   0.01680   0.00879  -0.0465   0.3027   1.0000
   7.000   1.0463   0.01728   0.00943  -0.0457   0.2838   1.0000
   7.500   1.0938   0.01754   0.00983  -0.0445   0.2595   1.0000
   8.000   1.1409   0.01779   0.01028  -0.0433   0.2350   1.0000
   8.500   1.1826   0.01828   0.01063  -0.0415   0.1130   1.0000
   9.000   1.2008   0.02294   0.01485  -0.0370   0.0433   1.0000
   9.500   1.2246   0.02611   0.01823  -0.0331   0.0348   1.0000
  10.000   1.2456   0.02940   0.02177  -0.0288   0.0302   1.0000
