  
       XFOIL         Version 6.99
  
 Calculated polar for: NACA 5534                                       
  
 1 1 Reynolds number fixed          Mach number fixed         
  
 xtrf =   1.000 (top)        1.000 (bottom)  
 Mach =   0.050     Re =     0.200 e 6     Ncrit =   9.000
  
   alpha    CL        CD       CDp       CM     Top_Xtr  Bot_Xtr
  ------ -------- --------- --------- -------- -------- --------
  -2.000   0.2081   0.02365   0.01504  -0.1028   0.6265   0.3553
  -1.500   0.1886   0.02434   0.01583  -0.0899   0.6145   0.3633
  -1.000   0.2619   0.02377   0.01519  -0.0934   0.6071   0.3772
  -0.500   0.2772   0.02448   0.01596  -0.0870   0.5968   0.3882
   0.000   0.3284   0.02434   0.01581  -0.0867   0.5882   0.4019
   0.500   0.3885   0.02440   0.01580  -0.0879   0.5804   0.4173
   1.000   0.3992   0.02514   0.01668  -0.0812   0.5697   0.4293
   1.500   0.4850   0.02466   0.01602  -0.0865   0.5633   0.4479
   2.000   0.4751   0.02607   0.01770  -0.0769   0.5522   0.4600
   2.500   0.5428   0.02589   0.01738  -0.0793   0.5450   0.4788
   3.000   0.5637   0.02687   0.01856  -0.0748   0.5358   0.4956
   3.500   0.6012   0.02744   0.01913  -0.0728   0.5271   0.5144
   4.000   0.6969   0.02670   0.01828  -0.0794   0.5213   0.5403
   4.500   0.6594   0.02938   0.02130  -0.0670   0.5097   0.5550
   5.000   0.7394   0.02875   0.02058  -0.0710   0.5039   0.5831
   5.500   0.7206   0.03158   0.02371  -0.0622   0.4931   0.6037
   6.000   0.7790   0.03151   0.02370  -0.0632   0.4864   0.6354
   6.500   0.8138   0.03258   0.02490  -0.0615   0.4789   0.6687
   7.000   0.8118   0.03511   0.02768  -0.0556   0.4690   0.7033
   7.500   0.9023   0.03354   0.02614  -0.0599   0.4646   0.7630
   8.000   0.8268   0.03982   0.03301  -0.0460   0.4515   0.8151
   8.500   0.9144   0.03809   0.03139  -0.0488   0.4474   0.9495
   9.000   0.8478   0.04640   0.03997  -0.0406   0.4329   1.0000
   9.500   0.9424   0.04404   0.03730  -0.0454   0.4298   1.0000
