  
       XFOIL         Version 6.99
  
 Calculated polar for: NACA 5738                                       
  
 1 1 Reynolds number fixed          Mach number fixed         
  
 xtrf =   1.000 (top)        1.000 (bottom)  
 Mach =   0.050     Re =     0.200 e 6     Ncrit =   9.000
  
   alpha    CL        CD       CDp       CM     Top_Xtr  Bot_Xtr
  ------ -------- --------- --------- -------- -------- --------
  -2.000   0.0617   0.02664   0.01828  -0.0984   0.6339   0.3773
  -1.500   0.1211   0.02645   0.01815  -0.0998   0.6226   0.3865
  -1.000   0.1612   0.02675   0.01837  -0.0983   0.6104   0.3960
  -0.500   0.2118   0.02664   0.01827  -0.0983   0.5993   0.4056
   0.000   0.2627   0.02693   0.01854  -0.0985   0.5886   0.4157
   0.500   0.2977   0.02726   0.01880  -0.0962   0.5770   0.4256
   1.000   0.3744   0.02709   0.01862  -0.1004   0.5680   0.4371
   1.500   0.3826   0.02819   0.01976  -0.0940   0.5560   0.4466
   2.000   0.4578   0.02783   0.01936  -0.0980   0.5476   0.4588
   2.500   0.4699   0.02916   0.02080  -0.0923   0.5366   0.4689
   3.000   0.5234   0.02929   0.02086  -0.0931   0.5275   0.4811
   3.500   0.5725   0.02991   0.02153  -0.0931   0.5187   0.4932
   4.000   0.5924   0.03117   0.02279  -0.0891   0.5084   0.5044
   4.500   0.6695   0.03083   0.02243  -0.0932   0.5011   0.5188
   5.000   0.6672   0.03300   0.02476  -0.0862   0.4908   0.5299
   5.500   0.7165   0.03341   0.02517  -0.0864   0.4827   0.5434
   6.000   0.7705   0.03407   0.02581  -0.0873   0.4751   0.5579
   6.500   0.7685   0.03648   0.02835  -0.0811   0.4652   0.5693
   7.000   0.8363   0.03634   0.02820  -0.0836   0.4587   0.5849
   7.500   0.8332   0.03938   0.03136  -0.0778   0.4493   0.5972
   8.000   0.8642   0.04074   0.03284  -0.0759   0.4414   0.6109
   8.500   0.9540   0.03987   0.03174  -0.0813   0.4357   0.6290
   9.000   0.8904   0.04607   0.03837  -0.0693   0.4247   0.6376
   9.500   0.9522   0.04601   0.03827  -0.0709   0.4189   0.6537
  10.000   0.9371   0.05080   0.04319  -0.0656   0.4098   0.6656
