  
       XFOIL         Version 6.99
  
 Calculated polar for: NACA 6226                                       
  
 1 1 Reynolds number fixed          Mach number fixed         
  
 xtrf =   1.000 (top)        1.000 (bottom)  
 Mach =   0.050     Re =     0.200 e 6     Ncrit =   9.000
  
   alpha    CL        CD       CDp       CM     Top_Xtr  Bot_Xtr
  ------ -------- --------- --------- -------- -------- --------
  -2.000   0.3522   0.02165   0.01194  -0.0814   0.5079   0.1202
  -1.500   0.3829   0.02124   0.01153  -0.0768   0.4845   0.1264
  -1.000   0.4070   0.02096   0.01117  -0.0708   0.4604   0.1326
  -0.500   0.4254   0.02087   0.01100  -0.0640   0.4356   0.1401
   0.000   0.4465   0.02090   0.01093  -0.0581   0.4111   0.1483
   0.500   0.4724   0.02117   0.01105  -0.0533   0.3889   0.1598
   1.000   0.5032   0.02146   0.01121  -0.0496   0.3705   0.1769
   1.500   0.5323   0.02059   0.01150  -0.0463   0.3566   0.4924
   2.000   0.5636   0.02065   0.01238  -0.0418   0.3461   0.7278
   2.500   0.5966   0.02125   0.01327  -0.0372   0.3375   0.8390
   3.000   0.6453   0.02225   0.01421  -0.0353   0.3303   0.9214
   3.500   0.7217   0.02358   0.01546  -0.0400   0.3230   0.9684
   4.000   0.8319   0.02508   0.01660  -0.0513   0.3165   0.9890
   4.500   0.9287   0.02638   0.01777  -0.0607   0.3118   1.0000
   5.000   0.9297   0.02670   0.01804  -0.0527   0.3093   1.0000
   5.500   0.9499   0.02731   0.01857  -0.0477   0.3065   1.0000
   6.000   0.9811   0.02807   0.01922  -0.0447   0.3038   1.0000
   6.500   1.0233   0.02893   0.01992  -0.0435   0.3010   1.0000
   7.000   1.0797   0.03009   0.02091  -0.0447   0.2982   1.0000
   7.500   1.1053   0.03143   0.02232  -0.0415   0.2965   1.0000
   8.000   1.1324   0.03298   0.02395  -0.0389   0.2946   1.0000
   8.500   1.1595   0.03471   0.02577  -0.0366   0.2927   1.0000
   9.000   1.1863   0.03661   0.02774  -0.0345   0.2908   1.0000
   9.500   1.2128   0.03858   0.02977  -0.0327   0.2888   1.0000
  10.000   1.2430   0.04049   0.03168  -0.0314   0.2868   1.0000
