  
       XFOIL         Version 6.99
  
 Calculated polar for: NACA 9020                                       
  
 1 1 Reynolds number fixed          Mach number fixed         
  
 xtrf =   1.000 (top)        1.000 (bottom)  
 Mach =   0.050     Re =     0.200 e 6     Ncrit =   9.000
  
   alpha    CL        CD       CDp       CM     Top_Xtr  Bot_Xtr
  ------ -------- --------- --------- -------- -------- --------
  -2.000   0.5903   0.01408   0.00750  -0.0459   0.5614   0.8982
  -1.500   0.6540   0.01456   0.00794  -0.0469   0.5378   0.9337
  -1.000   0.7306   0.01511   0.00841  -0.0510   0.5127   0.9606
  -0.500   0.8215   0.01567   0.00884  -0.0585   0.4861   0.9781
   0.000   0.9152   0.01621   0.00918  -0.0670   0.4596   0.9930
   0.500   0.9732   0.01659   0.00949  -0.0690   0.4359   1.0002
   1.000   0.9926   0.01693   0.00973  -0.0632   0.4167   1.0002
   1.500   1.0127   0.01736   0.01006  -0.0573   0.3977   1.0002
   2.000   1.0338   0.01787   0.01048  -0.0516   0.3788   1.0002
   2.500   1.0554   0.01846   0.01097  -0.0460   0.3601   1.0002
   3.000   1.0763   0.01913   0.01156  -0.0404   0.3417   1.0002
   3.500   1.0989   0.01993   0.01230  -0.0355   0.3234   1.0002
   4.000   1.1238   0.02090   0.01322  -0.0314   0.3051   1.0002
   4.500   1.1489   0.02204   0.01433  -0.0278   0.2871   1.0002
   5.000   1.1734   0.02336   0.01562  -0.0246   0.2697   1.0002
   5.500   1.1968   0.02489   0.01712  -0.0215   0.2529   1.0002
   6.000   1.2188   0.02663   0.01883  -0.0188   0.2370   1.0002
   6.500   1.2386   0.02862   0.02084  -0.0162   0.2218   1.0002
   7.000   1.2568   0.03087   0.02312  -0.0139   0.2077   1.0002
   7.500   1.2735   0.03340   0.02571  -0.0119   0.1944   1.0002
   8.000   1.2886   0.03621   0.02857  -0.0102   0.1821   1.0002
   8.500   1.3022   0.03931   0.03170  -0.0088   0.1709   1.0002
   9.000   1.3148   0.04264   0.03505  -0.0076   0.1608   1.0002
   9.500   1.3282   0.04606   0.03841  -0.0068   0.1515   1.0002
  10.000   1.3350   0.05029   0.04282  -0.0064   0.1429   1.0002
  -2.000   0.5903   0.01408   0.00750  -0.0459   0.5614   0.8982
  -1.500   0.6540   0.01456   0.00794  -0.0469   0.5378   0.9337
  -1.000   0.7306   0.01511   0.00841  -0.0510   0.5127   0.9606
  -0.500   0.8215   0.01567   0.00884  -0.0585   0.4861   0.9781
   0.000   0.9152   0.01621   0.00918  -0.0670   0.4596   0.9930
   0.500   0.9732   0.01659   0.00949  -0.0690   0.4359   1.0002
   1.000   0.9926   0.01693   0.00973  -0.0632   0.4167   1.0002
   1.500   1.0127   0.01736   0.01006  -0.0573   0.3977   1.0002
   2.000   1.0338   0.01787   0.01048  -0.0516   0.3788   1.0002
   2.500   1.0554   0.01846   0.01097  -0.0460   0.3601   1.0002
   3.000   1.0763   0.01913   0.01156  -0.0404   0.3417   1.0002
   3.500   1.0989   0.01993   0.01230  -0.0355   0.3234   1.0002
   4.000   1.1238   0.02090   0.01322  -0.0314   0.3051   1.0002
   4.500   1.1489   0.02204   0.01433  -0.0278   0.2871   1.0002
   5.000   1.1734   0.02336   0.01562  -0.0246   0.2697   1.0002
   5.500   1.1968   0.02489   0.01712  -0.0215   0.2529   1.0002
   6.000   1.2188   0.02663   0.01883  -0.0188   0.2370   1.0002
   6.500   1.2386   0.02862   0.02084  -0.0162   0.2218   1.0002
   7.000   1.2568   0.03087   0.02312  -0.0139   0.2077   1.0002
   7.500   1.2735   0.03340   0.02571  -0.0119   0.1944   1.0002
   8.000   1.2886   0.03621   0.02857  -0.0102   0.1821   1.0002
   8.500   1.3022   0.03931   0.03170  -0.0088   0.1709   1.0002
   9.000   1.3148   0.04264   0.03505  -0.0076   0.1608   1.0002
   9.500   1.3282   0.04606   0.03841  -0.0068   0.1515   1.0002
  10.000   1.3350   0.05029   0.04282  -0.0064   0.1429   1.0002
