  
       XFOIL         Version 6.99
  
 Calculated polar for: NACA 3412                                       
  
 1 1 Reynolds number fixed          Mach number fixed         
  
 xtrf =   1.000 (top)        1.000 (bottom)  
 Mach =   0.050     Re =     0.200 e 6     Ncrit =   9.000
  
   alpha    CL        CD       CDp       CM     Top_Xtr  Bot_Xtr
  ------ -------- --------- --------- -------- -------- --------
  -2.000   0.1328   0.01196   0.00542  -0.0841   0.8852   0.4138
  -1.500   0.1833   0.01075   0.00512  -0.0821   0.8661   0.6473
  -1.000   0.2325   0.01003   0.00498  -0.0782   0.8463   0.8663
  -0.500   0.3235   0.00991   0.00477  -0.0838   0.8229   0.9781
   0.000   0.4060   0.00978   0.00435  -0.0889   0.7973   1.0000
   0.500   0.4538   0.00983   0.00415  -0.0871   0.7665   1.0000
   1.000   0.5024   0.00997   0.00407  -0.0854   0.7360   1.0000
   1.500   0.5515   0.01019   0.00408  -0.0837   0.7064   1.0000
   2.000   0.6013   0.01048   0.00416  -0.0822   0.6786   1.0000
   2.500   0.6517   0.01081   0.00432  -0.0809   0.6521   1.0000
   3.000   0.7021   0.01118   0.00457  -0.0796   0.6263   1.0000
   3.500   0.7533   0.01158   0.00484  -0.0785   0.6026   1.0000
   4.000   0.8040   0.01199   0.00521  -0.0774   0.5785   1.0000
   4.500   0.8548   0.01243   0.00557  -0.0762   0.5546   1.0000
   5.000   0.9046   0.01287   0.00599  -0.0749   0.5291   1.0000
   5.500   0.9538   0.01333   0.00638  -0.0735   0.5023   1.0000
   6.000   1.0013   0.01377   0.00683  -0.0718   0.4725   1.0000
   6.500   1.0476   0.01424   0.00731  -0.0699   0.4406   1.0000
   7.000   1.0921   0.01478   0.00785  -0.0678   0.4052   1.0000
   7.500   1.1339   0.01540   0.00847  -0.0652   0.3615   1.0000
   8.000   1.1711   0.01633   0.00929  -0.0621   0.3067   1.0000
   8.500   1.2005   0.01780   0.01047  -0.0580   0.2378   1.0000
   9.000   1.2207   0.01992   0.01219  -0.0529   0.1657   1.0000
   9.500   1.2318   0.02237   0.01432  -0.0465   0.1206   1.0000
  10.000   1.2442   0.02492   0.01678  -0.0409   0.0959   1.0000
