  
       XFOIL         Version 6.99
  
 Calculated polar for: NACA 1824                                       
  
 1 1 Reynolds number fixed          Mach number fixed         
  
 xtrf =   1.000 (top)        1.000 (bottom)  
 Mach =   0.050     Re =     0.200 e 6     Ncrit =   9.000
  
   alpha    CL        CD       CDp       CM     Top_Xtr  Bot_Xtr
  ------ -------- --------- --------- -------- -------- --------
  -2.000  -0.0529   0.01516   0.00781  -0.0472   0.7466   0.5107
  -1.500   0.0010   0.01507   0.00770  -0.0464   0.7206   0.5311
  -1.000   0.0518   0.01502   0.00766  -0.0450   0.6947   0.5516
  -0.500   0.1027   0.01502   0.00764  -0.0436   0.6699   0.5725
   0.000   0.1533   0.01505   0.00766  -0.0422   0.6458   0.5940
   0.500   0.2037   0.01512   0.00771  -0.0407   0.6225   0.6159
   1.000   0.2540   0.01524   0.00780  -0.0392   0.5999   0.6381
   1.500   0.3041   0.01539   0.00793  -0.0377   0.5780   0.6608
   2.000   0.3540   0.01560   0.00810  -0.0361   0.5567   0.6836
   2.500   0.4024   0.01583   0.00832  -0.0343   0.5358   0.7065
   3.000   0.4486   0.01609   0.00861  -0.0320   0.5153   0.7293
   3.500   0.4946   0.01641   0.00898  -0.0296   0.4955   0.7511
   5.000   0.6272   0.01759   0.01019  -0.0215   0.4402   0.8143
   5.500   0.6693   0.01801   0.01055  -0.0185   0.4230   0.8357
   6.000   0.7052   0.01836   0.01092  -0.0143   0.4061   0.8577
   6.500   0.7364   0.01871   0.01135  -0.0092   0.3900   0.8807
   7.000   0.7674   0.01914   0.01179  -0.0041   0.3746   0.9046
   7.500   0.8044   0.01971   0.01231  -0.0004   0.3594   0.9288
   8.000   0.8544   0.02047   0.01298   0.0004   0.3432   0.9512
   8.500   0.9139   0.02140   0.01393  -0.0014   0.3262   0.9699
   9.000   0.9848   0.02252   0.01504  -0.0059   0.3088   0.9829
   9.500   1.0539   0.02372   0.01623  -0.0103   0.2920   0.9954
  10.000   1.0599   0.02420   0.01670  -0.0036   0.2811   1.0000
