  
       XFOIL         Version 6.99
  
 Calculated polar for: NACA 3832                                       
  
 1 1 Reynolds number fixed          Mach number fixed         
  
 xtrf =   1.000 (top)        1.000 (bottom)  
 Mach =   0.050     Re =     0.200 e 6     Ncrit =   9.000
  
   alpha    CL        CD       CDp       CM     Top_Xtr  Bot_Xtr
  ------ -------- --------- --------- -------- -------- --------
  -2.000   0.0933   0.01996   0.01195  -0.0933   0.6654   0.4332
  -1.500   0.1395   0.01992   0.01179  -0.0918   0.6482   0.4462
  -1.000   0.1797   0.01991   0.01186  -0.0891   0.6316   0.4580
  -0.500   0.2454   0.01995   0.01170  -0.0914   0.6163   0.4726
   0.000   0.2754   0.02002   0.01192  -0.0867   0.6005   0.4846
   0.500   0.3299   0.02020   0.01196  -0.0869   0.5861   0.4994
   1.000   0.3751   0.02031   0.01215  -0.0850   0.5715   0.5129
   1.500   0.4224   0.02062   0.01237  -0.0839   0.5575   0.5279
   2.000   0.4747   0.02077   0.01258  -0.0834   0.5441   0.5427
   2.500   0.5146   0.02116   0.01297  -0.0810   0.5307   0.5581
   3.000   0.5713   0.02142   0.01321  -0.0814   0.5181   0.5739
   3.500   0.6053   0.02190   0.01378  -0.0780   0.5054   0.5894
   4.000   0.6638   0.02225   0.01405  -0.0787   0.4934   0.6065
   4.500   0.6924   0.02286   0.01482  -0.0744   0.4814   0.6218
   5.000   0.7497   0.02329   0.01512  -0.0750   0.4701   0.6399
   5.500   0.7757   0.02405   0.01610  -0.0703   0.4588   0.6550
   6.000   0.8287   0.02455   0.01646  -0.0703   0.4480   0.6735
   6.500   0.8540   0.02550   0.01764  -0.0656   0.4373   0.6887
   7.000   0.8988   0.02612   0.01819  -0.0643   0.4270   0.7064
   7.500   0.9272   0.02723   0.01944  -0.0603   0.4169   0.7220
   8.000   0.9620   0.02809   0.02031  -0.0575   0.4071   0.7381
   8.500   0.9962   0.02924   0.02150  -0.0548   0.3975   0.7545
   9.000   1.0199   0.03041   0.02277  -0.0505   0.3880   0.7688
   9.500   1.0628   0.03147   0.02374  -0.0495   0.3790   0.7861
  10.000   1.0728   0.03308   0.02555  -0.0436   0.3698   0.8000
