  
       XFOIL         Version 6.99
  
 Calculated polar for: NACA 9540                                       
  
 1 1 Reynolds number fixed          Mach number fixed         
  
 xtrf =   1.000 (top)        1.000 (bottom)  
 Mach =   0.050     Re =     0.200 e 6     Ncrit =   9.000
  
   alpha    CL        CD       CDp       CM     Top_Xtr  Bot_Xtr
  ------ -------- --------- --------- -------- -------- --------
  -1.000  -0.3120   0.08251   0.07441  -0.0687   0.5042   0.2526
  -0.500  -0.2421   0.08164   0.07330  -0.0712   0.5029   0.2605
   0.500  -0.2063   0.08852   0.08040  -0.0687   0.4863   0.2715
   1.000  -0.1368   0.08772   0.07945  -0.0711   0.4852   0.2804
   1.500  -0.1709   0.09599   0.08787  -0.0668   0.4702   0.2834
   2.000  -0.1021   0.09534   0.08723  -0.0690   0.4690   0.2929
   3.000  -0.0695   0.10348   0.09544  -0.0674   0.4532   0.3062
   4.000  -0.0380   0.11222   0.10416  -0.0662   0.4379   0.3204
   5.000  -0.0102   0.12133   0.11349  -0.0654   0.4231   0.3360
   5.500   0.0564   0.12105   0.11314  -0.0677   0.4217   0.3490
   7.000   0.0396   0.14081   0.13315  -0.0654   0.3971   0.3700
   7.500   0.0923   0.14186   0.13430  -0.0671   0.3938   0.3844
   8.000   0.1682   0.14077   0.13312  -0.0696   0.3919   0.4010
   9.000   0.1391   0.15630   0.14898  -0.0692   0.3806   0.4182
   9.500   0.1783   0.15914   0.15179  -0.0707   0.3789   0.4331
  10.000   0.2050   0.16355   0.15637  -0.0721   0.3783   0.4498
