  
       XFOIL         Version 6.99
  
 Calculated polar for: NACA 5318                                       
  
 1 1 Reynolds number fixed          Mach number fixed         
  
 xtrf =   1.000 (top)        1.000 (bottom)  
 Mach =   0.050     Re =     0.200 e 6     Ncrit =   9.000
  
   alpha    CL        CD       CDp       CM     Top_Xtr  Bot_Xtr
  ------ -------- --------- --------- -------- -------- --------
  -2.000   0.3219   0.01570   0.00701  -0.1032   0.6460   0.1713
  -1.500   0.3705   0.01536   0.00662  -0.1016   0.6152   0.1940
  -1.000   0.4192   0.01517   0.00633  -0.1000   0.5861   0.2249
  -0.500   0.4656   0.01478   0.00605  -0.0983   0.5592   0.2767
   0.000   0.4974   0.01339   0.00626  -0.0934   0.5372   0.7252
   0.500   0.5494   0.01363   0.00673  -0.0907   0.5171   0.9120
   1.000   0.6469   0.01435   0.00714  -0.0984   0.4983   0.9768
   1.500   0.7569   0.01492   0.00741  -0.1098   0.4816   1.0000
   2.000   0.7947   0.01533   0.00758  -0.1069   0.4717   1.0000
   2.500   0.8331   0.01571   0.00785  -0.1040   0.4625   1.0000
   3.000   0.8781   0.01628   0.00819  -0.1022   0.4543   1.0000
   3.500   0.9193   0.01674   0.00863  -0.0997   0.4465   1.0000
   4.000   0.9667   0.01731   0.00905  -0.0983   0.4398   1.0000
   4.500   1.0142   0.01801   0.00968  -0.0971   0.4332   1.0000
   5.000   1.0603   0.01862   0.01030  -0.0956   0.4266   1.0000
   5.500   1.1120   0.01931   0.01087  -0.0952   0.4207   1.0000
   6.000   1.1607   0.02017   0.01174  -0.0943   0.4148   1.0000
   6.500   1.2059   0.02093   0.01258  -0.0928   0.4090   1.0000
   7.000   1.2569   0.02167   0.01327  -0.0925   0.4031   1.0000
   7.500   1.3091   0.02276   0.01434  -0.0925   0.3978   1.0000
   8.000   1.3470   0.02365   0.01542  -0.0899   0.3919   1.0000
   8.500   1.3940   0.02450   0.01630  -0.0890   0.3861   1.0000
   9.000   1.4516   0.02569   0.01740  -0.0901   0.3806   1.0000
   9.500   1.4792   0.02678   0.01878  -0.0860   0.3749   1.0000
  10.000   1.5181   0.02775   0.01987  -0.0839   0.3689   1.0000
