  
       XFOIL         Version 6.99
  
 Calculated polar for: NACA 3316                                       
  
 1 1 Reynolds number fixed          Mach number fixed         
  
 xtrf =   1.000 (top)        1.000 (bottom)  
 Mach =   0.050     Re =     0.200 e 6     Ncrit =   9.000
  
   alpha    CL        CD       CDp       CM     Top_Xtr  Bot_Xtr
  ------ -------- --------- --------- -------- -------- --------
  -2.000   0.1067   0.01168   0.00531  -0.0662   0.7726   0.5271
  -1.500   0.1519   0.01121   0.00526  -0.0629   0.7422   0.6810
  -1.000   0.2005   0.01108   0.00525  -0.0600   0.7109   0.7719
  -0.500   0.2509   0.01119   0.00528  -0.0573   0.6797   0.8414
   0.000   0.3040   0.01149   0.00545  -0.0553   0.6454   0.8975
   0.500   0.3729   0.01199   0.00571  -0.0565   0.6109   0.9382
   1.000   0.4613   0.01254   0.00594  -0.0625   0.5766   0.9641
   1.500   0.5647   0.01304   0.00609  -0.0721   0.5459   0.9850
   2.000   0.6573   0.01331   0.00614  -0.0802   0.5194   1.0000
   2.500   0.6979   0.01354   0.00620  -0.0780   0.5016   1.0000
   3.000   0.7389   0.01387   0.00638  -0.0757   0.4863   1.0000
   3.500   0.7814   0.01429   0.00663  -0.0735   0.4728   1.0000
   4.000   0.8229   0.01466   0.00698  -0.0709   0.4599   1.0000
   4.500   0.8662   0.01516   0.00742  -0.0687   0.4481   1.0000
   5.500   0.9547   0.01622   0.00841  -0.0645   0.4259   1.0000
   6.000   1.0009   0.01686   0.00898  -0.0628   0.4155   1.0000
   6.500   1.0454   0.01739   0.00954  -0.0608   0.4043   1.0000
   7.000   1.0905   0.01807   0.01026  -0.0590   0.3934   1.0000
   7.500   1.1397   0.01876   0.01085  -0.0579   0.3823   1.0000
   8.000   1.1806   0.01930   0.01156  -0.0554   0.3702   1.0000
   8.500   1.2244   0.01998   0.01229  -0.0535   0.3582   1.0000
   9.000   1.2698   0.02062   0.01288  -0.0518   0.3456   1.0000
   9.500   1.3064   0.02113   0.01354  -0.0487   0.3321   1.0000
  10.000   1.3413   0.02177   0.01431  -0.0454   0.3183   1.0000
