  
       XFOIL         Version 6.99
  
 Calculated polar for: NACA 2512                                       
  
 1 1 Reynolds number fixed          Mach number fixed         
  
 xtrf =   1.000 (top)        1.000 (bottom)  
 Mach =   0.050     Re =     0.200 e 6     Ncrit =   9.000
  
   alpha    CL        CD       CDp       CM     Top_Xtr  Bot_Xtr
  ------ -------- --------- --------- -------- -------- --------
  -2.000   0.0039   0.01243   0.00631  -0.0632   0.9289   0.5598
  -1.500   0.0686   0.01180   0.00605  -0.0643   0.9152   0.6551
  -1.000   0.1283   0.01118   0.00582  -0.0637   0.9005   0.7591
  -0.500   0.1846   0.01072   0.00565  -0.0617   0.8845   0.8681
   0.000   0.2631   0.01048   0.00544  -0.0644   0.8684   0.9501
   0.500   0.3653   0.01022   0.00508  -0.0731   0.8501   0.9912
   1.000   0.4313   0.00999   0.00471  -0.0749   0.8240   1.0000
   1.500   0.4793   0.00990   0.00447  -0.0729   0.7949   1.0000
   2.000   0.5275   0.00993   0.00435  -0.0709   0.7628   1.0000
   2.500   0.5753   0.01006   0.00435  -0.0687   0.7275   1.0000
   3.000   0.6231   0.01026   0.00442  -0.0666   0.6893   1.0000
   3.500   0.6712   0.01055   0.00451  -0.0645   0.6490   1.0000
   4.000   0.7181   0.01090   0.00473  -0.0623   0.6031   1.0000
   4.500   0.7645   0.01134   0.00502  -0.0601   0.5540   1.0000
   5.000   0.8099   0.01189   0.00537  -0.0577   0.5010   1.0000
   5.500   0.8540   0.01254   0.00585  -0.0553   0.4420   1.0000
   6.000   0.8962   0.01337   0.00644  -0.0527   0.3771   1.0000
   6.500   0.9357   0.01442   0.00720  -0.0499   0.3051   1.0000
   7.000   0.9722   0.01580   0.00820  -0.0468   0.2276   1.0000
   7.500   1.0062   0.01748   0.00951  -0.0435   0.1600   1.0000
   8.000   1.0388   0.01930   0.01110  -0.0400   0.1190   1.0000
   8.500   1.0699   0.02122   0.01288  -0.0363   0.0960   1.0000
   9.000   1.1011   0.02309   0.01477  -0.0327   0.0812   1.0000
   9.500   1.1291   0.02514   0.01684  -0.0287   0.0713   1.0000
  10.000   1.1577   0.02747   0.01916  -0.0251   0.0637   1.0000
