  
       XFOIL         Version 6.99
  
 Calculated polar for: NACA 5334                                       
  
 1 1 Reynolds number fixed          Mach number fixed         
  
 xtrf =   1.000 (top)        1.000 (bottom)  
 Mach =   0.050     Re =     0.200 e 6     Ncrit =   9.000
  
   alpha    CL        CD       CDp       CM     Top_Xtr  Bot_Xtr
  ------ -------- --------- --------- -------- -------- --------
  -2.000   0.1357   0.02160   0.01258  -0.0585   0.4973   0.3491
  -1.500   0.1696   0.02120   0.01243  -0.0551   0.4877   0.4243
  -1.000   0.1808   0.02139   0.01292  -0.0475   0.4788   0.4861
  -0.500   0.2194   0.02164   0.01322  -0.0447   0.4707   0.5321
   0.000   0.2637   0.02212   0.01373  -0.0431   0.4633   0.5667
   0.500   0.2959   0.02265   0.01434  -0.0395   0.4559   0.5938
   1.000   0.3472   0.02304   0.01466  -0.0391   0.4496   0.6198
   1.500   0.3941   0.02372   0.01531  -0.0383   0.4441   0.6438
   2.000   0.4233   0.02449   0.01624  -0.0346   0.4384   0.6661
   2.500   0.4677   0.02502   0.01681  -0.0334   0.4330   0.6890
   3.000   0.5323   0.02549   0.01718  -0.0353   0.4284   0.7148
   3.500   0.5577   0.02660   0.01844  -0.0316   0.4242   0.7384
   4.000   0.5767   0.02780   0.01986  -0.0269   0.4195   0.7638
   4.500   0.6119   0.02868   0.02085  -0.0246   0.4150   0.7918
   5.000   0.6665   0.02924   0.02140  -0.0247   0.4114   0.8231
   5.500   0.7106   0.03047   0.02267  -0.0235   0.4077   0.8571
   6.000   0.6859   0.03314   0.02573  -0.0133   0.4034   0.8945
   6.500   0.6872   0.03616   0.02896  -0.0081   0.3987   0.9273
   7.000   0.7463   0.03795   0.03071  -0.0112   0.3949   0.9518
   7.500   0.8579   0.03825   0.03074  -0.0209   0.3917   0.9679
   8.000   0.5386   0.06967   0.06347  -0.0015   0.3731   0.9892
   8.500   0.6767   0.06645   0.06002  -0.0126   0.3730   0.9967
