  
       XFOIL         Version 6.99
  
 Calculated polar for: NACA 4820                                       
  
 1 1 Reynolds number fixed          Mach number fixed         
  
 xtrf =   1.000 (top)        1.000 (bottom)  
 Mach =   0.050     Re =     0.200 e 6     Ncrit =   9.000
  
   alpha    CL        CD       CDp       CM     Top_Xtr  Bot_Xtr
  ------ -------- --------- --------- -------- -------- --------
  -2.000   0.1326   0.02315   0.01641  -0.1262   0.8610   0.4328
  -1.000   0.2691   0.02130   0.01479  -0.1299   0.8328   0.4892
  -0.500   0.3377   0.02021   0.01385  -0.1314   0.8189   0.5175
   0.000   0.4126   0.01887   0.01259  -0.1338   0.8073   0.5472
   1.000   0.5941   0.01592   0.00972  -0.1446   0.7739   0.6075
   1.500   0.6888   0.01519   0.00891  -0.1513   0.7433   0.6353
   2.000   0.7713   0.01515   0.00870  -0.1557   0.7094   0.6606
   2.500   0.8215   0.01565   0.00912  -0.1540   0.6744   0.6826
   3.000   0.8752   0.01616   0.00949  -0.1529   0.6434   0.7036
   3.500   0.9158   0.01679   0.01008  -0.1494   0.6129   0.7237
   4.000   0.9591   0.01744   0.01063  -0.1464   0.5842   0.7433
   4.500   0.9980   0.01811   0.01121  -0.1424   0.5576   0.7587
   5.000   1.0362   0.01878   0.01182  -0.1385   0.5315   0.7755
   5.500   1.0728   0.01944   0.01245  -0.1345   0.5056   0.7930
   6.000   1.1095   0.02009   0.01307  -0.1306   0.4804   0.8107
   6.500   1.1449   0.02075   0.01367  -0.1266   0.4561   0.8282
   7.000   1.1792   0.02140   0.01429  -0.1225   0.4324   0.8457
   7.500   1.2116   0.02210   0.01494  -0.1182   0.4093   0.8633
   8.000   1.2427   0.02284   0.01563  -0.1139   0.3869   0.8810
   8.500   1.2721   0.02365   0.01640  -0.1093   0.3650   0.8993
   9.000   1.2991   0.02454   0.01729  -0.1046   0.3436   0.9182
   9.500   1.3211   0.02541   0.01819  -0.0990   0.3233   0.9399
  10.000   1.3399   0.02622   0.01904  -0.0933   0.3038   1.0000
