  
       XFOIL         Version 6.99
  
 Calculated polar for: NACA 5634                                       
  
 1 1 Reynolds number fixed          Mach number fixed         
  
 xtrf =   1.000 (top)        1.000 (bottom)  
 Mach =   0.050     Re =     0.200 e 6     Ncrit =   9.000
  
   alpha    CL        CD       CDp       CM     Top_Xtr  Bot_Xtr
  ------ -------- --------- --------- -------- -------- --------
  -1.500   0.1589   0.02428   0.01618  -0.0978   0.6515   0.3762
  -1.000   0.2003   0.02448   0.01626  -0.0960   0.6391   0.3877
  -0.500   0.2740   0.02375   0.01557  -0.0993   0.6294   0.4009
   0.000   0.3058   0.02431   0.01604  -0.0959   0.6162   0.4126
   0.500   0.3878   0.02360   0.01531  -0.1006   0.6070   0.4274
   1.000   0.4085   0.02450   0.01618  -0.0956   0.5936   0.4391
   1.500   0.4964   0.02386   0.01550  -0.1013   0.5846   0.4554
   2.000   0.5042   0.02511   0.01676  -0.0943   0.5713   0.4669
   2.500   0.5927   0.02457   0.01618  -0.1001   0.5626   0.4845
   3.000   0.5929   0.02607   0.01774  -0.0922   0.5498   0.4963
   3.500   0.6758   0.02566   0.01730  -0.0969   0.5414   0.5145
   4.000   0.6751   0.02736   0.01909  -0.0893   0.5292   0.5274
   4.500   0.7479   0.02715   0.01887  -0.0924   0.5210   0.5457
   5.000   0.7536   0.02893   0.02074  -0.0861   0.5096   0.5599
   5.500   0.8134   0.02904   0.02086  -0.0873   0.5013   0.5781
   6.000   0.8307   0.03069   0.02260  -0.0830   0.4910   0.5940
   6.500   0.8749   0.03131   0.02325  -0.0822   0.4822   0.6121
   7.000   0.9124   0.03239   0.02435  -0.0808   0.4735   0.6303
   7.500   0.9311   0.03403   0.02611  -0.0770   0.4638   0.6480
   8.000   1.0128   0.03343   0.02538  -0.0811   0.4570   0.6706
   8.500   0.9836   0.03721   0.02945  -0.0719   0.4460   0.6866
   9.000   1.0521   0.03677   0.02896  -0.0742   0.4394   0.7111
   9.500   1.0341   0.04068   0.03313  -0.0672   0.4291   0.7301
  10.000   1.0839   0.04108   0.03354  -0.0674   0.4219   0.7581
