  
       XFOIL         Version 6.99
  
 Calculated polar for: NACA 3534                                       
  
 1 1 Reynolds number fixed          Mach number fixed         
  
 xtrf =   1.000 (top)        1.000 (bottom)  
 Mach =   0.050     Re =     0.200 e 6     Ncrit =   9.000
  
   alpha    CL        CD       CDp       CM     Top_Xtr  Bot_Xtr
  ------ -------- --------- --------- -------- -------- --------
  -2.000   0.0910   0.02218   0.01358  -0.0718   0.6172   0.4112
  -1.500   0.1027   0.02212   0.01364  -0.0639   0.6049   0.4215
  -1.000   0.1664   0.02199   0.01339  -0.0656   0.5951   0.4356
  -0.500   0.1757   0.02203   0.01355  -0.0574   0.5835   0.4467
   0.000   0.2325   0.02193   0.01338  -0.0578   0.5737   0.4614
   0.500   0.2456   0.02204   0.01357  -0.0503   0.5629   0.4738
   1.000   0.2908   0.02202   0.01353  -0.0486   0.5530   0.4890
   1.500   0.3247   0.02222   0.01379  -0.0452   0.5431   0.5039
   2.000   0.3587   0.02246   0.01404  -0.0417   0.5329   0.5200
   2.500   0.4136   0.02257   0.01417  -0.0420   0.5239   0.5376
   3.000   0.4318   0.02319   0.01481  -0.0361   0.5134   0.5541
   3.500   0.5079   0.02303   0.01463  -0.0399   0.5050   0.5758
   4.000   0.5070   0.02399   0.01581  -0.0313   0.4948   0.5932
   4.500   0.5641   0.02409   0.01584  -0.0320   0.4864   0.6160
   5.000   0.5842   0.02499   0.01698  -0.0271   0.4770   0.6377
   5.500   0.6249   0.02539   0.01744  -0.0254   0.4682   0.6625
   6.000   0.6682   0.02599   0.01808  -0.0243   0.4599   0.6900
   6.500   0.6837   0.02714   0.01941  -0.0192   0.4505   0.7185
   7.000   0.7595   0.02690   0.01910  -0.0224   0.4433   0.7534
   7.500   0.7392   0.02915   0.02177  -0.0128   0.4337   0.7877
   8.000   0.7900   0.02933   0.02202  -0.0121   0.4265   0.8291
   8.500   0.7928   0.03137   0.02434  -0.0055   0.4179   0.8753
   9.000   0.8230   0.03276   0.02581  -0.0027   0.4098   0.9230
   9.500   0.8924   0.03404   0.02702  -0.0067   0.4021   0.9571
  10.000   0.9347   0.03732   0.03041  -0.0100   0.3924   0.9799
