  
       XFOIL         Version 6.99
  
 Calculated polar for: NACA 2426                                       
  
 1 1 Reynolds number fixed          Mach number fixed         
  
 xtrf =   1.000 (top)        1.000 (bottom)  
 Mach =   0.050     Re =     0.200 e 6     Ncrit =   9.000
  
   alpha    CL        CD       CDp       CM     Top_Xtr  Bot_Xtr
  ------ -------- --------- --------- -------- -------- --------
  -2.000   0.0115   0.01648   0.00855  -0.0500   0.6508   0.4683
  -1.500   0.0576   0.01640   0.00852  -0.0480   0.6340   0.4952
  -1.000   0.1070   0.01637   0.00848  -0.0465   0.6190   0.5244
  -0.500   0.1544   0.01634   0.00846  -0.0447   0.6037   0.5549
   0.000   0.2011   0.01637   0.00862  -0.0427   0.5890   0.5851
   0.500   0.2540   0.01647   0.00872  -0.0418   0.5758   0.6162
   1.000   0.2987   0.01655   0.00894  -0.0394   0.5617   0.6469
   1.500   0.3487   0.01676   0.00917  -0.0380   0.5492   0.6779
   2.000   0.3970   0.01690   0.00935  -0.0362   0.5364   0.7085
   2.500   0.4439   0.01718   0.00971  -0.0343   0.5240   0.7386
   3.000   0.4967   0.01742   0.00996  -0.0333   0.5121   0.7676
   3.500   0.5402   0.01778   0.01047  -0.0306   0.4998   0.7964
   4.000   0.5975   0.01823   0.01083  -0.0304   0.4885   0.8244
   4.500   0.6346   0.01865   0.01143  -0.0264   0.4765   0.8525
   5.000   0.6909   0.01925   0.01194  -0.0260   0.4654   0.8780
   5.500   0.7343   0.01984   0.01263  -0.0233   0.4534   0.9031
   6.000   0.7973   0.02064   0.01335  -0.0246   0.4419   0.9234
   6.500   0.8652   0.02139   0.01407  -0.0271   0.4295   0.9417
   7.000   0.9388   0.02234   0.01503  -0.0312   0.4168   0.9579
   7.500   1.0318   0.02313   0.01566  -0.0392   0.4041   0.9663
   8.000   1.0975   0.02381   0.01640  -0.0425   0.3913   0.9813
   8.500   1.1676   0.02455   0.01714  -0.0468   0.3789   0.9940
   9.000   1.2208   0.02500   0.01742  -0.0479   0.3680   1.0000
   9.500   1.1747   0.02539   0.01796  -0.0316   0.3606   1.0000
  10.000   1.1709   0.02581   0.01830  -0.0223   0.3521   1.0000
