  
       XFOIL         Version 6.99
  
 Calculated polar for: NACA 3136                                       
  
 1 1 Reynolds number fixed          Mach number fixed         
  
 xtrf =   1.000 (top)        1.000 (bottom)  
 Mach =   0.050     Re =     0.200 e 6     Ncrit =   9.000
  
   alpha    CL        CD       CDp       CM     Top_Xtr  Bot_Xtr
  ------ -------- --------- --------- -------- -------- --------
  -2.000   0.0142   0.02255   0.01415  -0.0155   0.5336   0.5042
  -1.500   0.0517   0.02252   0.01415  -0.0124   0.5222   0.5153
  -1.000   0.0787   0.02258   0.01410  -0.0075   0.5116   0.5274
  -0.500   0.1124   0.02256   0.01418  -0.0037   0.5004   0.5391
   0.000   0.1440   0.02270   0.01415   0.0003   0.4905   0.5521
   0.500   0.1635   0.02269   0.01434   0.0065   0.4800   0.5644
   1.000   0.2115   0.02286   0.01429   0.0074   0.4704   0.5789
   1.500   0.2239   0.02314   0.01482   0.0145   0.4602   0.5921
   2.000   0.2787   0.02325   0.01471   0.0142   0.4508   0.6081
   2.500   0.2906   0.02386   0.01559   0.0209   0.4411   0.6226
   3.000   0.3339   0.02405   0.01569   0.0223   0.4321   0.6393
   3.500   0.3590   0.02477   0.01655   0.0264   0.4227   0.6561
   4.000   0.3935   0.02518   0.01699   0.0289   0.4136   0.6736
   4.500   0.4269   0.02587   0.01766   0.0313   0.4048   0.6928
   5.000   0.4510   0.02660   0.01855   0.0351   0.3952   0.7118
   5.500   0.4828   0.02730   0.01928   0.0375   0.3855   0.7321
   6.000   0.5012   0.02824   0.02027   0.0414   0.3754   0.7544
   6.500   0.5276   0.02932   0.02146   0.0442   0.3662   0.7771
   7.000   0.5485   0.03060   0.02287   0.0474   0.3574   0.8005
   7.500   0.5793   0.03178   0.02411   0.0494   0.3494   0.8249
   8.000   0.5907   0.03368   0.02618   0.0533   0.3408   0.8510
   8.500   0.6255   0.03487   0.02734   0.0548   0.3333   0.8768
   9.000   0.6275   0.03776   0.03042   0.0589   0.3244   0.9033
   9.500   0.6674   0.03936   0.03193   0.0590   0.3166   0.9267
  10.000   0.6830   0.04310   0.03579   0.0593   0.3072   0.9479
