  
       XFOIL         Version 6.99
  
 Calculated polar for: NACA 5608                                       
  
 1 1 Reynolds number fixed          Mach number fixed         
  
 xtrf =   1.000 (top)        1.000 (bottom)  
 Mach =   0.050     Re =     0.200 e 6     Ncrit =   9.000
  
   alpha    CL        CD       CDp       CM     Top_Xtr  Bot_Xtr
  ------ -------- --------- --------- -------- -------- --------
  -2.000   0.2840   0.01983   0.01281  -0.1522   0.9477   0.2398
  -1.500   0.3655   0.01961   0.01299  -0.1580   0.9443   0.3880
  -1.000   0.4164   0.01965   0.01334  -0.1576   0.9345   0.5014
  -0.500   0.4867   0.01971   0.01366  -0.1606   0.9293   0.6159
   0.000   0.5416   0.01972   0.01390  -0.1605   0.9200   0.7081
   0.500   0.5884   0.01927   0.01394  -0.1582   0.9103   1.0000
   1.000   0.6642   0.01927   0.01380  -0.1622   0.9042   1.0000
   1.500   0.7213   0.01947   0.01398  -0.1626   0.8928   1.0000
   2.500   0.8639   0.01874   0.01337  -0.1677   0.8761   1.0000
   3.000   0.9276   0.01818   0.01294  -0.1684   0.8637   1.0000
   3.500   1.0053   0.01641   0.01138  -0.1705   0.8506   1.0000
   4.000   1.0890   0.01285   0.00797  -0.1713   0.8182   1.0000
   4.500   1.1411   0.01187   0.00708  -0.1683   0.7635   1.0000
   5.000   1.1802   0.01238   0.00661  -0.1627   0.5558   1.0000
   5.500   1.1708   0.01612   0.00856  -0.1504   0.2632   1.0000
   6.000   1.1717   0.02021   0.01131  -0.1410   0.0719   1.0000
   6.500   1.1947   0.02273   0.01381  -0.1351   0.0520   1.0000
   7.000   1.2201   0.02588   0.01697  -0.1298   0.0427   1.0000
   7.500   1.2592   0.02805   0.01932  -0.1267   0.0363   1.0000
   8.000   1.3301   0.03339   0.02485  -0.1292   0.0316   1.0000
   8.500   1.3794   0.03732   0.02932  -0.1275   0.0286   1.0000
   9.000   1.4212   0.04449   0.03733  -0.1243   0.0285   1.0000
   9.500   1.4349   0.05376   0.04751  -0.1174   0.0304   1.0000
  10.000   1.4280   0.06263   0.05709  -0.1091   0.0314   1.0000
