  
       XFOIL         Version 6.99
  
 Calculated polar for: NACA 4526                                       
  
 1 1 Reynolds number fixed          Mach number fixed         
  
 xtrf =   1.000 (top)        1.000 (bottom)  
 Mach =   0.050     Re =     0.200 e 6     Ncrit =   9.000
  
   alpha    CL        CD       CDp       CM     Top_Xtr  Bot_Xtr
  ------ -------- --------- --------- -------- -------- --------
  -2.000   0.2354   0.01825   0.01016  -0.1082   0.6981   0.3873
  -1.500   0.2766   0.01825   0.01022  -0.1054   0.6840   0.4063
  -1.000   0.3366   0.01804   0.01000  -0.1060   0.6726   0.4282
  -0.500   0.3828   0.01794   0.00997  -0.1041   0.6590   0.4496
   0.000   0.4316   0.01793   0.01001  -0.1027   0.6463   0.4726
   0.500   0.4900   0.01780   0.00986  -0.1030   0.6344   0.4983
   1.000   0.5300   0.01791   0.01008  -0.1001   0.6208   0.5233
   1.500   0.5890   0.01790   0.01006  -0.1005   0.6092   0.5527
   2.000   0.6290   0.01798   0.01026  -0.0975   0.5959   0.5820
   2.500   0.6755   0.01814   0.01050  -0.0957   0.5836   0.6151
   3.000   0.7281   0.01819   0.01056  -0.0950   0.5716   0.6530
   3.500   0.7620   0.01843   0.01102  -0.0909   0.5587   0.6921
   4.000   0.8192   0.01854   0.01117  -0.0909   0.5475   0.7418
   4.500   0.8393   0.01877   0.01170  -0.0839   0.5349   0.7974
   5.000   0.8793   0.01912   0.01221  -0.0803   0.5236   0.8678
   5.500   0.9343   0.01969   0.01281  -0.0798   0.5113   0.9430
   6.000   1.0181   0.02068   0.01378  -0.0863   0.4975   0.9906
   6.500   1.0814   0.02109   0.01398  -0.0889   0.4859   1.0000
   7.000   1.0772   0.02161   0.01447  -0.0790   0.4746   1.0000
   7.500   1.1109   0.02226   0.01501  -0.0758   0.4637   1.0000
   8.000   1.1398   0.02299   0.01567  -0.0720   0.4523   1.0000
   8.500   1.1651   0.02406   0.01673  -0.0679   0.4409   1.0000
   9.000   1.2148   0.02463   0.01710  -0.0675   0.4302   1.0000
   9.500   1.2230   0.02622   0.01882  -0.0614   0.4186   1.0000
  10.000   1.2631   0.02715   0.01963  -0.0599   0.4081   1.0000
  -2.000   0.2354   0.01825   0.01016  -0.1082   0.6981   0.3873
  -1.500   0.2766   0.01825   0.01022  -0.1054   0.6840   0.4063
  -1.000   0.3366   0.01804   0.01000  -0.1060   0.6726   0.4282
  -0.500   0.3828   0.01794   0.00997  -0.1041   0.6590   0.4496
   0.000   0.4316   0.01793   0.01001  -0.1027   0.6463   0.4726
   0.500   0.4900   0.01780   0.00986  -0.1030   0.6344   0.4983
   1.000   0.5300   0.01791   0.01008  -0.1001   0.6208   0.5233
   1.500   0.5890   0.01790   0.01006  -0.1005   0.6092   0.5527
   2.000   0.6290   0.01798   0.01026  -0.0975   0.5959   0.5820
   2.500   0.6755   0.01814   0.01050  -0.0957   0.5836   0.6151
   3.000   0.7281   0.01819   0.01056  -0.0950   0.5716   0.6530
   3.500   0.7620   0.01843   0.01102  -0.0909   0.5587   0.6921
   4.000   0.8192   0.01854   0.01117  -0.0909   0.5475   0.7418
   4.500   0.8393   0.01877   0.01170  -0.0839   0.5349   0.7974
   5.000   0.8793   0.01912   0.01221  -0.0803   0.5236   0.8678
   5.500   0.9343   0.01969   0.01281  -0.0798   0.5113   0.9430
   6.000   1.0181   0.02068   0.01378  -0.0863   0.4975   0.9906
   6.500   1.0814   0.02109   0.01398  -0.0889   0.4859   1.0000
   7.000   1.0772   0.02161   0.01447  -0.0790   0.4746   1.0000
   7.500   1.1109   0.02226   0.01501  -0.0758   0.4637   1.0000
   8.000   1.1398   0.02299   0.01567  -0.0720   0.4523   1.0000
   8.500   1.1651   0.02406   0.01673  -0.0679   0.4409   1.0000
   9.000   1.2148   0.02463   0.01710  -0.0675   0.4302   1.0000
   9.500   1.2230   0.02622   0.01882  -0.0614   0.4186   1.0000
  10.000   1.2631   0.02715   0.01963  -0.0599   0.4081   1.0000
  -2.000   0.2354   0.01825   0.01016  -0.1082   0.6981   0.3873
  -1.500   0.2766   0.01825   0.01022  -0.1054   0.6840   0.4063
  -1.000   0.3366   0.01804   0.01000  -0.1060   0.6726   0.4282
  -0.500   0.3828   0.01794   0.00997  -0.1041   0.6590   0.4496
   0.000   0.4316   0.01793   0.01001  -0.1027   0.6463   0.4726
   0.500   0.4900   0.01780   0.00986  -0.1030   0.6344   0.4983
   1.000   0.5300   0.01791   0.01008  -0.1001   0.6208   0.5233
   1.500   0.5890   0.01790   0.01006  -0.1005   0.6092   0.5527
   2.000   0.6290   0.01798   0.01026  -0.0975   0.5959   0.5820
   2.500   0.6755   0.01814   0.01050  -0.0957   0.5836   0.6151
   3.000   0.7281   0.01819   0.01056  -0.0950   0.5716   0.6530
   3.500   0.7620   0.01843   0.01102  -0.0909   0.5587   0.6921
   4.000   0.8192   0.01854   0.01117  -0.0909   0.5475   0.7418
   4.500   0.8393   0.01877   0.01170  -0.0839   0.5349   0.7974
   5.000   0.8793   0.01912   0.01221  -0.0803   0.5236   0.8678
   5.500   0.9343   0.01969   0.01281  -0.0798   0.5113   0.9430
   6.000   1.0181   0.02068   0.01378  -0.0863   0.4975   0.9906
   6.500   1.0814   0.02109   0.01398  -0.0889   0.4859   1.0000
   7.000   1.0772   0.02161   0.01447  -0.0790   0.4746   1.0000
   7.500   1.1109   0.02226   0.01501  -0.0758   0.4637   1.0000
   8.000   1.1398   0.02299   0.01567  -0.0720   0.4523   1.0000
   8.500   1.1651   0.02406   0.01673  -0.0679   0.4409   1.0000
   9.000   1.2148   0.02463   0.01710  -0.0675   0.4302   1.0000
   9.500   1.2230   0.02622   0.01882  -0.0614   0.4186   1.0000
  10.000   1.2631   0.02715   0.01963  -0.0599   0.4081   1.0000
