  
       XFOIL         Version 6.99
  
 Calculated polar for: NACA 6432                                       
  
 1 1 Reynolds number fixed          Mach number fixed         
  
 xtrf =   1.000 (top)        1.000 (bottom)  
 Mach =   0.050     Re =     0.200 e 6     Ncrit =   9.000
  
   alpha    CL        CD       CDp       CM     Top_Xtr  Bot_Xtr
  ------ -------- --------- --------- -------- -------- --------
  -2.000   0.3261   0.02313   0.01378  -0.1126   0.5663   0.2973
  -1.500   0.3482   0.02317   0.01398  -0.1070   0.5587   0.3092
  -1.000   0.3808   0.02336   0.01410  -0.1032   0.5513   0.3228
  -0.500   0.4481   0.02322   0.01397  -0.1059   0.5452   0.3426
   0.000   0.4673   0.02358   0.01449  -0.1000   0.5384   0.3585
   0.500   0.4990   0.02401   0.01495  -0.0965   0.5316   0.3780
   1.000   0.5604   0.02390   0.01490  -0.0981   0.5260   0.4069
   1.500   0.5986   0.02439   0.01560  -0.0959   0.5201   0.4395
   2.000   0.6113   0.02525   0.01680  -0.0896   0.5135   0.4781
   2.500   0.6604   0.02540   0.01719  -0.0892   0.5079   0.5449
   3.000   0.7416   0.02534   0.01726  -0.0937   0.5029   0.6292
   3.500   0.7142   0.02733   0.01973  -0.0815   0.4963   0.6779
   4.000   0.7377   0.02834   0.02099  -0.0771   0.4901   0.7371
   4.500   0.8063   0.02812   0.02082  -0.0787   0.4857   0.8036
   5.000   0.8058   0.03018   0.02319  -0.0707   0.4799   0.8671
   5.500   0.7826   0.03379   0.02714  -0.0614   0.4716   0.9398
   6.000   0.9027   0.03356   0.02667  -0.0726   0.4676   0.9854
   6.500   0.9987   0.03447   0.02740  -0.0816   0.4629   1.0000
   7.000   0.8039   0.04432   0.03771  -0.0535   0.4493   1.0000
   7.500   0.9018   0.04205   0.03515  -0.0585   0.4477   1.0000
