  
       XFOIL         Version 6.99
  
 Calculated polar for: NACA 2626                                       
  
 1 1 Reynolds number fixed          Mach number fixed         
  
 xtrf =   1.000 (top)        1.000 (bottom)  
 Mach =   0.050     Re =     0.200 e 6     Ncrit =   9.000
  
   alpha    CL        CD       CDp       CM     Top_Xtr  Bot_Xtr
  ------ -------- --------- --------- -------- -------- --------
  -2.000   0.0295   0.01688   0.00928  -0.0649   0.7278   0.4623
  -1.500   0.0857   0.01665   0.00896  -0.0646   0.7092   0.4816
  -1.000   0.1346   0.01646   0.00884  -0.0629   0.6888   0.5001
  -0.500   0.1835   0.01635   0.00875  -0.0612   0.6685   0.5190
   0.000   0.2322   0.01631   0.00870  -0.0595   0.6486   0.5389
   0.500   0.2811   0.01635   0.00868  -0.0579   0.6290   0.5595
   1.000   0.3307   0.01645   0.00876  -0.0565   0.6101   0.5804
   1.500   0.3813   0.01655   0.00887  -0.0552   0.5918   0.6012
   2.000   0.4334   0.01670   0.00897  -0.0542   0.5739   0.6226
   2.500   0.4773   0.01684   0.00914  -0.0517   0.5560   0.6445
   3.000   0.5200   0.01706   0.00938  -0.0491   0.5387   0.6674
   3.500   0.5658   0.01732   0.00965  -0.0471   0.5223   0.6911
   4.000   0.6147   0.01757   0.00990  -0.0456   0.5065   0.7154
   4.500   0.6532   0.01779   0.01021  -0.0421   0.4906   0.7406
   5.000   0.6896   0.01808   0.01062  -0.0384   0.4753   0.7676
   5.500   0.7305   0.01843   0.01099  -0.0354   0.4610   0.7972
   6.000   0.7672   0.01878   0.01138  -0.0317   0.4466   0.8304
   6.500   0.7966   0.01932   0.01210  -0.0266   0.4324   0.8677
   7.000   0.8351   0.01995   0.01275  -0.0231   0.4190   0.9114
   7.500   0.8943   0.02082   0.01354  -0.0240   0.4043   0.9492
   8.000   0.9632   0.02198   0.01475  -0.0280   0.3884   0.9782
   8.500   1.0467   0.02323   0.01596  -0.0351   0.3722   0.9953
   9.000   1.0647   0.02366   0.01624  -0.0302   0.3610   1.0000
   9.500   1.0659   0.02429   0.01684  -0.0220   0.3501   1.0000
  10.000   1.0870   0.02529   0.01778  -0.0174   0.3386   1.0000
