  
       XFOIL         Version 6.99
  
 Calculated polar for: NACA 1716                                       
  
 1 1 Reynolds number fixed          Mach number fixed         
  
 xtrf =   1.000 (top)        1.000 (bottom)  
 Mach =   0.050     Re =     0.200 e 6     Ncrit =   9.000
  
   alpha    CL        CD       CDp       CM     Top_Xtr  Bot_Xtr
  ------ -------- --------- --------- -------- -------- --------
  -2.000  -0.1155   0.01381   0.00751  -0.0383   0.9081   0.5740
  -1.500  -0.0463   0.01322   0.00707  -0.0400   0.8928   0.6150
  -1.000   0.0202   0.01262   0.00663  -0.0408   0.8755   0.6540
  -0.500   0.0838   0.01208   0.00621  -0.0409   0.8548   0.6907
   0.000   0.1443   0.01164   0.00585  -0.0404   0.8289   0.7255
   0.500   0.2013   0.01134   0.00556  -0.0393   0.7959   0.7599
   1.000   0.2558   0.01121   0.00541  -0.0376   0.7577   0.7925
   1.500   0.3071   0.01124   0.00539  -0.0355   0.7157   0.8243
   2.000   0.3564   0.01141   0.00546  -0.0330   0.6739   0.8576
   2.500   0.4057   0.01169   0.00565  -0.0305   0.6332   0.8881
   3.000   0.4580   0.01204   0.00588  -0.0287   0.5929   0.9191
   3.500   0.5225   0.01251   0.00618  -0.0298   0.5510   0.9452
   4.000   0.5970   0.01304   0.00651  -0.0334   0.5073   0.9670
   4.500   0.6834   0.01358   0.00689  -0.0398   0.4591   0.9821
   5.000   0.7698   0.01415   0.00725  -0.0465   0.4109   0.9968
   5.500   0.8066   0.01453   0.00748  -0.0439   0.3742   1.0000
   6.000   0.8300   0.01498   0.00776  -0.0382   0.3413   1.0000
   6.500   0.8587   0.01556   0.00821  -0.0332   0.3077   1.0000
   7.000   0.8903   0.01628   0.00879  -0.0289   0.2745   1.0000
   7.500   0.9240   0.01714   0.00951  -0.0250   0.2425   1.0000
   8.000   0.9577   0.01815   0.01038  -0.0213   0.2133   1.0000
   8.500   0.9899   0.01930   0.01138  -0.0175   0.1875   1.0000
   9.000   1.0210   0.02049   0.01252  -0.0135   0.1653   1.0000
   9.500   1.0492   0.02182   0.01380  -0.0093   0.1473   1.0000
  10.000   1.0767   0.02337   0.01528  -0.0054   0.1323   1.0000
