  
       XFOIL         Version 6.99
  
 Calculated polar for: NACA 2220                                       
  
 1 1 Reynolds number fixed          Mach number fixed         
  
 xtrf =   1.000 (top)        1.000 (bottom)  
 Mach =   0.050     Re =     0.200 e 6     Ncrit =   9.000
  
   alpha    CL        CD       CDp       CM     Top_Xtr  Bot_Xtr
  ------ -------- --------- --------- -------- -------- --------
  -2.000  -0.0224   0.01301   0.00641  -0.0326   0.7169   0.6194
  -1.500   0.0292   0.01291   0.00634  -0.0309   0.6893   0.6516
  -1.000   0.0801   0.01291   0.00625  -0.0292   0.6623   0.6876
  -0.500   0.1318   0.01296   0.00630  -0.0274   0.6350   0.7220
   0.000   0.1808   0.01306   0.00641  -0.0252   0.6054   0.7594
   0.500   0.2319   0.01323   0.00650  -0.0234   0.5764   0.7903
   1.000   0.2813   0.01346   0.00662  -0.0215   0.5483   0.8221
   1.500   0.3322   0.01380   0.00690  -0.0196   0.5184   0.8502
   2.000   0.3842   0.01429   0.00722  -0.0180   0.4891   0.8770
   2.500   0.4385   0.01486   0.00767  -0.0170   0.4599   0.9022
   3.000   0.4998   0.01555   0.00817  -0.0177   0.4324   0.9237
   3.500   0.5747   0.01637   0.00873  -0.0214   0.4071   0.9391
   4.000   0.6576   0.01720   0.00933  -0.0270   0.3856   0.9518
   4.500   0.7381   0.01789   0.00989  -0.0323   0.3678   0.9656
   5.000   0.8197   0.01853   0.01049  -0.0381   0.3534   0.9787
   5.500   0.9066   0.01921   0.01106  -0.0450   0.3409   0.9891
   6.000   0.9926   0.01982   0.01154  -0.0520   0.3301   0.9987
   6.500   1.0301   0.02033   0.01210  -0.0495   0.3225   1.0000
   7.000   1.0591   0.02080   0.01257  -0.0453   0.3155   1.0000
   7.500   1.0945   0.02159   0.01323  -0.0422   0.3089   1.0000
   8.000   1.1175   0.02216   0.01396  -0.0367   0.3028   1.0000
   8.500   1.1470   0.02279   0.01458  -0.0324   0.2965   1.0000
   9.000   1.1843   0.02379   0.01552  -0.0296   0.2903   1.0000
   9.500   1.2049   0.02452   0.01642  -0.0237   0.2843   1.0000
  10.000   1.2379   0.02528   0.01715  -0.0201   0.2781   1.0000
