  
       XFOIL         Version 6.99
  
 Calculated polar for: NACA 8738                                       
  
 1 1 Reynolds number fixed          Mach number fixed         
  
 xtrf =   1.000 (top)        1.000 (bottom)  
 Mach =   0.050     Re =     0.200 e 6     Ncrit =   9.000
  
   alpha    CL        CD       CDp       CM     Top_Xtr  Bot_Xtr
  ------ -------- --------- --------- -------- -------- --------
  -2.000   0.1617   0.03555   0.02773  -0.1513   0.6551   0.3222
  -1.500   0.2744   0.03353   0.02556  -0.1613   0.6520   0.3337
  -1.000   0.2785   0.03552   0.02757  -0.1554   0.6352   0.3403
  -0.500   0.3831   0.03381   0.02583  -0.1638   0.6307   0.3516
   0.000   0.3842   0.03629   0.02831  -0.1575   0.6151   0.3587
   0.500   0.4787   0.03478   0.02678  -0.1644   0.6094   0.3702
   1.000   0.4895   0.03705   0.02913  -0.1595   0.5964   0.3785
   1.500   0.5627   0.03649   0.02846  -0.1636   0.5886   0.3900
   2.000   0.6691   0.03504   0.02689  -0.1723   0.5833   0.4036
   2.500   0.6375   0.03899   0.03097  -0.1613   0.5685   0.4099
   3.000   0.7280   0.03769   0.02964  -0.1675   0.5628   0.4234
   3.500   0.7152   0.04135   0.03348  -0.1596   0.5500   0.4316
   4.000   0.7837   0.04107   0.03310  -0.1629   0.5429   0.4448
   4.500   0.8854   0.03956   0.03146  -0.1706   0.5377   0.4602
   5.000   0.8300   0.04542   0.03758  -0.1573   0.5236   0.4663
   5.500   0.9165   0.04409   0.03620  -0.1627   0.5184   0.4813
   6.000   0.8793   0.04988   0.04224  -0.1525   0.5055   0.4890
   6.500   0.9415   0.04998   0.04222  -0.1550   0.4991   0.5033
   7.000   1.0373   0.04799   0.04016  -0.1611   0.4948   0.5205
   7.500   0.9466   0.05771   0.05028  -0.1458   0.4791   0.5250
   8.000   1.0399   0.05548   0.04791  -0.1514   0.4756   0.5426
   9.000   1.0225   0.06555   0.05827  -0.1411   0.4553   0.5636
   9.500   1.1269   0.06205   0.05464  -0.1471   0.4531   0.5820
