  
       XFOIL         Version 6.99
  
 Calculated polar for: NACA 3830                                       
  
 1 1 Reynolds number fixed          Mach number fixed         
  
 xtrf =   1.000 (top)        1.000 (bottom)  
 Mach =   0.050     Re =     0.200 e 6     Ncrit =   9.000
  
   alpha    CL        CD       CDp       CM     Top_Xtr  Bot_Xtr
  ------ -------- --------- --------- -------- -------- --------
  -2.000   0.1073   0.01871   0.01089  -0.0974   0.6927   0.4389
  -1.500   0.1690   0.01861   0.01076  -0.0987   0.6741   0.4530
  -1.000   0.2287   0.01862   0.01057  -0.0997   0.6556   0.4683
  -0.500   0.2632   0.01866   0.01076  -0.0956   0.6371   0.4816
   0.000   0.3162   0.01873   0.01073  -0.0953   0.6202   0.4972
   0.500   0.3775   0.01886   0.01079  -0.0964   0.6037   0.5132
   1.000   0.4105   0.01903   0.01105  -0.0922   0.5871   0.5277
   1.500   0.4650   0.01930   0.01123  -0.0922   0.5719   0.5446
   2.000   0.5125   0.01950   0.01148  -0.0907   0.5565   0.5603
   2.500   0.5568   0.01987   0.01184  -0.0888   0.5416   0.5775
   3.000   0.6166   0.02018   0.01209  -0.0896   0.5275   0.5948
   3.500   0.6479   0.02061   0.01266  -0.0853   0.5134   0.6111
   4.000   0.7009   0.02108   0.01304  -0.0851   0.5001   0.6297
   4.500   0.7376   0.02155   0.01365  -0.0817   0.4868   0.6460
   5.000   0.7838   0.02212   0.01419  -0.0803   0.4741   0.6644
   5.500   0.8245   0.02270   0.01480  -0.0778   0.4617   0.6819
   6.000   0.8624   0.02343   0.01562  -0.0749   0.4495   0.6985
   6.500   0.9084   0.02407   0.01615  -0.0736   0.4377   0.7176
   7.000   0.9359   0.02501   0.01728  -0.0689   0.4263   0.7321
   7.500   0.9815   0.02568   0.01785  -0.0675   0.4151   0.7494
   8.000   1.0046   0.02683   0.01917  -0.0625   0.4042   0.7654
   8.500   1.0467   0.02757   0.01981  -0.0605   0.3937   0.7805
   9.000   1.0682   0.02889   0.02128  -0.0560   0.3832   0.7977
   9.500   1.1070   0.02968   0.02198  -0.0536   0.3733   0.8137
  10.000   1.1217   0.03112   0.02361  -0.0482   0.3635   0.8291
