  
       XFOIL         Version 6.99
  
 Calculated polar for: NACA 1622                                       
  
 1 1 Reynolds number fixed          Mach number fixed         
  
 xtrf =   1.000 (top)        1.000 (bottom)  
 Mach =   0.050     Re =     0.200 e 6     Ncrit =   9.000
  
   alpha    CL        CD       CDp       CM     Top_Xtr  Bot_Xtr
  ------ -------- --------- --------- -------- -------- --------
  -2.000  -0.0812   0.01471   0.00764  -0.0379   0.7781   0.5150
  -1.500  -0.0282   0.01446   0.00739  -0.0368   0.7547   0.5393
  -1.000   0.0244   0.01427   0.00721  -0.0355   0.7303   0.5641
  -0.500   0.0766   0.01415   0.00707  -0.0342   0.7053   0.5894
   0.000   0.1286   0.01409   0.00698  -0.0329   0.6802   0.6150
   0.500   0.1805   0.01406   0.00693  -0.0315   0.6553   0.6409
   1.000   0.2324   0.01408   0.00695  -0.0302   0.6308   0.6669
   1.500   0.2840   0.01416   0.00702  -0.0288   0.6067   0.6934
   2.000   0.3351   0.01431   0.00716  -0.0273   0.5832   0.7204
   2.500   0.3842   0.01449   0.00737  -0.0254   0.5598   0.7483
   3.000   0.4325   0.01471   0.00761  -0.0234   0.5370   0.7773
   3.500   0.4798   0.01497   0.00788  -0.0212   0.5149   0.8075
   4.000   0.5271   0.01529   0.00823  -0.0189   0.4932   0.8367
   4.500   0.5745   0.01571   0.00867  -0.0166   0.4720   0.8657
   5.000   0.6224   0.01622   0.00916  -0.0144   0.4511   0.8951
   5.500   0.6734   0.01681   0.00970  -0.0130   0.4303   0.9232
   6.000   0.7395   0.01756   0.01040  -0.0148   0.4081   0.9439
   6.500   0.8154   0.01838   0.01116  -0.0191   0.3850   0.9607
   7.000   0.9000   0.01923   0.01194  -0.0254   0.3614   0.9736
   7.500   0.9822   0.02007   0.01267  -0.0316   0.3387   0.9870
   8.000   1.0635   0.02093   0.01340  -0.0378   0.3166   0.9992
   8.500   1.0543   0.02117   0.01367  -0.0270   0.3042   1.0000
   9.000   1.0418   0.02152   0.01393  -0.0152   0.2931   1.0000
   9.500   1.0438   0.02212   0.01445  -0.0063   0.2805   1.0000
  10.000   1.0539   0.02297   0.01532   0.0008   0.2671   1.0000
