  
       XFOIL         Version 6.99
  
 Calculated polar for: NACA 6218                                       
  
 1 1 Reynolds number fixed          Mach number fixed         
  
 xtrf =   1.000 (top)        1.000 (bottom)  
 Mach =   0.050     Re =     0.200 e 6     Ncrit =   9.000
  
   alpha    CL        CD       CDp       CM     Top_Xtr  Bot_Xtr
  ------ -------- --------- --------- -------- -------- --------
  -2.000   0.3880   0.02342   0.01523  -0.0974   0.5645   0.0823
  -1.500   0.4332   0.02148   0.01274  -0.0945   0.5221   0.0814
  -1.000   0.4753   0.02043   0.01105  -0.0912   0.4724   0.0849
  -0.500   0.5141   0.01998   0.01028  -0.0879   0.4197   0.0892
   0.000   0.5543   0.01977   0.00969  -0.0848   0.3828   0.0958
   0.500   0.5974   0.01984   0.00945  -0.0823   0.3605   0.1038
   1.000   0.6430   0.01971   0.00926  -0.0805   0.3458   0.1139
   1.500   0.6903   0.01977   0.00921  -0.0791   0.3360   0.1272
   2.000   0.7384   0.01969   0.00919  -0.0780   0.3283   0.1462
   2.500   0.7909   0.01998   0.00928  -0.0778   0.3220   0.1854
   4.000   0.9568   0.02015   0.01113  -0.0782   0.3082   1.0000
   4.500   1.0133   0.02122   0.01193  -0.0789   0.3043   1.0000
   5.000   1.0620   0.02208   0.01276  -0.0782   0.3019   1.0000
   5.500   1.1097   0.02295   0.01364  -0.0773   0.2993   1.0000
   6.000   1.1580   0.02391   0.01459  -0.0766   0.2967   1.0000
   6.500   1.2065   0.02493   0.01559  -0.0761   0.2941   1.0000
   7.000   1.2556   0.02596   0.01657  -0.0757   0.2914   1.0000
   7.500   1.3081   0.02721   0.01775  -0.0761   0.2890   1.0000
   8.000   1.3644   0.02918   0.01969  -0.0775   0.2866   1.0000
   8.500   1.4026   0.03048   0.02115  -0.0756   0.2853   1.0000
   9.000   1.4383   0.03200   0.02286  -0.0734   0.2837   1.0000
   9.500   1.4700   0.03364   0.02469  -0.0708   0.2817   1.0000
  10.000   1.4986   0.03539   0.02661  -0.0679   0.2796   1.0000
