  
       XFOIL         Version 6.99
  
 Calculated polar for: NACA 6238                                       
  
 1 1 Reynolds number fixed          Mach number fixed         
  
 xtrf =   1.000 (top)        1.000 (bottom)  
 Mach =   0.050     Re =     0.200 e 6     Ncrit =   9.000
  
   alpha    CL        CD       CDp       CM     Top_Xtr  Bot_Xtr
  ------ -------- --------- --------- -------- -------- --------
  -2.000   0.0601   0.02373   0.01551  -0.0216   0.4743   0.4567
  -1.500   0.0904   0.02395   0.01564  -0.0178   0.4631   0.4885
  -1.000   0.1007   0.02467   0.01644  -0.0113   0.4509   0.5087
  -0.500   0.1331   0.02515   0.01678  -0.0083   0.4393   0.5290
   0.000   0.1538   0.02592   0.01755  -0.0040   0.4270   0.5468
   0.500   0.1761   0.02682   0.01849  -0.0002   0.4145   0.5635
   1.000   0.2088   0.02757   0.01907   0.0021   0.4027   0.5825
   1.500   0.2299   0.02868   0.02026   0.0056   0.3904   0.5991
   2.000   0.2529   0.02996   0.02153   0.0084   0.3785   0.6162
   2.500   0.2879   0.03092   0.02237   0.0098   0.3680   0.6354
   3.000   0.3082   0.03246   0.02402   0.0126   0.3577   0.6548
   3.500   0.3409   0.03371   0.02523   0.0139   0.3491   0.6763
   4.000   0.3701   0.03513   0.02668   0.0154   0.3415   0.6992
   4.500   0.4098   0.03618   0.02776   0.0161   0.3353   0.7251
   5.000   0.4318   0.03809   0.02986   0.0182   0.3294   0.7521
   5.500   0.4721   0.03911   0.03088   0.0187   0.3247   0.7804
   6.000   0.5090   0.04046   0.03228   0.0194   0.3205   0.8089
   6.500   0.5181   0.04328   0.03535   0.0225   0.3161   0.8398
   7.000   0.5443   0.04522   0.03740   0.0244   0.3125   0.8738
   7.500   0.5897   0.04636   0.03848   0.0245   0.3096   0.9080
   8.000   0.6386   0.04836   0.04043   0.0230   0.3069   0.9376
   8.500   0.6314   0.05538   0.04781   0.0227   0.3037   0.9575
   9.000   0.6103   0.06496   0.05774   0.0212   0.2999   0.9718
   9.500   0.6330   0.07214   0.06503   0.0157   0.2966   0.9812
  10.000   0.7198   0.07364   0.06635   0.0073   0.2948   0.9898
