  
       XFOIL         Version 6.99
  
 Calculated polar for: NACA 2710                                       
  
 1 1 Reynolds number fixed          Mach number fixed         
  
 xtrf =   1.000 (top)        1.000 (bottom)  
 Mach =   0.050     Re =     0.200 e 6     Ncrit =   9.000
  
   alpha    CL        CD       CDp       CM     Top_Xtr  Bot_Xtr
  ------ -------- --------- --------- -------- -------- --------
  -2.000  -0.1052   0.01276   0.00665  -0.0504   1.0000   0.5685
  -1.500  -0.0540   0.01290   0.00706  -0.0498   1.0000   0.6487
  -1.000   0.0232   0.01320   0.00753  -0.0542   0.9917   0.7239
  -0.500   0.1016   0.01334   0.00784  -0.0587   0.9803   0.7866
   0.000   0.1743   0.01323   0.00794  -0.0616   0.9669   0.8475
   0.500   0.2412   0.01284   0.00779  -0.0627   0.9510   0.9423
   1.000   0.3285   0.01251   0.00745  -0.0692   0.9347   1.0000
   1.500   0.4139   0.01199   0.00696  -0.0746   0.9182   1.0000
   2.000   0.4991   0.01112   0.00617  -0.0793   0.9005   1.0000
   2.500   0.5676   0.01022   0.00534  -0.0802   0.8706   1.0000
   3.000   0.6296   0.00954   0.00469  -0.0797   0.8143   1.0000
   3.500   0.6951   0.00945   0.00414  -0.0798   0.6933   1.0000
   4.000   0.7409   0.01042   0.00449  -0.0771   0.5715   1.0000
   4.500   0.7821   0.01153   0.00507  -0.0740   0.4537   1.0000
   5.000   0.8214   0.01288   0.00579  -0.0710   0.3217   1.0000
   5.500   0.8590   0.01475   0.00688  -0.0681   0.1780   1.0000
   6.000   0.8983   0.01678   0.00841  -0.0655   0.1041   1.0000
   6.500   0.9394   0.01865   0.01018  -0.0629   0.0777   1.0000
   7.000   0.9815   0.02058   0.01210  -0.0605   0.0635   1.0000
   7.500   1.0243   0.02283   0.01441  -0.0583   0.0542   1.0000
   8.000   1.0694   0.02592   0.01750  -0.0567   0.0478   1.0000
   8.500   1.1138   0.02808   0.01998  -0.0547   0.0427   1.0000
   9.000   1.1581   0.03291   0.02499  -0.0534   0.0393   1.0000
   9.500   1.1909   0.03622   0.02901  -0.0496   0.0367   1.0000
  10.000   1.2169   0.04077   0.03413  -0.0456   0.0346   1.0000
