  
       XFOIL         Version 6.99
  
 Calculated polar for: NACA 3330                                       
  
 1 1 Reynolds number fixed          Mach number fixed         
  
 xtrf =   1.000 (top)        1.000 (bottom)  
 Mach =   0.050     Re =     0.200 e 6     Ncrit =   9.000
  
   alpha    CL        CD       CDp       CM     Top_Xtr  Bot_Xtr
  ------ -------- --------- --------- -------- -------- --------
  -2.000   0.0480   0.01810   0.01003  -0.0470   0.5584   0.5120
  -1.500   0.0883   0.01824   0.01013  -0.0439   0.5435   0.5387
  -1.000   0.1341   0.01839   0.01020  -0.0419   0.5291   0.5635
  -0.500   0.1717   0.01855   0.01047  -0.0384   0.5156   0.5854
   0.000   0.2230   0.01881   0.01063  -0.0375   0.5038   0.6073
   0.500   0.2588   0.01896   0.01084  -0.0338   0.4921   0.6282
   1.000   0.3131   0.01935   0.01105  -0.0336   0.4822   0.6502
   1.500   0.3494   0.01957   0.01147  -0.0300   0.4725   0.6705
   2.000   0.4023   0.01986   0.01170  -0.0295   0.4638   0.6918
   2.500   0.4431   0.02031   0.01223  -0.0270   0.4560   0.7151
   3.000   0.4809   0.02063   0.01260  -0.0238   0.4482   0.7398
   3.500   0.5452   0.02124   0.01311  -0.0254   0.4409   0.7670
   4.000   0.5693   0.02172   0.01384  -0.0198   0.4347   0.7912
   4.500   0.6071   0.02223   0.01445  -0.0167   0.4279   0.8152
   5.000   0.6667   0.02282   0.01497  -0.0175   0.4219   0.8391
   5.500   0.6987   0.02376   0.01605  -0.0136   0.4161   0.8649
   6.000   0.7277   0.02470   0.01711  -0.0093   0.4098   0.8923
   6.500   0.7865   0.02552   0.01786  -0.0101   0.4042   0.9147
   7.000   0.8517   0.02679   0.01907  -0.0127   0.3983   0.9343
   7.500   0.8933   0.02844   0.02089  -0.0124   0.3920   0.9543
   8.000   0.9855   0.02956   0.02191  -0.0208   0.3856   0.9618
   8.500   1.0748   0.03075   0.02297  -0.0282   0.3799   0.9732
   9.000   1.1136   0.03293   0.02540  -0.0297   0.3734   0.9873
   9.500   1.1919   0.03396   0.02640  -0.0363   0.3674   0.9958
  10.000   1.2797   0.03458   0.02680  -0.0432   0.3621   1.0000
