  
       XFOIL         Version 6.99
  
 Calculated polar for: NACA 8722                                       
  
 1 1 Reynolds number fixed          Mach number fixed         
  
 xtrf =   1.000 (top)        1.000 (bottom)  
 Mach =   0.050     Re =     0.200 e 6     Ncrit =   9.000
  
   alpha    CL        CD       CDp       CM     Top_Xtr  Bot_Xtr
  ------ -------- --------- --------- -------- -------- --------
  -2.000   0.3378   0.04254   0.03546  -0.2016   0.7874   0.2777
  -1.500   0.3976   0.04214   0.03511  -0.2028   0.7767   0.2980
  -1.000   0.4795   0.04105   0.03406  -0.2072   0.7743   0.3227
  -0.500   0.5292   0.04091   0.03399  -0.2066   0.7605   0.3435
   0.000   0.6094   0.03961   0.03273  -0.2105   0.7581   0.3700
   0.500   0.6584   0.03948   0.03269  -0.2096   0.7440   0.3923
   1.000   0.7375   0.03789   0.03116  -0.2131   0.7417   0.4201
   1.500   0.7861   0.03772   0.03109  -0.2119   0.7277   0.4435
   2.000   0.8631   0.03589   0.02931  -0.2148   0.7252   0.4719
   2.500   0.9154   0.03554   0.02905  -0.2140   0.7117   0.4964
   3.000   0.9985   0.03337   0.02692  -0.2177   0.7083   0.5257
   3.500   1.0628   0.03246   0.02606  -0.2187   0.6955   0.5516
   4.000   1.1615   0.02972   0.02328  -0.2249   0.6900   0.5813
   4.500   1.2311   0.02886   0.02239  -0.2268   0.6734   0.6051
   5.000   1.2955   0.02846   0.02195  -0.2279   0.6552   0.6264
   5.500   1.3512   0.02859   0.02202  -0.2277   0.6360   0.6463
   6.000   1.3996   0.02912   0.02249  -0.2264   0.6167   0.6658
   6.500   1.4441   0.02984   0.02315  -0.2246   0.5979   0.6851
   7.000   1.4868   0.03064   0.02389  -0.2226   0.5797   0.7040
   7.500   1.5288   0.03137   0.02457  -0.2204   0.5621   0.7212
   8.000   1.5703   0.03214   0.02526  -0.2182   0.5446   0.7385
   8.500   1.5919   0.03375   0.02695  -0.2131   0.5264   0.7546
   9.000   1.6178   0.03529   0.02855  -0.2088   0.5088   0.7709
   9.500   1.6484   0.03667   0.02993  -0.2054   0.4918   0.7877
  10.000   1.6800   0.03800   0.03124  -0.2022   0.4753   0.8047
