  
       XFOIL         Version 6.99
  
 Calculated polar for: NACA 8726                                       
  
 1 1 Reynolds number fixed          Mach number fixed         
  
 xtrf =   1.000 (top)        1.000 (bottom)  
 Mach =   0.050     Re =     0.200 e 6     Ncrit =   9.000
  
   alpha    CL        CD       CDp       CM     Top_Xtr  Bot_Xtr
  ------ -------- --------- --------- -------- -------- --------
  -1.500   0.3580   0.03955   0.03229  -0.1910   0.7386   0.3102
  -0.500   0.4861   0.03806   0.03099  -0.1943   0.7227   0.3447
   0.000   0.5669   0.03631   0.02926  -0.1982   0.7210   0.3650
   1.000   0.7019   0.03441   0.02738  -0.2022   0.7052   0.4051
   2.000   0.8531   0.03185   0.02491  -0.2085   0.6892   0.4482
   2.500   0.9578   0.02932   0.02232  -0.2162   0.6849   0.4739
   3.000   1.0176   0.02929   0.02224  -0.2172   0.6689   0.4955
   3.500   1.0820   0.02914   0.02206  -0.2187   0.6541   0.5173
   4.000   1.1767   0.02779   0.02060  -0.2252   0.6432   0.5415
   4.500   1.2095   0.02897   0.02182  -0.2217   0.6252   0.5595
   5.000   1.2475   0.03009   0.02291  -0.2192   0.6087   0.5795
   5.500   1.3002   0.03046   0.02330  -0.2188   0.5949   0.5976
   6.000   1.3472   0.03109   0.02388  -0.2177   0.5804   0.6164
   6.500   1.3722   0.03268   0.02554  -0.2131   0.5650   0.6334
   7.000   1.4214   0.03322   0.02604  -0.2122   0.5521   0.6495
   7.500   1.4524   0.03458   0.02738  -0.2088   0.5378   0.6671
   8.000   1.4791   0.03609   0.02898  -0.2046   0.5240   0.6815
   8.500   1.5373   0.03623   0.02896  -0.2053   0.5120   0.6986
   9.000   1.5444   0.03878   0.03167  -0.1987   0.4977   0.7138
   9.500   1.5843   0.03982   0.03267  -0.1969   0.4855   0.7306
  10.000   1.6097   0.04140   0.03429  -0.1931   0.4727   0.7449
