  
       XFOIL         Version 6.99
  
 Calculated polar for: NACA 8522                                       
  
 1 1 Reynolds number fixed          Mach number fixed         
  
 xtrf =   1.000 (top)        1.000 (bottom)  
 Mach =   0.050     Re =     0.200 e 6     Ncrit =   9.000
  
   alpha    CL        CD       CDp       CM     Top_Xtr  Bot_Xtr
  ------ -------- --------- --------- -------- -------- --------
  -2.000   0.5947   0.02232   0.01430  -0.1986   0.7178   0.2275
  -1.500   0.6914   0.02137   0.01331  -0.2063   0.7136   0.2517
  -1.000   0.7023   0.02211   0.01409  -0.1983   0.7012   0.2664
  -0.500   0.7895   0.02136   0.01334  -0.2043   0.6957   0.2938
   0.000   0.8191   0.02185   0.01389  -0.1997   0.6854   0.3145
   0.500   0.8844   0.02156   0.01361  -0.2016   0.6777   0.3432
   1.000   0.9560   0.02141   0.01345  -0.2048   0.6708   0.3765
   1.500   0.9807   0.02198   0.01411  -0.1994   0.6598   0.4029
   2.000   1.0804   0.02127   0.01338  -0.2077   0.6544   0.4488
   2.500   1.0769   0.02252   0.01484  -0.1974   0.6417   0.4758
   3.000   1.1676   0.02177   0.01409  -0.2038   0.6359   0.5334
   3.500   1.1692   0.02317   0.01577  -0.1948   0.6236   0.5763
   4.000   1.2527   0.02231   0.01513  -0.1997   0.6173   0.6809
   4.500   1.2417   0.02337   0.01682  -0.1879   0.6053   1.0000
   5.000   1.3259   0.02295   0.01608  -0.1931   0.5985   1.0000
   5.500   1.3263   0.02490   0.01808  -0.1847   0.5865   1.0000
   6.000   1.4070   0.02446   0.01740  -0.1892   0.5796   1.0000
   6.500   1.4031   0.02670   0.01975  -0.1803   0.5675   1.0000
   7.000   1.4833   0.02618   0.01902  -0.1846   0.5606   1.0000
   7.500   1.4734   0.02882   0.02180  -0.1753   0.5482   1.0000
   8.000   1.5556   0.02814   0.02090  -0.1797   0.5414   1.0000
   8.500   1.5378   0.03129   0.02424  -0.1698   0.5287   1.0000
   9.000   1.6246   0.03031   0.02305  -0.1747   0.5221   1.0000
   9.500   1.5971   0.03409   0.02705  -0.1640   0.5090   1.0000
  10.000   1.6570   0.03413   0.02699  -0.1651   0.5012   1.0000
