  
       XFOIL         Version 6.99
  
 Calculated polar for: NACA 9240                                       
  
 1 1 Reynolds number fixed          Mach number fixed         
  
 xtrf =   1.000 (top)        1.000 (bottom)  
 Mach =   0.050     Re =     0.200 e 6     Ncrit =   9.000
  
   alpha    CL        CD       CDp       CM     Top_Xtr  Bot_Xtr
  ------ -------- --------- --------- -------- -------- --------
  -2.000   0.1605   0.03848   0.02839  -0.0330   0.4249   0.1173
  -1.500   0.1852   0.03876   0.02853  -0.0301   0.4127   0.1200
  -1.000   0.1933   0.03982   0.02952  -0.0255   0.3991   0.1221
  -0.500   0.2015   0.04128   0.03085  -0.0212   0.3851   0.1242
   0.000   0.2158   0.04231   0.03194  -0.0181   0.3715   0.1270
   0.500   0.2343   0.04360   0.03315  -0.0155   0.3591   0.1303
   1.500   0.2732   0.04655   0.03597  -0.0111   0.3383   0.1369
   2.000   0.3050   0.04745   0.03681  -0.0102   0.3308   0.1418
   2.500   0.3272   0.04928   0.03862  -0.0087   0.3239   0.1464
   3.000   0.3772   0.04899   0.03821  -0.0094   0.3189   0.1530
   3.500   0.3883   0.05181   0.04118  -0.0075   0.3141   0.1586
   4.000   0.4179   0.05321   0.04262  -0.0071   0.3100   0.1667
   4.500   0.4626   0.05382   0.04307  -0.0080   0.3067   0.1791
   5.000   0.4957   0.05529   0.04466  -0.0082   0.3036   0.2100
   5.500   0.4988   0.05793   0.04899  -0.0064   0.3006   0.5549
   6.000   0.5100   0.06116   0.05286  -0.0047   0.2980   0.6656
   6.500   0.5297   0.06372   0.05587  -0.0031   0.2958   0.7559
   7.000   0.5566   0.06548   0.05797  -0.0009   0.2940   0.8452
   7.500   0.6042   0.06692   0.05946  -0.0013   0.2923   0.9281
