  
       XFOIL         Version 6.99
  
 Calculated polar for: NACA 8418                                       
  
 1 1 Reynolds number fixed          Mach number fixed         
  
 xtrf =   1.000 (top)        1.000 (bottom)  
 Mach =   0.050     Re =     0.200 e 6     Ncrit =   9.000
  
   alpha    CL        CD       CDp       CM     Top_Xtr  Bot_Xtr
  ------ -------- --------- --------- -------- -------- --------
  -2.000   0.6564   0.01808   0.00937  -0.1887   0.6545   0.1431
  -1.500   0.7105   0.01786   0.00904  -0.1884   0.6405   0.1585
  -1.000   0.7675   0.01771   0.00879  -0.1888   0.6280   0.1772
  -0.500   0.8158   0.01770   0.00881  -0.1875   0.6148   0.1981
   0.000   0.8704   0.01780   0.00884  -0.1875   0.6040   0.2249
   0.500   0.9231   0.01783   0.00891  -0.1872   0.5938   0.2562
   1.000   0.9758   0.01800   0.00915  -0.1870   0.5843   0.2960
   1.500   1.0285   0.01808   0.00934  -0.1868   0.5754   0.3525
   2.000   1.0731   0.01726   0.00989  -0.1848   0.5682   0.8086
   3.000   1.1854   0.01820   0.01047  -0.1855   0.5530   1.0000
   3.500   1.2285   0.01894   0.01120  -0.1836   0.5458   1.0000
   4.000   1.2796   0.01954   0.01169  -0.1832   0.5386   1.0000
   4.500   1.3401   0.02029   0.01225  -0.1847   0.5328   1.0000
   5.000   1.3751   0.02113   0.01320  -0.1815   0.5259   1.0000
   5.500   1.4260   0.02180   0.01380  -0.1812   0.5195   1.0000
   6.000   1.4853   0.02266   0.01453  -0.1826   0.5139   1.0000
   6.500   1.5113   0.02369   0.01575  -0.1779   0.5070   1.0000
   7.000   1.5595   0.02447   0.01650  -0.1772   0.5011   1.0000
   7.500   1.6207   0.02533   0.01728  -0.1791   0.4955   1.0000
   8.000   1.6294   0.02671   0.01890  -0.1716   0.4887   1.0000
   8.500   1.6716   0.02756   0.01978  -0.1700   0.4826   1.0000
   9.000   1.7373   0.02842   0.02057  -0.1728   0.4771   1.0000
   9.500   1.7224   0.03047   0.02293  -0.1619   0.4700   1.0000
  10.000   1.7628   0.03139   0.02389  -0.1603   0.4638   1.0000
