  
       XFOIL         Version 6.99
  
 Calculated polar for: NACA 2310                                       
  
 1 1 Reynolds number fixed          Mach number fixed         
  
 xtrf =   1.000 (top)        1.000 (bottom)  
 Mach =   0.050     Re =     0.200 e 6     Ncrit =   9.000
  
   alpha    CL        CD       CDp       CM     Top_Xtr  Bot_Xtr
  ------ -------- --------- --------- -------- -------- --------
  -2.000  -0.0344   0.01035   0.00496  -0.0440   0.9572   0.6419
  -1.500   0.0321   0.00965   0.00499  -0.0436   0.9428   0.8935
  -1.000   0.1384   0.00956   0.00477  -0.0523   0.9309   0.9807
  -0.500   0.2359   0.00920   0.00423  -0.0604   0.9094   1.0000
   0.000   0.2859   0.00894   0.00378  -0.0586   0.8700   1.0000
   0.500   0.3339   0.00883   0.00346  -0.0563   0.8263   1.0000
   1.000   0.3819   0.00887   0.00325  -0.0540   0.7776   1.0000
   1.500   0.4300   0.00907   0.00316  -0.0518   0.7248   1.0000
   2.000   0.4778   0.00940   0.00319  -0.0498   0.6698   1.0000
   2.500   0.5258   0.00983   0.00333  -0.0479   0.6186   1.0000
   3.000   0.5743   0.01033   0.00359  -0.0463   0.5734   1.0000
   3.500   0.6238   0.01083   0.00393  -0.0449   0.5344   1.0000
   4.000   0.6738   0.01136   0.00435  -0.0436   0.5011   1.0000
   4.500   0.7239   0.01189   0.00479  -0.0424   0.4696   1.0000
   5.000   0.7735   0.01242   0.00525  -0.0412   0.4370   1.0000
   5.500   0.8228   0.01295   0.00574  -0.0399   0.4037   1.0000
   6.000   0.8718   0.01343   0.00629  -0.0386   0.3672   1.0000
   6.500   0.9195   0.01398   0.00686  -0.0372   0.3247   1.0000
   7.000   0.9654   0.01468   0.00748  -0.0356   0.2584   1.0000
   7.500   1.0003   0.01671   0.00886  -0.0329   0.1404   1.0000
   8.000   1.0320   0.01929   0.01106  -0.0296   0.0845   1.0000
   8.500   1.0659   0.02149   0.01326  -0.0265   0.0652   1.0000
   9.000   1.0983   0.02384   0.01567  -0.0233   0.0549   1.0000
   9.500   1.1299   0.02650   0.01846  -0.0201   0.0479   1.0000
  10.000   1.1627   0.03006   0.02200  -0.0175   0.0426   1.0000
