  
       XFOIL         Version 6.99
  
 Calculated polar for: NACA 1214                                       
  
 1 1 Reynolds number fixed          Mach number fixed         
  
 xtrf =   1.000 (top)        1.000 (bottom)  
 Mach =   0.050     Re =     0.200 e 6     Ncrit =   9.000
  
   alpha    CL        CD       CDp       CM     Top_Xtr  Bot_Xtr
  ------ -------- --------- --------- -------- -------- --------
  -2.000  -0.1217   0.01107   0.00558  -0.0217   0.9070   0.6986
  -1.500  -0.0664   0.01067   0.00533  -0.0198   0.8792   0.7535
  -1.000  -0.0123   0.01044   0.00518  -0.0175   0.8503   0.8076
  -0.500   0.0400   0.01045   0.00519  -0.0146   0.8175   0.8555
   0.000   0.0954   0.01058   0.00519  -0.0128   0.7810   0.8900
   0.500   0.1562   0.01084   0.00530  -0.0124   0.7413   0.9186
   1.000   0.2266   0.01117   0.00540  -0.0142   0.6967   0.9404
   1.500   0.3083   0.01153   0.00550  -0.0188   0.6478   0.9568
   2.000   0.3921   0.01187   0.00556  -0.0243   0.5944   0.9721
   2.500   0.4769   0.01220   0.00559  -0.0303   0.5383   0.9868
   3.000   0.5634   0.01252   0.00562  -0.0371   0.4827   0.9999
   3.500   0.6063   0.01283   0.00568  -0.0353   0.4430   1.0000
   4.000   0.6488   0.01320   0.00587  -0.0332   0.4089   1.0000
   4.500   0.6905   0.01363   0.00619  -0.0309   0.3804   1.0000
   5.000   0.7318   0.01414   0.00656  -0.0284   0.3564   1.0000
   5.500   0.7731   0.01471   0.00703  -0.0258   0.3350   1.0000
   6.000   0.8141   0.01525   0.00755  -0.0232   0.3146   1.0000
   6.500   0.8548   0.01582   0.00811  -0.0204   0.2948   1.0000
   7.000   0.8952   0.01643   0.00872  -0.0176   0.2752   1.0000
   7.500   0.9348   0.01708   0.00935  -0.0148   0.2556   1.0000
   8.000   0.9735   0.01784   0.01005  -0.0118   0.2355   1.0000
   8.500   1.0119   0.01847   0.01081  -0.0088   0.2133   1.0000
   9.000   1.0486   0.01927   0.01158  -0.0058   0.1901   1.0000
   9.500   1.0840   0.02021   0.01256  -0.0026   0.1650   1.0000
  10.000   1.1147   0.02155   0.01384   0.0009   0.1420   1.0000
