  
       XFOIL         Version 6.99
  
 Calculated polar for: NACA 2806                                       
  
 1 1 Reynolds number fixed          Mach number fixed         
  
 xtrf =   1.000 (top)        1.000 (bottom)  
 Mach =   0.050     Re =     0.200 e 6     Ncrit =   9.000
  
   alpha    CL        CD       CDp       CM     Top_Xtr  Bot_Xtr
  ------ -------- --------- --------- -------- -------- --------
  -2.000   0.0082   0.01014   0.00461  -0.0749   1.0000   0.7351
  -1.500   0.0550   0.01024   0.00477  -0.0722   1.0000   0.8171
  -1.000   0.0986   0.01011   0.00470  -0.0690   1.0000   0.8773
  -0.500   0.1246   0.00961   0.00432  -0.0620   1.0000   1.0000
   0.000   0.1881   0.00983   0.00443  -0.0645   1.0000   1.0000
   0.500   0.2483   0.01010   0.00467  -0.0661   1.0000   1.0000
   1.000   0.3062   0.01042   0.00502  -0.0672   1.0000   1.0000
   1.500   0.3625   0.01079   0.00552  -0.0679   1.0000   1.0000
   2.000   0.4172   0.01124   0.00614  -0.0684   1.0000   1.0000
   2.500   0.5473   0.01072   0.00609  -0.0833   0.9583   1.0000
   3.000   0.6504   0.01116   0.00412  -0.0892   0.3108   1.0000
   3.500   0.6888   0.01484   0.00643  -0.0862   0.0523   1.0000
   4.000   0.7377   0.01722   0.00884  -0.0844   0.0378   1.0000
   4.500   0.7904   0.02239   0.01418  -0.0830   0.0330   1.0000
   5.000   0.8439   0.02546   0.01796  -0.0810   0.0295   1.0000
   6.000   0.8804   0.03178   0.02723  -0.0615   0.0628   1.0000
