  
       XFOIL         Version 6.99
  
 Calculated polar for: NACA 2206                                       
  
 1 1 Reynolds number fixed          Mach number fixed         
  
 xtrf =   1.000 (top)        1.000 (bottom)  
 Mach =   0.050     Re =     0.200 e 6     Ncrit =   9.000
  
   alpha    CL        CD       CDp       CM     Top_Xtr  Bot_Xtr
  ------ -------- --------- --------- -------- -------- --------
  -2.000  -0.0844   0.01515   0.00773  -0.0257   1.0000   0.0419
  -1.500  -0.0316   0.01302   0.00540  -0.0247   1.0000   0.0519
  -1.000   0.0209   0.01180   0.00416  -0.0242   1.0000   0.0741
  -0.500   0.0851   0.00795   0.00324  -0.0260   0.9976   1.0000
   0.000   0.1773   0.00801   0.00290  -0.0338   0.9784   1.0000
   0.500   0.2655   0.00791   0.00265  -0.0404   0.9536   1.0000
   1.000   0.3360   0.00777   0.00241  -0.0427   0.9122   1.0000
   1.500   0.3916   0.00774   0.00224  -0.0415   0.8518   1.0000
   2.000   0.4408   0.00794   0.00218  -0.0389   0.7673   1.0000
   2.500   0.4882   0.00849   0.00224  -0.0363   0.6537   1.0000
   3.000   0.5352   0.00939   0.00251  -0.0342   0.5211   1.0000
   3.500   0.5844   0.01036   0.00305  -0.0330   0.4337   1.0000
   4.000   0.6360   0.01118   0.00370  -0.0323   0.3889   1.0000
   4.500   0.6882   0.01194   0.00448  -0.0317   0.3578   1.0000
   5.000   0.7389   0.01247   0.00498  -0.0310   0.3045   1.0000
   5.500   0.7898   0.01302   0.00557  -0.0303   0.2424   1.0000
   6.000   0.8292   0.01666   0.00830  -0.0282   0.0411   1.0000
   6.500   0.8720   0.01951   0.01133  -0.0260   0.0304   1.0000
   7.000   0.9146   0.02354   0.01548  -0.0237   0.0267   1.0000
   7.500   0.9582   0.02837   0.02093  -0.0215   0.0235   1.0000
   8.000   0.9954   0.03502   0.02843  -0.0186   0.0237   1.0000
   8.500   1.0185   0.04612   0.04081  -0.0142   0.0344   1.0000
