  
       XFOIL         Version 6.99
  
 Calculated polar for: NACA 1606                                       
  
 1 1 Reynolds number fixed          Mach number fixed         
  
 xtrf =   1.000 (top)        1.000 (bottom)  
 Mach =   0.050     Re =     0.200 e 6     Ncrit =   9.000
  
   alpha    CL        CD       CDp       CM     Top_Xtr  Bot_Xtr
  ------ -------- --------- --------- -------- -------- --------
  -2.000  -0.1519   0.00775   0.00277  -0.0230   1.0000   0.8150
  -1.500  -0.0868   0.00750   0.00250  -0.0241   1.0000   1.0000
  -1.000  -0.0372   0.00757   0.00234  -0.0233   1.0000   1.0000
  -0.500   0.0129   0.00769   0.00230  -0.0227   1.0000   1.0000
   0.000   0.0633   0.00788   0.00240  -0.0222   1.0000   1.0000
   0.500   0.1136   0.00814   0.00263  -0.0217   1.0000   1.0000
   1.000   0.1636   0.00848   0.00301  -0.0215   1.0000   1.0000
   1.500   0.2529   0.00874   0.00341  -0.0291   0.9845   1.0000
   2.000   0.3599   0.00847   0.00344  -0.0391   0.9526   1.0000
   2.500   0.4330   0.00792   0.00311  -0.0402   0.8756   1.0000
   3.000   0.4783   0.00833   0.00291  -0.0354   0.6637   1.0000
   3.500   0.5071   0.01206   0.00390  -0.0309   0.1072   1.0000
   4.000   0.5539   0.01444   0.00608  -0.0290   0.0491   1.0000
   4.500   0.6024   0.01690   0.00861  -0.0273   0.0369   1.0000
   5.000   0.6528   0.02086   0.01277  -0.0256   0.0329   1.0000
   5.500   0.7027   0.02547   0.01819  -0.0235   0.0296   1.0000
