  
       XFOIL         Version 6.99
  
 Calculated polar for: NACA 5824                                       
  
 1 1 Reynolds number fixed          Mach number fixed         
  
 xtrf =   1.000 (top)        1.000 (bottom)  
 Mach =   0.050     Re =     0.200 e 6     Ncrit =   9.000
  
   alpha    CL        CD       CDp       CM     Top_Xtr  Bot_Xtr
  ------ -------- --------- --------- -------- -------- --------
  -2.000   0.1859   0.02452   0.01758  -0.1444   0.8046   0.3961
  -1.500   0.2581   0.02346   0.01654  -0.1470   0.7936   0.4175
  -1.000   0.3455   0.02186   0.01499  -0.1521   0.7869   0.4409
  -0.500   0.4298   0.02060   0.01379  -0.1568   0.7735   0.4643
   0.000   0.5295   0.01917   0.01235  -0.1645   0.7598   0.4893
   0.500   0.6221   0.01837   0.01149  -0.1711   0.7392   0.5135
   1.000   0.6968   0.01821   0.01129  -0.1744   0.7143   0.5358
   1.500   0.7609   0.01835   0.01138  -0.1758   0.6892   0.5570
   2.000   0.8188   0.01865   0.01162  -0.1760   0.6651   0.5782
   2.500   0.8729   0.01906   0.01195  -0.1756   0.6419   0.5997
   3.000   0.9222   0.01956   0.01242  -0.1741   0.6198   0.6198
   3.500   0.9690   0.02009   0.01295  -0.1721   0.5987   0.6381
   4.000   1.0167   0.02066   0.01345  -0.1703   0.5783   0.6574
   4.500   1.0659   0.02128   0.01396  -0.1690   0.5584   0.6776
   5.000   1.0973   0.02204   0.01480  -0.1639   0.5392   0.6918
   5.500   1.1341   0.02283   0.01561  -0.1603   0.5204   0.7087
   6.000   1.1722   0.02367   0.01643  -0.1569   0.5024   0.7254
   6.500   1.2073   0.02449   0.01722  -0.1527   0.4852   0.7382
   7.000   1.2506   0.02531   0.01791  -0.1505   0.4679   0.7548
   7.500   1.2730   0.02634   0.01907  -0.1444   0.4512   0.7683
   8.000   1.3034   0.02734   0.02009  -0.1400   0.4349   0.7821
   8.500   1.3388   0.02835   0.02105  -0.1368   0.4191   0.7975
   9.000   1.3740   0.02939   0.02200  -0.1337   0.4032   0.8130
   9.500   1.3942   0.03066   0.02341  -0.1281   0.3880   0.8270
  10.000   1.4203   0.03188   0.02466  -0.1237   0.3733   0.8409
