  
       XFOIL         Version 6.99
  
 Calculated polar for: NACA 5820                                       
  
 1 1 Reynolds number fixed          Mach number fixed         
  
 xtrf =   1.000 (top)        1.000 (bottom)  
 Mach =   0.050     Re =     0.200 e 6     Ncrit =   9.000
  
   alpha    CL        CD       CDp       CM     Top_Xtr  Bot_Xtr
  ------ -------- --------- --------- -------- -------- --------
  -2.000   0.2133   0.02764   0.02088  -0.1547   0.8649   0.4012
  -1.500   0.2802   0.02674   0.02005  -0.1566   0.8513   0.4288
  -1.000   0.3456   0.02579   0.01925  -0.1581   0.8371   0.4560
  -0.500   0.4117   0.02483   0.01843  -0.1595   0.8226   0.4837
   0.000   0.4788   0.02378   0.01750  -0.1608   0.8088   0.5118
   0.500   0.5513   0.02247   0.01627  -0.1629   0.7972   0.5411
   1.500   0.7285   0.01907   0.01296  -0.1727   0.7703   0.6001
   2.000   0.8320   0.01761   0.01143  -0.1807   0.7476   0.6281
   2.500   0.9057   0.01747   0.01119  -0.1835   0.7136   0.6522
   3.000   0.9723   0.01768   0.01124  -0.1849   0.6818   0.6743
   3.500   1.0170   0.01831   0.01180  -0.1822   0.6496   0.6948
   4.000   1.0615   0.01895   0.01233  -0.1793   0.6206   0.7123
   4.500   1.1011   0.01966   0.01295  -0.1755   0.5931   0.7275
   5.000   1.1376   0.02042   0.01368  -0.1713   0.5659   0.7442
   5.500   1.1757   0.02122   0.01441  -0.1677   0.5395   0.7618
   6.000   1.2090   0.02200   0.01515  -0.1629   0.5145   0.7765
   6.500   1.2437   0.02279   0.01587  -0.1587   0.4901   0.7917
   7.000   1.2787   0.02361   0.01662  -0.1548   0.4660   0.8076
   7.500   1.3126   0.02448   0.01741  -0.1508   0.4426   0.8236
   8.000   1.3435   0.02539   0.01831  -0.1464   0.4194   0.8392
   8.500   1.3725   0.02638   0.01931  -0.1419   0.3968   0.8547
   9.000   1.4001   0.02745   0.02038  -0.1373   0.3744   0.8700
   9.500   1.4261   0.02864   0.02158  -0.1326   0.3527   0.8849
  10.000   1.4507   0.02996   0.02292  -0.1280   0.3314   0.8997
