  
       XFOIL         Version 6.99
  
 Calculated polar for: NACA 3828                                       
  
 1 1 Reynolds number fixed          Mach number fixed         
  
 xtrf =   1.000 (top)        1.000 (bottom)  
 Mach =   0.050     Re =     0.200 e 6     Ncrit =   9.000
  
   alpha    CL        CD       CDp       CM     Top_Xtr  Bot_Xtr
  ------ -------- --------- --------- -------- -------- --------
  -2.000   0.1210   0.01744   0.00989  -0.1015   0.7263   0.4445
  -1.500   0.1876   0.01742   0.00973  -0.1036   0.7047   0.4615
  -1.000   0.2507   0.01740   0.00972  -0.1050   0.6838   0.4778
  -0.500   0.3157   0.01743   0.00965  -0.1068   0.6636   0.4951
   0.000   0.3527   0.01755   0.00973  -0.1032   0.6432   0.5114
   0.500   0.3978   0.01768   0.00994  -0.1010   0.6240   0.5274
   1.000   0.4511   0.01784   0.01003  -0.1006   0.6060   0.5452
   1.500   0.5112   0.01810   0.01016  -0.1014   0.5883   0.5640
   2.000   0.5462   0.01834   0.01054  -0.0973   0.5710   0.5803
   2.500   0.5948   0.01866   0.01085  -0.0961   0.5543   0.5989
   3.000   0.6509   0.01904   0.01112  -0.0961   0.5384   0.6184
   3.500   0.6875   0.01944   0.01166  -0.0924   0.5225   0.6354
   4.000   0.7340   0.01991   0.01213  -0.0908   0.5074   0.6545
   4.500   0.7895   0.02040   0.01249  -0.0907   0.4926   0.6741
   5.000   0.8179   0.02100   0.01329  -0.0856   0.4782   0.6905
   5.500   0.8644   0.02161   0.01385  -0.0841   0.4645   0.7092
   6.000   0.9028   0.02227   0.01452  -0.0810   0.4508   0.7273
   6.500   0.9372   0.02306   0.01541  -0.0772   0.4376   0.7428
   7.000   0.9876   0.02373   0.01592  -0.0764   0.4247   0.7606
   7.500   1.0083   0.02468   0.01706  -0.0705   0.4122   0.7771
   8.000   1.0479   0.02547   0.01780  -0.0679   0.4004   0.7925
   8.500   1.0740   0.02640   0.01881  -0.0634   0.3884   0.8096
   9.000   1.1089   0.02735   0.01976  -0.0605   0.3770   0.8270
   9.500   1.1371   0.02825   0.02067  -0.0565   0.3657   0.8441
  10.000   1.1600   0.02934   0.02186  -0.0519   0.3549   0.8609
