  
       XFOIL         Version 6.99
  
 Calculated polar for: NACA 8420                                       
  
 1 1 Reynolds number fixed          Mach number fixed         
  
 xtrf =   1.000 (top)        1.000 (bottom)  
 Mach =   0.050     Re =     0.200 e 6     Ncrit =   9.000
  
   alpha    CL        CD       CDp       CM     Top_Xtr  Bot_Xtr
  ------ -------- --------- --------- -------- -------- --------
  -2.000   0.6457   0.01888   0.00996  -0.1848   0.6331   0.1597
  -1.500   0.6939   0.01877   0.00984  -0.1835   0.6202   0.1740
  -1.000   0.7515   0.01872   0.00967  -0.1841   0.6097   0.1921
  -0.500   0.7990   0.01873   0.00969  -0.1827   0.5983   0.2116
   0.000   0.8556   0.01886   0.00973  -0.1832   0.5893   0.2363
   0.500   0.9036   0.01895   0.00993  -0.1820   0.5800   0.2636
   1.000   0.9656   0.01913   0.01002  -0.1836   0.5722   0.3013
   1.500   1.0069   0.01932   0.01048  -0.1814   0.5639   0.3441
   2.000   1.0612   0.01920   0.01075  -0.1817   0.5570   0.4478
   2.500   1.1095   0.01871   0.01130  -0.1799   0.5504   1.0000
   3.000   1.1522   0.01938   0.01187  -0.1780   0.5431   1.0000
   3.500   1.2087   0.01996   0.01224  -0.1786   0.5371   1.0000
   4.000   1.2593   0.02078   0.01294  -0.1783   0.5309   1.0000
   4.500   1.2962   0.02161   0.01379  -0.1755   0.5244   1.0000
   5.000   1.3499   0.02225   0.01431  -0.1757   0.5186   1.0000
   5.500   1.4062   0.02313   0.01507  -0.1766   0.5129   1.0000
   6.000   1.4264   0.02425   0.01632  -0.1710   0.5067   1.0000
   6.500   1.4704   0.02503   0.01707  -0.1696   0.5008   1.0000
   7.000   1.5472   0.02575   0.01759  -0.1743   0.4956   1.0000
   7.500   1.5429   0.02738   0.01949  -0.1647   0.4895   1.0000
   8.000   1.5696   0.02859   0.02076  -0.1608   0.4832   1.0000
   8.500   1.6373   0.02908   0.02113  -0.1636   0.4783   1.0000
   9.000   1.6409   0.03123   0.02347  -0.1564   0.4720   1.0000
   9.500   1.6425   0.03345   0.02587  -0.1494   0.4652   1.0000
  10.000   1.7057   0.03375   0.02610  -0.1513   0.4603   1.0000
