  
       XFOIL         Version 6.99
  
 Calculated polar for: NACA 3240                                       
  
 1 1 Reynolds number fixed          Mach number fixed         
  
 xtrf =   1.000 (top)        1.000 (bottom)  
 Mach =   0.050     Re =     0.200 e 6     Ncrit =   9.000
  
   alpha    CL        CD       CDp       CM     Top_Xtr  Bot_Xtr
  ------ -------- --------- --------- -------- -------- --------
  -2.000  -0.0940   0.02570   0.01726  -0.0042   0.5057   0.4995
  -1.500  -0.0468   0.02568   0.01711  -0.0033   0.4956   0.5080
  -1.000  -0.0610   0.02580   0.01723   0.0082   0.4856   0.5159
  -0.500  -0.0086   0.02557   0.01688   0.0080   0.4759   0.5250
   0.000  -0.0035   0.02604   0.01748   0.0157   0.4658   0.5332
   0.500   0.0281   0.02607   0.01731   0.0189   0.4564   0.5430
   1.000   0.0501   0.02645   0.01779   0.0233   0.4463   0.5526
   1.500   0.0815   0.02674   0.01805   0.0262   0.4366   0.5635
   2.000   0.1040   0.02727   0.01850   0.0302   0.4270   0.5743
   2.500   0.1350   0.02770   0.01902   0.0327   0.4176   0.5856
   3.000   0.1652   0.02838   0.01963   0.0353   0.4086   0.5985
   3.500   0.1900   0.02908   0.02042   0.0382   0.3994   0.6111
   4.000   0.2288   0.02974   0.02102   0.0393   0.3912   0.6252
   4.500   0.2448   0.03091   0.02230   0.0430   0.3824   0.6389
   5.000   0.2977   0.03127   0.02254   0.0422   0.3749   0.6555
   5.500   0.2975   0.03324   0.02474   0.0471   0.3665   0.6700
   6.000   0.3481   0.03365   0.02504   0.0465   0.3602   0.6883
   6.500   0.3559   0.03587   0.02751   0.0500   0.3533   0.7052
   7.500   0.4489   0.03730   0.02890   0.0493   0.3423   0.7459
   8.000   0.4149   0.04189   0.03390   0.0558   0.3358   0.7650
   9.000   0.4962   0.04411   0.03619   0.0559   0.3274   0.8131
   9.500   0.1670   0.07502   0.06826   0.0745   0.3101   0.8199
  10.000   0.2554   0.07132   0.06454   0.0732   0.3101   0.8518
