  
       XFOIL         Version 6.99
  
 Calculated polar for: NACA 3812                                       
  
 1 1 Reynolds number fixed          Mach number fixed         
  
 xtrf =   1.000 (top)        1.000 (bottom)  
 Mach =   0.050     Re =     0.200 e 6     Ncrit =   9.000
  
   alpha    CL        CD       CDp       CM     Top_Xtr  Bot_Xtr
  ------ -------- --------- --------- -------- -------- --------
  -2.000  -0.0116   0.01732   0.01097  -0.0873   1.0000   0.4990
  -1.500   0.0421   0.01775   0.01163  -0.0875   1.0000   0.5576
  -1.000   0.1297   0.01837   0.01245  -0.0941   0.9892   0.6229
  -0.500   0.2147   0.01882   0.01310  -0.0998   0.9760   0.6774
   0.000   0.2962   0.01906   0.01349  -0.1045   0.9622   0.7225
   0.500   0.3755   0.01902   0.01356  -0.1084   0.9481   0.7589
   1.500   0.5123   0.01767   0.01247  -0.1109   0.9106   0.8155
   2.000   0.5791   0.01647   0.01140  -0.1115   0.8901   0.8421
   2.500   0.6248   0.01524   0.01034  -0.1077   0.8511   0.8679
   3.000   0.6853   0.01347   0.00866  -0.1063   0.8053   0.8936
   3.500   0.8244   0.01137   0.00614  -0.1206   0.7191   0.9135
   4.000   0.8690   0.01178   0.00617  -0.1173   0.6300   0.9418
   4.500   0.9084   0.01228   0.00635  -0.1136   0.5500   1.0000
   5.000   0.9557   0.01332   0.00700  -0.1124   0.4663   1.0000
   5.500   0.9991   0.01445   0.00775  -0.1104   0.3809   1.0000
   6.000   1.0405   0.01580   0.00866  -0.1082   0.2911   1.0000
   6.500   1.0803   0.01748   0.00984  -0.1059   0.2033   1.0000
   7.000   1.1192   0.01936   0.01132  -0.1034   0.1405   1.0000
   7.500   1.1573   0.02121   0.01299  -0.1006   0.1067   1.0000
   8.000   1.1919   0.02330   0.01495  -0.0973   0.0877   1.0000
   8.500   1.2280   0.02532   0.01697  -0.0941   0.0752   1.0000
   9.000   1.2636   0.02765   0.01927  -0.0911   0.0660   1.0000
   9.500   1.2998   0.02954   0.02134  -0.0880   0.0592   1.0000
  10.000   1.3384   0.03236   0.02427  -0.0855   0.0539   1.0000
