  
       XFOIL         Version 6.99
  
 Calculated polar for: NACA 3834                                       
  
 1 1 Reynolds number fixed          Mach number fixed         
  
 xtrf =   1.000 (top)        1.000 (bottom)  
 Mach =   0.050     Re =     0.200 e 6     Ncrit =   9.000
  
   alpha    CL        CD       CDp       CM     Top_Xtr  Bot_Xtr
  ------ -------- --------- --------- -------- -------- --------
  -2.000   0.0534   0.02142   0.01319  -0.0843   0.6412   0.4281
  -1.500   0.1044   0.02131   0.01311  -0.0839   0.6266   0.4391
  -1.000   0.1500   0.02130   0.01301  -0.0824   0.6118   0.4511
  -0.500   0.1925   0.02134   0.01309  -0.0805   0.5978   0.4624
   0.000   0.2460   0.02140   0.01307  -0.0804   0.5841   0.4752
   0.500   0.2847   0.02156   0.01327  -0.0779   0.5707   0.4872
   1.000   0.3396   0.02168   0.01334  -0.0780   0.5579   0.5006
   1.500   0.3772   0.02197   0.01366  -0.0754   0.5453   0.5134
   2.000   0.4295   0.02217   0.01384  -0.0751   0.5331   0.5273
   2.500   0.4697   0.02254   0.01424  -0.0729   0.5212   0.5410
   3.000   0.5165   0.02284   0.01456  -0.0717   0.5096   0.5553
   3.500   0.5607   0.02329   0.01502  -0.0704   0.4984   0.5700
   4.000   0.6010   0.02374   0.01554  -0.0681   0.4873   0.5846
   4.500   0.6513   0.02421   0.01597  -0.0679   0.4768   0.6003
   5.000   0.6829   0.02488   0.01676  -0.0644   0.4661   0.6154
   5.500   0.7415   0.02529   0.01708  -0.0655   0.4562   0.6318
   6.000   0.7615   0.02628   0.01826  -0.0603   0.4460   0.6472
   6.500   0.8200   0.02664   0.01852  -0.0613   0.4365   0.6637
   7.000   0.8371   0.02793   0.02001  -0.0560   0.4270   0.6797
   7.500   0.8765   0.02863   0.02072  -0.0541   0.4179   0.6953
   8.000   0.9118   0.02980   0.02193  -0.0519   0.4090   0.7124
   8.500   0.9342   0.03103   0.02329  -0.0477   0.3998   0.7266
   9.000   0.9900   0.03174   0.02386  -0.0484   0.3916   0.7444
   9.500   0.9876   0.03384   0.02625  -0.0412   0.3828   0.7570
  10.000   1.0346   0.03466   0.02694  -0.0411   0.3749   0.7745
