  
       XFOIL         Version 6.99
  
 Calculated polar for: NACA 8840                                       
  
 1 1 Reynolds number fixed          Mach number fixed         
  
 xtrf =   1.000 (top)        1.000 (bottom)  
 Mach =   0.050     Re =     0.200 e 6     Ncrit =   9.000
  
   alpha    CL        CD       CDp       CM     Top_Xtr  Bot_Xtr
  ------ -------- --------- --------- -------- -------- --------
  -2.000   0.1485   0.03450   0.02666  -0.1558   0.6458   0.3386
  -1.500   0.2395   0.03381   0.02594  -0.1630   0.6381   0.3474
  -1.000   0.2514   0.03528   0.02741  -0.1586   0.6237   0.3545
  -0.500   0.3436   0.03411   0.02618  -0.1660   0.6164   0.3640
   0.000   0.3615   0.03574   0.02794  -0.1618   0.6043   0.3711
   0.500   0.4347   0.03575   0.02774  -0.1673   0.5946   0.3809
   1.000   0.5315   0.03461   0.02659  -0.1749   0.5877   0.3918
   1.500   0.5139   0.03751   0.02971  -0.1653   0.5747   0.3984
   2.000   0.5968   0.03704   0.02906  -0.1718   0.5667   0.4096
   2.500   0.6545   0.03748   0.02958  -0.1734   0.5585   0.4194
   3.000   0.6577   0.04009   0.03233  -0.1674   0.5470   0.4275
   3.500   0.7441   0.03940   0.03148  -0.1741   0.5400   0.4398
   4.000   0.7601   0.04171   0.03397  -0.1698   0.5305   0.4482
   4.500   0.7848   0.04382   0.03614  -0.1674   0.5206   0.4581
   5.000   0.8744   0.04286   0.03504  -0.1740   0.5145   0.4715
   5.500   0.8479   0.04761   0.04008  -0.1646   0.5034   0.4781
   6.000   0.8906   0.04906   0.04153  -0.1649   0.4953   0.4898
   6.500   0.9847   0.04764   0.03995  -0.1717   0.4900   0.5042
   7.000   0.8987   0.05680   0.04956  -0.1564   0.4758   0.5079
   7.500   0.9720   0.05622   0.04890  -0.1601   0.4705   0.5222
   8.000   1.0748   0.05395   0.04645  -0.1674   0.4663   0.5376
   8.500   0.9354   0.06838   0.06143  -0.1492   0.4488   0.5384
   9.000   1.0322   0.06538   0.05831  -0.1541   0.4462   0.5546
   9.500   1.1446   0.06205   0.05476  -0.1618   0.4430   0.5714
