  
       XFOIL         Version 6.99
  
 Calculated polar for: NACA 6820                                       
  
 1 1 Reynolds number fixed          Mach number fixed         
  
 xtrf =   1.000 (top)        1.000 (bottom)  
 Mach =   0.050     Re =     0.200 e 6     Ncrit =   9.000
  
   alpha    CL        CD       CDp       CM     Top_Xtr  Bot_Xtr
  ------ -------- --------- --------- -------- -------- --------
  -2.000   0.2698   0.03271   0.02596  -0.1782   0.8588   0.3672
  -1.500   0.3378   0.03191   0.02521  -0.1806   0.8463   0.3945
  -0.500   0.4710   0.03016   0.02375  -0.1842   0.8206   0.4488
   0.000   0.5499   0.02883   0.02253  -0.1878   0.8140   0.4784
   0.500   0.6155   0.02779   0.02158  -0.1889   0.8007   0.5063
   1.000   0.6867   0.02652   0.02039  -0.1909   0.7891   0.5349
   1.500   0.7735   0.02458   0.01850  -0.1955   0.7813   0.5647
   2.000   0.8588   0.02288   0.01686  -0.1999   0.7652   0.5922
   2.500   0.9530   0.02124   0.01517  -0.2061   0.7449   0.6191
   3.000   1.0361   0.02050   0.01432  -0.2105   0.7173   0.6434
   3.500   1.0962   0.02069   0.01440  -0.2107   0.6858   0.6650
   4.000   1.1509   0.02102   0.01460  -0.2097   0.6570   0.6832
   4.500   1.1871   0.02177   0.01532  -0.2053   0.6284   0.6979
   5.000   1.2260   0.02256   0.01603  -0.2017   0.6006   0.7150
   5.500   1.2626   0.02337   0.01677  -0.1975   0.5745   0.7306
   6.000   1.2961   0.02417   0.01751  -0.1928   0.5495   0.7433
   6.500   1.3340   0.02504   0.01827  -0.1893   0.5248   0.7592
   7.500   1.3968   0.02694   0.02009  -0.1799   0.4774   0.7877
   8.000   1.4268   0.02800   0.02114  -0.1753   0.4540   0.8022
   8.500   1.4558   0.02916   0.02230  -0.1708   0.4310   0.8168
   9.000   1.4840   0.03041   0.02354  -0.1663   0.4083   0.8310
   9.500   1.5102   0.03179   0.02492  -0.1616   0.3860   0.8450
  10.000   1.5353   0.03332   0.02645  -0.1571   0.3640   0.8584
