  
       XFOIL         Version 6.99
  
 Calculated polar for: NACA 5518                                       
  
 1 1 Reynolds number fixed          Mach number fixed         
  
 xtrf =   1.000 (top)        1.000 (bottom)  
 Mach =   0.050     Re =     0.200 e 6     Ncrit =   9.000
  
   alpha    CL        CD       CDp       CM     Top_Xtr  Bot_Xtr
  ------ -------- --------- --------- -------- -------- --------
  -2.000   0.3674   0.01643   0.00893  -0.1442   0.7881   0.3309
  -1.500   0.4305   0.01599   0.00849  -0.1452   0.7776   0.3689
  -1.000   0.4827   0.01580   0.00845  -0.1443   0.7642   0.4065
  -0.500   0.5474   0.01540   0.00811  -0.1457   0.7538   0.4514
   0.000   0.6016   0.01520   0.00803  -0.1451   0.7401   0.4983
   0.500   0.6536   0.01509   0.00808  -0.1441   0.7261   0.5505
   1.000   0.7106   0.01486   0.00802  -0.1439   0.7134   0.6153
   1.500   0.7659   0.01455   0.00795  -0.1432   0.7001   0.7010
   2.000   0.8058   0.01430   0.00818  -0.1390   0.6850   0.8493
   2.500   0.8797   0.01432   0.00818  -0.1423   0.6701   1.0000
   3.000   0.9342   0.01455   0.00821  -0.1421   0.6555   1.0000
   3.500   0.9916   0.01477   0.00823  -0.1423   0.6410   1.0000
   4.000   1.0384   0.01511   0.00849  -0.1405   0.6247   1.0000
   4.500   1.0852   0.01549   0.00881  -0.1388   0.6082   1.0000
   5.000   1.1324   0.01591   0.00915  -0.1371   0.5918   1.0000
   5.500   1.1793   0.01634   0.00952  -0.1354   0.5754   1.0000
   6.000   1.2251   0.01681   0.00991  -0.1336   0.5586   1.0000
   6.500   1.2692   0.01730   0.01035  -0.1314   0.5416   1.0000
   7.000   1.3108   0.01785   0.01084  -0.1288   0.5241   1.0000
   7.500   1.3482   0.01844   0.01138  -0.1255   0.5063   1.0000
   8.000   1.3805   0.01911   0.01202  -0.1213   0.4882   1.0000
   8.500   1.4101   0.01990   0.01279  -0.1168   0.4697   1.0000
   9.000   1.4365   0.02084   0.01373  -0.1120   0.4507   1.0000
   9.500   1.4600   0.02194   0.01484  -0.1070   0.4314   1.0000
  10.000   1.4811   0.02323   0.01617  -0.1020   0.4117   1.0000
