  
       XFOIL         Version 6.99
  
 Calculated polar for: NACA 9028                                       
  
 1 1 Reynolds number fixed          Mach number fixed         
  
 xtrf =   1.000 (top)        1.000 (bottom)  
 Mach =   0.050     Re =     0.200 e 6     Ncrit =   9.000
  
   alpha    CL        CD       CDp       CM     Top_Xtr  Bot_Xtr
  ------ -------- --------- --------- -------- -------- --------
  -2.000   0.5248   0.01825   0.01035  -0.0312   0.4992   0.6743
  -1.500   0.5588   0.01842   0.01069  -0.0273   0.4852   0.7006
  -1.000   0.6025   0.01872   0.01106  -0.0252   0.4721   0.7291
  -0.500   0.6458   0.01897   0.01135  -0.0230   0.4591   0.7594
   0.000   0.6742   0.01934   0.01189  -0.0182   0.4463   0.7918
   0.500   0.7204   0.01978   0.01231  -0.0166   0.4343   0.8267
   1.000   0.7452   0.02036   0.01308  -0.0112   0.4220   0.8633
   1.500   0.7854   0.02114   0.01389  -0.0087   0.4102   0.8990
   2.000   0.8293   0.02197   0.01469  -0.0072   0.3982   0.9343
   2.500   0.8907   0.02325   0.01601  -0.0101   0.3850   0.9582
   3.000   0.9711   0.02448   0.01712  -0.0169   0.3720   0.9744
   3.500   1.0525   0.02569   0.01825  -0.0246   0.3586   0.9869
   4.000   1.1235   0.02719   0.01981  -0.0313   0.3455   0.9994
   4.500   1.1293   0.02752   0.01996  -0.0251   0.3371   1.0003
   5.000   1.1036   0.02843   0.02097  -0.0140   0.3288   1.0003
   5.500   1.1313   0.02910   0.02142  -0.0113   0.3198   1.0003
   6.000   1.1232   0.03089   0.02336  -0.0044   0.3108   1.0003
   6.500   1.1575   0.03192   0.02422  -0.0034   0.3018   1.0003
   7.000   1.1581   0.03432   0.02678   0.0008   0.2927   1.0003
   7.500   1.1890   0.03578   0.02812   0.0015   0.2841   1.0003
   8.000   1.1935   0.03859   0.03106   0.0042   0.2752   1.0003
   8.500   1.2186   0.04061   0.03303   0.0048   0.2671   1.0003
   9.000   1.2252   0.04381   0.03632   0.0065   0.2586   1.0003
   9.500   1.2440   0.04650   0.03901   0.0069   0.2508   1.0003
  10.000   1.2516   0.05005   0.04263   0.0077   0.2428   1.0003
  -2.000   0.5248   0.01825   0.01035  -0.0312   0.4992   0.6743
  -1.500   0.5588   0.01842   0.01069  -0.0273   0.4852   0.7006
  -1.000   0.6025   0.01872   0.01106  -0.0252   0.4721   0.7291
  -0.500   0.6458   0.01897   0.01135  -0.0230   0.4591   0.7594
   0.000   0.6742   0.01934   0.01189  -0.0182   0.4463   0.7918
   0.500   0.7204   0.01978   0.01231  -0.0166   0.4343   0.8267
   1.000   0.7452   0.02036   0.01308  -0.0112   0.4220   0.8633
   1.500   0.7854   0.02114   0.01389  -0.0087   0.4102   0.8990
   2.000   0.8293   0.02197   0.01469  -0.0072   0.3982   0.9343
   2.500   0.8907   0.02325   0.01601  -0.0101   0.3850   0.9582
   3.000   0.9711   0.02448   0.01712  -0.0169   0.3720   0.9744
   3.500   1.0525   0.02569   0.01825  -0.0246   0.3586   0.9869
   4.000   1.1235   0.02719   0.01981  -0.0313   0.3455   0.9994
   4.500   1.1293   0.02752   0.01996  -0.0251   0.3371   1.0003
   5.000   1.1036   0.02843   0.02097  -0.0140   0.3288   1.0003
   5.500   1.1313   0.02910   0.02142  -0.0113   0.3198   1.0003
   6.000   1.1232   0.03089   0.02336  -0.0044   0.3108   1.0003
   6.500   1.1575   0.03192   0.02422  -0.0034   0.3018   1.0003
   7.000   1.1581   0.03432   0.02678   0.0008   0.2927   1.0003
   7.500   1.1890   0.03578   0.02812   0.0015   0.2841   1.0003
   8.000   1.1935   0.03859   0.03106   0.0042   0.2752   1.0003
   8.500   1.2186   0.04061   0.03303   0.0048   0.2671   1.0003
   9.000   1.2252   0.04381   0.03632   0.0065   0.2586   1.0003
   9.500   1.2440   0.04650   0.03901   0.0069   0.2508   1.0003
  10.000   1.2516   0.05005   0.04263   0.0077   0.2428   1.0003
