  
       XFOIL         Version 6.99
  
 Calculated polar for: NACA 7326                                       
  
 1 1 Reynolds number fixed          Mach number fixed         
  
 xtrf =   1.000 (top)        1.000 (bottom)  
 Mach =   0.050     Re =     0.200 e 6     Ncrit =   9.000
  
   alpha    CL        CD       CDp       CM     Top_Xtr  Bot_Xtr
  ------ -------- --------- --------- -------- -------- --------
  -2.000   0.4085   0.02169   0.01185  -0.1112   0.4979   0.1612
  -1.500   0.4575   0.02178   0.01173  -0.1102   0.4857   0.1715
  -1.000   0.4920   0.02160   0.01165  -0.1065   0.4747   0.1817
  -0.500   0.5460   0.02164   0.01156  -0.1066   0.4655   0.1959
   0.000   0.5851   0.02172   0.01169  -0.1039   0.4576   0.2110
   0.500   0.6358   0.02177   0.01172  -0.1035   0.4508   0.2316
   1.000   0.6889   0.02186   0.01192  -0.1036   0.4448   0.2615
   1.500   0.7271   0.02155   0.01224  -0.1015   0.4390   0.3732
   2.000   0.7612   0.02100   0.01310  -0.0970   0.4341   0.7822
   2.500   0.8247   0.02171   0.01387  -0.0973   0.4295   0.9178
   3.000   0.9164   0.02305   0.01517  -0.1049   0.4247   0.9819
   3.500   0.9933   0.02405   0.01608  -0.1107   0.4196   1.0000
   4.000   1.0117   0.02448   0.01637  -0.1050   0.4160   1.0000
   4.500   1.0565   0.02513   0.01683  -0.1039   0.4127   1.0000
   5.000   1.1143   0.02625   0.01777  -0.1054   0.4092   1.0000
   5.500   1.1236   0.02732   0.01893  -0.0985   0.4062   1.0000
   6.000   1.1430   0.02861   0.02029  -0.0938   0.4025   1.0000
   6.500   1.1736   0.02993   0.02161  -0.0912   0.3992   1.0000
   7.000   1.2152   0.03110   0.02272  -0.0903   0.3962   1.0000
   7.500   1.2759   0.03209   0.02355  -0.0922   0.3931   1.0000
   8.000   1.2949   0.03426   0.02581  -0.0885   0.3900   1.0000
   8.500   1.2708   0.03771   0.02956  -0.0797   0.3866   1.0000
   9.000   1.2424   0.04226   0.03437  -0.0718   0.3827   1.0000
   9.500   1.2386   0.04608   0.03830  -0.0674   0.3787   1.0000
  10.000   1.2820   0.04755   0.03970  -0.0675   0.3760   1.0000
