  
       XFOIL         Version 6.99
  
 Calculated polar for: NACA 6334                                       
  
 1 1 Reynolds number fixed          Mach number fixed         
  
 xtrf =   1.000 (top)        1.000 (bottom)  
 Mach =   0.050     Re =     0.200 e 6     Ncrit =   9.000
  
   alpha    CL        CD       CDp       CM     Top_Xtr  Bot_Xtr
  ------ -------- --------- --------- -------- -------- --------
  -2.000   0.2102   0.02387   0.01404  -0.0706   0.4822   0.2601
  -1.500   0.2318   0.02392   0.01419  -0.0653   0.4732   0.2749
  -1.000   0.2663   0.02374   0.01407  -0.0623   0.4654   0.2973
  -0.500   0.3065   0.02342   0.01407  -0.0605   0.4587   0.3484
   0.000   0.3250   0.02333   0.01469  -0.0550   0.4523   0.4810
   0.500   0.3657   0.02361   0.01517  -0.0529   0.4463   0.5595
   1.000   0.4242   0.02413   0.01562  -0.0538   0.4407   0.6070
   1.500   0.4483   0.02503   0.01672  -0.0494   0.4359   0.6386
   2.000   0.4858   0.02580   0.01757  -0.0473   0.4311   0.6697
   2.500   0.5365   0.02634   0.01808  -0.0471   0.4267   0.7005
   3.000   0.5989   0.02701   0.01872  -0.0487   0.4224   0.7308
   3.500   0.6084   0.02843   0.02045  -0.0428   0.4187   0.7578
   4.000   0.6278   0.02986   0.02209  -0.0385   0.4147   0.7886
   4.500   0.6600   0.03093   0.02327  -0.0358   0.4109   0.8245
   5.000   0.7124   0.03150   0.02379  -0.0356   0.4075   0.8621
   5.500   0.7608   0.03284   0.02515  -0.0349   0.4043   0.9000
   6.000   0.7329   0.03697   0.02969  -0.0263   0.4005   0.9434
   6.500   0.7370   0.04243   0.03541  -0.0257   0.3951   0.9718
   7.000   0.8196   0.04497   0.03786  -0.0344   0.3915   0.9859
   7.500   0.9393   0.04498   0.03761  -0.0460   0.3890   0.9937
   9.000   0.0665   0.14496   0.13977  -0.0029   0.3485   1.0000
   9.500   0.0992   0.14733   0.14200  -0.0033   0.3431   1.0000
  10.000   0.1472   0.14967   0.14420  -0.0042   0.3408   1.0000
