  
       XFOIL         Version 6.99
  
 Calculated polar for: NACA 1304                                       
  
 1 1 Reynolds number fixed          Mach number fixed         
  
 xtrf =   1.000 (top)        1.000 (bottom)  
 Mach =   0.050     Re =     0.200 e 6     Ncrit =   9.000
  
   alpha    CL        CD       CDp       CM     Top_Xtr  Bot_Xtr
  ------ -------- --------- --------- -------- -------- --------
  -2.000  -0.1298   0.01151   0.00354  -0.0201   1.0000   0.0460
  -1.500  -0.0719   0.00678   0.00194  -0.0200   1.0000   1.0000
  -1.000  -0.0215   0.00676   0.00154  -0.0189   1.0000   1.0000
  -0.500   0.0288   0.00676   0.00128  -0.0179   1.0000   1.0000
   0.000   0.0791   0.00681   0.00120  -0.0170   1.0000   1.0000
   0.500   0.1295   0.00690   0.00126  -0.0162   1.0000   1.0000
   1.000   0.1801   0.00703   0.00147  -0.0155   1.0000   1.0000
   1.500   0.2307   0.00724   0.00179  -0.0151   1.0000   1.0000
   2.000   0.2977   0.00750   0.00231  -0.0183   0.9898   1.0000
   2.500   0.3965   0.00741   0.00240  -0.0243   0.7924   1.0000
   3.000   0.4242   0.01199   0.00356  -0.0186   0.0455   1.0000
