  
       XFOIL         Version 6.99
  
 Calculated polar for: NACA 2716                                       
  
 1 1 Reynolds number fixed          Mach number fixed         
  
 xtrf =   1.000 (top)        1.000 (bottom)  
 Mach =   0.050     Re =     0.200 e 6     Ncrit =   9.000
  
   alpha    CL        CD       CDp       CM     Top_Xtr  Bot_Xtr
  ------ -------- --------- --------- -------- -------- --------
  -2.000  -0.0306   0.01631   0.00979  -0.0667   0.9083   0.5215
  -1.500   0.0371   0.01577   0.00941  -0.0683   0.8941   0.5630
  -1.000   0.1081   0.01515   0.00894  -0.0703   0.8810   0.6040
  -0.500   0.1927   0.01425   0.00820  -0.0746   0.8737   0.6447
   0.000   0.2584   0.01353   0.00764  -0.0751   0.8572   0.6794
   0.500   0.3255   0.01280   0.00701  -0.0758   0.8384   0.7127
   1.000   0.3834   0.01229   0.00656  -0.0749   0.8092   0.7452
   1.500   0.4452   0.01182   0.00613  -0.0746   0.7744   0.7750
   2.000   0.5048   0.01158   0.00580  -0.0741   0.7317   0.8057
   2.500   0.5569   0.01166   0.00573  -0.0721   0.6858   0.8363
   3.000   0.6031   0.01190   0.00586  -0.0692   0.6422   0.8686
   3.500   0.6462   0.01217   0.00604  -0.0657   0.6016   0.9055
   4.000   0.6992   0.01253   0.00628  -0.0644   0.5609   0.9477
   4.500   0.7767   0.01305   0.00664  -0.0690   0.5156   0.9865
   5.000   0.8253   0.01349   0.00688  -0.0685   0.4756   1.0000
   5.500   0.8662   0.01406   0.00724  -0.0660   0.4377   1.0000
   6.000   0.9076   0.01472   0.00772  -0.0634   0.3996   1.0000
   6.500   0.9476   0.01546   0.00829  -0.0606   0.3620   1.0000
   7.000   0.9859   0.01628   0.00896  -0.0575   0.3251   1.0000
   7.500   1.0211   0.01719   0.00972  -0.0539   0.2895   1.0000
   8.000   1.0533   0.01823   0.01061  -0.0499   0.2559   1.0000
   8.500   1.0845   0.01944   0.01168  -0.0460   0.2248   1.0000
   9.000   1.1144   0.02082   0.01292  -0.0421   0.1968   1.0000
   9.500   1.1444   0.02229   0.01435  -0.0384   0.1723   1.0000
  10.000   1.1707   0.02403   0.01598  -0.0345   0.1526   1.0000
