  
       XFOIL         Version 6.99
  
 Calculated polar for: NACA 8514                                       
  
 1 1 Reynolds number fixed          Mach number fixed         
  
 xtrf =   1.000 (top)        1.000 (bottom)  
 Mach =   0.050     Re =     0.200 e 6     Ncrit =   9.000
  
   alpha    CL        CD       CDp       CM     Top_Xtr  Bot_Xtr
  ------ -------- --------- --------- -------- -------- --------
  -2.000   0.7008   0.01927   0.01161  -0.2265   0.8008   0.1685
  -1.500   0.7420   0.01947   0.01183  -0.2239   0.7886   0.1952
  -1.000   0.8208   0.01849   0.01087  -0.2282   0.7847   0.2372
  -0.500   0.8636   0.01873   0.01122  -0.2260   0.7728   0.2749
   0.000   0.9406   0.01796   0.01049  -0.2300   0.7681   0.3304
   0.500   0.9834   0.01824   0.01094  -0.2277   0.7561   0.3803
   1.000   1.0553   0.01768   0.01050  -0.2308   0.7501   0.4528
   1.500   1.1004   0.01779   0.01088  -0.2289   0.7384   0.5336
   2.000   1.1493   0.01733   0.01107  -0.2273   0.7288   0.7655
   2.500   1.2089   0.01702   0.01071  -0.2278   0.7200   1.0000
   3.000   1.2545   0.01752   0.01114  -0.2260   0.7083   1.0000
   3.500   1.3220   0.01747   0.01092  -0.2283   0.7000   1.0000
   4.000   1.3674   0.01791   0.01134  -0.2264   0.6879   1.0000
   4.500   1.4127   0.01842   0.01185  -0.2246   0.6760   1.0000
   5.000   1.4754   0.01851   0.01186  -0.2260   0.6663   1.0000
   5.500   1.5211   0.01894   0.01230  -0.2243   0.6538   1.0000
   6.000   1.5606   0.01955   0.01298  -0.2214   0.6408   1.0000
   6.500   1.6065   0.02003   0.01349  -0.2197   0.6284   1.0000
   7.000   1.6624   0.02029   0.01374  -0.2199   0.6165   1.0000
   7.500   1.7031   0.02081   0.01432  -0.2173   0.6026   1.0000
   8.000   1.7307   0.02154   0.01515  -0.2122   0.5878   1.0000
   8.500   1.7591   0.02230   0.01600  -0.2073   0.5723   1.0000
   9.000   1.7851   0.02294   0.01667  -0.2020   0.5537   1.0000
   9.500   1.7944   0.02403   0.01779  -0.1939   0.5309   1.0000
  10.000   1.8013   0.02561   0.01947  -0.1862   0.5090   1.0000
