  
       XFOIL         Version 6.99
  
 Calculated polar for: NACA 4138                                       
  
 1 1 Reynolds number fixed          Mach number fixed         
  
 xtrf =   1.000 (top)        1.000 (bottom)  
 Mach =   0.050     Re =     0.200 e 6     Ncrit =   9.000
  
   alpha    CL        CD       CDp       CM     Top_Xtr  Bot_Xtr
  ------ -------- --------- --------- -------- -------- --------
  -2.000   0.0354   0.02394   0.01558  -0.0096   0.5140   0.4995
  -1.500   0.0632   0.02398   0.01558  -0.0048   0.5043   0.5126
  -1.000   0.0823   0.02410   0.01570   0.0012   0.4949   0.5245
  -0.500   0.1049   0.02426   0.01591   0.0066   0.4851   0.5359
   0.000   0.1500   0.02436   0.01586   0.0078   0.4762   0.5487
   0.500   0.1613   0.02483   0.01650   0.0147   0.4665   0.5600
   1.000   0.2188   0.02483   0.01626   0.0138   0.4579   0.5744
   1.500   0.2244   0.02559   0.01729   0.0210   0.4487   0.5865
   2.000   0.2638   0.02581   0.01738   0.0229   0.4402   0.6014
   2.500   0.2947   0.02648   0.01819   0.0257   0.4317   0.6158
   3.000   0.3178   0.02711   0.01882   0.0295   0.4229   0.6313
   3.500   0.3739   0.02739   0.01908   0.0286   0.4150   0.6483
   4.000   0.3732   0.02872   0.02060   0.0351   0.4061   0.6642
   4.500   0.4347   0.02872   0.02045   0.0335   0.3981   0.6836
   5.000   0.4258   0.03060   0.02264   0.0404   0.3888   0.7007
   5.500   0.4774   0.03065   0.02253   0.0399   0.3799   0.7218
   6.000   0.4672   0.03300   0.02516   0.0461   0.3700   0.7422
   6.500   0.5172   0.03322   0.02532   0.0458   0.3620   0.7646
   7.000   0.5086   0.03613   0.02852   0.0509   0.3534   0.7875
   7.500   0.5450   0.03706   0.02944   0.0517   0.3462   0.8131
   8.000   0.5455   0.04003   0.03262   0.0555   0.3379   0.8397
   8.500   0.5699   0.04172   0.03436   0.0574   0.3303   0.8674
   9.000   0.5721   0.04505   0.03785   0.0608   0.3222   0.8952
   9.500   0.5944   0.04755   0.04038   0.0621   0.3144   0.9215
  10.000   0.6045   0.05245   0.04540   0.0617   0.3054   0.9412
  -2.000   0.0354   0.02394   0.01558  -0.0096   0.5140   0.4995
  -1.500   0.0632   0.02398   0.01558  -0.0048   0.5043   0.5126
  -1.000   0.0823   0.02410   0.01570   0.0012   0.4949   0.5245
  -0.500   0.1049   0.02426   0.01591   0.0066   0.4851   0.5359
   0.000   0.1500   0.02436   0.01586   0.0078   0.4762   0.5487
   0.500   0.1613   0.02483   0.01650   0.0147   0.4665   0.5600
   1.000   0.2188   0.02483   0.01626   0.0138   0.4579   0.5744
   1.500   0.2244   0.02559   0.01729   0.0210   0.4487   0.5865
   2.000   0.2638   0.02581   0.01738   0.0229   0.4402   0.6014
   2.500   0.2947   0.02648   0.01819   0.0257   0.4317   0.6158
   3.000   0.3178   0.02711   0.01882   0.0295   0.4229   0.6313
   3.500   0.3739   0.02739   0.01908   0.0286   0.4150   0.6483
   4.000   0.3732   0.02872   0.02060   0.0351   0.4061   0.6642
   4.500   0.4347   0.02872   0.02045   0.0335   0.3981   0.6836
   5.000   0.4258   0.03060   0.02264   0.0404   0.3888   0.7007
   5.500   0.4774   0.03065   0.02253   0.0399   0.3799   0.7218
   6.000   0.4672   0.03300   0.02516   0.0461   0.3700   0.7422
   6.500   0.5172   0.03322   0.02532   0.0458   0.3620   0.7646
   7.000   0.5086   0.03613   0.02852   0.0509   0.3534   0.7875
   7.500   0.5450   0.03706   0.02944   0.0517   0.3462   0.8131
   8.000   0.5455   0.04003   0.03262   0.0555   0.3379   0.8397
   8.500   0.5699   0.04172   0.03436   0.0574   0.3303   0.8674
   9.000   0.5721   0.04505   0.03785   0.0608   0.3222   0.8952
   9.500   0.5944   0.04755   0.04038   0.0621   0.3144   0.9215
  10.000   0.6045   0.05245   0.04540   0.0617   0.3054   0.9412
  -2.000   0.0354   0.02394   0.01558  -0.0096   0.5140   0.4995
  -1.500   0.0632   0.02398   0.01558  -0.0048   0.5043   0.5126
  -1.000   0.0823   0.02410   0.01570   0.0012   0.4949   0.5245
  -0.500   0.1049   0.02426   0.01591   0.0066   0.4851   0.5359
   0.000   0.1500   0.02436   0.01586   0.0078   0.4762   0.5487
   0.500   0.1613   0.02483   0.01650   0.0147   0.4665   0.5600
   1.000   0.2188   0.02483   0.01626   0.0138   0.4579   0.5744
   1.500   0.2244   0.02559   0.01729   0.0210   0.4487   0.5865
   2.000   0.2638   0.02581   0.01738   0.0229   0.4402   0.6014
   2.500   0.2947   0.02648   0.01819   0.0257   0.4317   0.6158
   3.000   0.3178   0.02711   0.01882   0.0295   0.4229   0.6313
   3.500   0.3739   0.02739   0.01908   0.0286   0.4150   0.6483
   4.000   0.3732   0.02872   0.02060   0.0351   0.4061   0.6642
   4.500   0.4347   0.02872   0.02045   0.0335   0.3981   0.6836
   5.000   0.4258   0.03060   0.02264   0.0404   0.3888   0.7007
   5.500   0.4774   0.03065   0.02253   0.0399   0.3799   0.7218
   6.000   0.4672   0.03300   0.02516   0.0461   0.3700   0.7422
   6.500   0.5172   0.03322   0.02532   0.0458   0.3620   0.7646
   7.000   0.5086   0.03613   0.02852   0.0509   0.3534   0.7875
   7.500   0.5450   0.03706   0.02944   0.0517   0.3462   0.8131
   8.000   0.5455   0.04003   0.03262   0.0555   0.3379   0.8397
   8.500   0.5699   0.04172   0.03436   0.0574   0.3303   0.8674
   9.000   0.5721   0.04505   0.03785   0.0608   0.3222   0.8952
   9.500   0.5944   0.04755   0.04038   0.0621   0.3144   0.9215
  10.000   0.6045   0.05245   0.04540   0.0617   0.3054   0.9412
