  
       XFOIL         Version 6.99
  
 Calculated polar for: NACA 8412                                       
  
 1 1 Reynolds number fixed          Mach number fixed         
  
 xtrf =   1.000 (top)        1.000 (bottom)  
 Mach =   0.050     Re =     0.200 e 6     Ncrit =   9.000
  
   alpha    CL        CD       CDp       CM     Top_Xtr  Bot_Xtr
  ------ -------- --------- --------- -------- -------- --------
  -2.000   0.6762   0.01704   0.00922  -0.1985   0.7436   0.0871
  -1.500   0.7335   0.01612   0.00802  -0.1987   0.7257   0.1013
  -1.000   0.7889   0.01537   0.00715  -0.1986   0.7069   0.1207
  -0.500   0.8423   0.01511   0.00679  -0.1981   0.6871   0.1465
   0.000   0.8964   0.01495   0.00656  -0.1978   0.6692   0.1808
   0.500   0.9502   0.01488   0.00651  -0.1976   0.6522   0.2254
   1.000   1.0040   0.01489   0.00658  -0.1974   0.6368   0.2878
   1.500   1.0561   0.01425   0.00684  -0.1973   0.6233   0.6361
   3.000   1.2113   0.01526   0.00765  -0.1951   0.5884   1.0000
   3.500   1.2676   0.01585   0.00802  -0.1955   0.5796   1.0000
   4.000   1.3167   0.01644   0.00865  -0.1946   0.5696   1.0000
   4.500   1.3711   0.01710   0.00923  -0.1948   0.5617   1.0000
   5.000   1.4204   0.01775   0.00992  -0.1941   0.5529   1.0000
   5.500   1.4741   0.01848   0.01063  -0.1942   0.5456   1.0000
   6.000   1.5213   0.01920   0.01146  -0.1931   0.5372   1.0000
   6.500   1.5760   0.01999   0.01224  -0.1935   0.5303   1.0000
   7.000   1.6189   0.02082   0.01327  -0.1917   0.5219   1.0000
   7.500   1.6759   0.02161   0.01406  -0.1926   0.5151   1.0000
   8.000   1.7125   0.02259   0.01534  -0.1898   0.5066   1.0000
   8.500   1.7705   0.02337   0.01613  -0.1908   0.4995   1.0000
   9.000   1.8009   0.02448   0.01761  -0.1869   0.4906   1.0000
   9.500   1.8405   0.02502   0.01827  -0.1844   0.4781   1.0000
  10.000   1.8646   0.02526   0.01861  -0.1788   0.4606   1.0000
