  
       XFOIL         Version 6.99
  
 Calculated polar for: NACA 8706                                       
  
 1 1 Reynolds number fixed          Mach number fixed         
  
 xtrf =   1.000 (top)        1.000 (bottom)  
 Mach =   0.050     Re =     0.200 e 6     Ncrit =   9.000
  
   alpha    CL        CD       CDp       CM     Top_Xtr  Bot_Xtr
  ------ -------- --------- --------- -------- -------- --------
  -2.000   0.1427   0.05323   0.04927  -0.1596   0.9734   0.0793
  -1.500   0.4218   0.04068   0.03382  -0.2136   0.9868   0.0539
  -1.000   0.4983   0.04093   0.03403  -0.2191   0.9877   0.0977
  -0.500   0.5706   0.04175   0.03528  -0.2242   0.9878   0.2636
   0.000   0.6343   0.04309   0.03690  -0.2271   0.9866   0.4107
   0.500   0.6970   0.04483   0.03888  -0.2294   0.9853   0.5272
   1.000   0.7301   0.04561   0.03985  -0.2258   0.9772   0.5988
   1.500   0.7919   0.04768   0.04202  -0.2276   0.9737   0.6625
   2.000   0.8307   0.04873   0.04320  -0.2252   0.9629   0.7034
   3.000   0.9437   0.05101   0.04578  -0.2271   0.9378   0.7797
   3.500   1.0202   0.04959   0.04460  -0.2301   0.9071   0.8184
   4.000   1.0909   0.04880   0.04413  -0.2327   0.8904   0.8610
   4.500   1.2783   0.03093   0.02678  -0.2452   0.7928   1.0000
   5.000   1.2879   0.03028   0.02148  -0.2305   0.0447   1.0000
   5.500   1.3149   0.03307   0.02436  -0.2250   0.0327   1.0000
   6.500   1.3512   0.03147   0.02363  -0.2020   0.0248   1.0000
