  
       XFOIL         Version 6.99
  
 Calculated polar for: NACA 7222                                       
  
 1 1 Reynolds number fixed          Mach number fixed         
  
 xtrf =   1.000 (top)        1.000 (bottom)  
 Mach =   0.050     Re =     0.200 e 6     Ncrit =   9.000
  
   alpha    CL        CD       CDp       CM     Top_Xtr  Bot_Xtr
  ------ -------- --------- --------- -------- -------- --------
  -2.000   0.4248   0.02872   0.02074  -0.0994   0.4749   0.1316
  -1.500   0.4487   0.02796   0.01942  -0.0936   0.4364   0.1500
  -1.000   0.4669   0.02630   0.01747  -0.0873   0.4007   0.1650
  -0.500   0.5106   0.02404   0.01402  -0.0807   0.3746   0.0895
   0.000   0.5444   0.02396   0.01370  -0.0770   0.3550   0.0940
   0.500   0.5862   0.02363   0.01313  -0.0745   0.3416   0.0979
   1.000   0.6315   0.02378   0.01309  -0.0730   0.3322   0.1046
   1.500   0.6782   0.02373   0.01304  -0.0718   0.3249   0.1116
   2.000   0.7272   0.02388   0.01308  -0.0710   0.3191   0.1206
   2.500   0.7793   0.02412   0.01330  -0.0709   0.3145   0.1328
   3.000   0.8272   0.02439   0.01362  -0.0701   0.3105   0.1483
   3.500   0.8765   0.02470   0.01390  -0.0698   0.3067   0.1738
   5.000   1.0413   0.02554   0.01640  -0.0711   0.2977   1.0000
   5.500   1.0836   0.02656   0.01739  -0.0698   0.2957   1.0000
   6.000   1.1267   0.02768   0.01848  -0.0688   0.2937   1.0000
   6.500   1.1700   0.02888   0.01964  -0.0679   0.2917   1.0000
   7.000   1.2129   0.03013   0.02086  -0.0671   0.2897   1.0000
   7.500   1.2565   0.03138   0.02205  -0.0664   0.2876   1.0000
   8.000   1.3044   0.03274   0.02333  -0.0666   0.2857   1.0000
   8.500   1.3579   0.03447   0.02500  -0.0678   0.2840   1.0000
   9.000   1.3968   0.03671   0.02731  -0.0671   0.2826   1.0000
   9.500   1.4123   0.03885   0.02966  -0.0631   0.2816   1.0000
  10.000   1.4204   0.04153   0.03256  -0.0588   0.2806   1.0000
