  
       XFOIL         Version 6.99
  
 Calculated polar for: NACA 1206                                       
  
 1 1 Reynolds number fixed          Mach number fixed         
  
 xtrf =   1.000 (top)        1.000 (bottom)  
 Mach =   0.050     Re =     0.200 e 6     Ncrit =   9.000
  
   alpha    CL        CD       CDp       CM     Top_Xtr  Bot_Xtr
  ------ -------- --------- --------- -------- -------- --------
  -2.000  -0.1530   0.01077   0.00300  -0.0125   1.0000   0.1126
  -1.500  -0.0747   0.00737   0.00256  -0.0162   1.0000   1.0000
  -1.000  -0.0328   0.00735   0.00229  -0.0137   1.0000   1.0000
  -0.500   0.0117   0.00740   0.00217  -0.0118   1.0000   1.0000
   0.000   0.0578   0.00753   0.00217  -0.0103   1.0000   1.0000
   0.500   0.1046   0.00774   0.00233  -0.0092   1.0000   1.0000
   1.000   0.1956   0.00787   0.00249  -0.0171   0.9812   1.0000
   1.500   0.2858   0.00778   0.00251  -0.0241   0.9464   1.0000
   2.000   0.3548   0.00768   0.00249  -0.0258   0.8869   1.0000
   2.500   0.4042   0.00783   0.00250  -0.0229   0.7931   1.0000
   3.000   0.4499   0.00840   0.00268  -0.0196   0.6621   1.0000
   3.500   0.4948   0.00946   0.00301  -0.0170   0.4913   1.0000
   4.000   0.5427   0.01052   0.00355  -0.0157   0.3570   1.0000
   4.500   0.5896   0.01206   0.00434  -0.0146   0.1563   1.0000
   5.000   0.6331   0.01537   0.00703  -0.0128   0.0436   1.0000
   5.500   0.6796   0.01831   0.01005  -0.0109   0.0344   1.0000
   6.000   0.7289   0.02162   0.01378  -0.0092   0.0289   1.0000
   6.500   0.7767   0.02685   0.01976  -0.0069   0.0285   1.0000
