  
       XFOIL         Version 6.99
  
 Calculated polar for: NACA 5508                                       
  
 1 1 Reynolds number fixed          Mach number fixed         
  
 xtrf =   1.000 (top)        1.000 (bottom)  
 Mach =   0.050     Re =     0.200 e 6     Ncrit =   9.000
  
   alpha    CL        CD       CDp       CM     Top_Xtr  Bot_Xtr
  ------ -------- --------- --------- -------- -------- --------
  -2.000   0.3552   0.01546   0.00824  -0.1506   0.9176   0.1783
  -1.500   0.4197   0.01479   0.00796  -0.1526   0.9082   0.3007
  -1.000   0.4917   0.01388   0.00755  -0.1558   0.9025   0.4671
   0.000   0.6025   0.01243   0.00702  -0.1543   0.8806   1.0000
   0.500   0.6699   0.01208   0.00649  -0.1560   0.8731   1.0000
   1.000   0.7268   0.01201   0.00633  -0.1558   0.8600   1.0000
   1.500   0.7839   0.01194   0.00621  -0.1555   0.8465   1.0000
   2.000   0.8410   0.01187   0.00611  -0.1553   0.8324   1.0000
   2.500   0.8980   0.01181   0.00607  -0.1549   0.8174   1.0000
   3.000   0.9522   0.01187   0.00618  -0.1542   0.7995   1.0000
   3.500   1.0062   0.01192   0.00633  -0.1533   0.7797   1.0000
   4.000   1.0618   0.01192   0.00639  -0.1525   0.7586   1.0000
   4.500   1.1083   0.01159   0.00601  -0.1490   0.7063   1.0000
   5.000   1.1545   0.01178   0.00614  -0.1461   0.6509   1.0000
   5.500   1.1953   0.01237   0.00655  -0.1424   0.5707   1.0000
   6.000   1.2157   0.01426   0.00754  -0.1354   0.3917   1.0000
   6.500   1.2014   0.01946   0.01065  -0.1242   0.0852   1.0000
   7.000   1.2179   0.02228   0.01337  -0.1175   0.0541   1.0000
   7.500   1.2322   0.02529   0.01642  -0.1107   0.0440   1.0000
   8.000   1.2602   0.02756   0.01888  -0.1062   0.0374   1.0000
   8.500   1.2999   0.03181   0.02320  -0.1036   0.0329   1.0000
   9.000   1.3465   0.03500   0.02673  -0.1019   0.0290   1.0000
   9.500   1.4032   0.04046   0.03264  -0.1020   0.0273   1.0000
  10.000   1.4382   0.04693   0.03960  -0.0995   0.0257   1.0000
