  
       XFOIL         Version 6.99
  
 Calculated polar for: NACA 4240                                       
  
 1 1 Reynolds number fixed          Mach number fixed         
  
 xtrf =   1.000 (top)        1.000 (bottom)  
 Mach =   0.050     Re =     0.200 e 6     Ncrit =   9.000
  
   alpha    CL        CD       CDp       CM     Top_Xtr  Bot_Xtr
  ------ -------- --------- --------- -------- -------- --------
  -2.000  -0.0694   0.02547   0.01708  -0.0042   0.4945   0.5034
  -1.500  -0.0481   0.02568   0.01721   0.0011   0.4845   0.5133
  -1.000  -0.0284   0.02577   0.01728   0.0063   0.4740   0.5226
  -0.500   0.0046   0.02615   0.01766   0.0093   0.4638   0.5336
   0.000   0.0185   0.02654   0.01793   0.0153   0.4534   0.5446
   0.500   0.0561   0.02681   0.01827   0.0171   0.4432   0.5553
   1.000   0.0782   0.02730   0.01873   0.0212   0.4329   0.5655
   1.500   0.1092   0.02773   0.01907   0.0237   0.4231   0.5763
   2.000   0.1357   0.02837   0.01977   0.0267   0.4130   0.5876
   2.500   0.1627   0.02918   0.02048   0.0294   0.4033   0.5999
   3.000   0.1937   0.02981   0.02116   0.0314   0.3939   0.6122
   3.500   0.2182   0.03095   0.02230   0.0340   0.3846   0.6261
   4.000   0.2506   0.03173   0.02309   0.0355   0.3759   0.6406
   4.500   0.2736   0.03315   0.02454   0.0378   0.3673   0.6560
   5.000   0.3044   0.03420   0.02563   0.0391   0.3596   0.6718
   5.500   0.3391   0.03540   0.02681   0.0399   0.3529   0.6902
   6.000   0.3544   0.03740   0.02901   0.0425   0.3460   0.7078
   6.500   0.4085   0.03775   0.02923   0.0413   0.3409   0.7287
   7.000   0.4100   0.04078   0.03254   0.0448   0.3351   0.7492
   7.500   0.4263   0.04313   0.03507   0.0467   0.3297   0.7710
   8.000   0.4792   0.04355   0.03544   0.0457   0.3259   0.7961
   8.500   0.4824   0.04701   0.03911   0.0486   0.3217   0.8217
   9.000   0.4070   0.05622   0.04889   0.0560   0.3157   0.8449
   9.500   0.4283   0.05890   0.05167   0.0574   0.3123   0.8728
  10.000   0.5039   0.05776   0.05038   0.0557   0.3102   0.9020
  -2.000  -0.0694   0.02547   0.01708  -0.0042   0.4945   0.5034
  -1.500  -0.0481   0.02568   0.01721   0.0011   0.4845   0.5133
  -1.000  -0.0284   0.02577   0.01728   0.0063   0.4740   0.5226
  -0.500   0.0046   0.02615   0.01766   0.0093   0.4638   0.5336
   0.000   0.0185   0.02654   0.01793   0.0153   0.4534   0.5446
   0.500   0.0561   0.02681   0.01827   0.0171   0.4432   0.5553
   1.000   0.0782   0.02730   0.01873   0.0212   0.4329   0.5655
   1.500   0.1092   0.02773   0.01907   0.0237   0.4231   0.5763
   2.000   0.1357   0.02837   0.01977   0.0267   0.4130   0.5876
   2.500   0.1627   0.02918   0.02048   0.0294   0.4033   0.5999
   3.000   0.1937   0.02981   0.02116   0.0314   0.3939   0.6122
   3.500   0.2182   0.03095   0.02230   0.0340   0.3846   0.6261
   4.000   0.2506   0.03173   0.02309   0.0355   0.3759   0.6406
   4.500   0.2736   0.03315   0.02454   0.0378   0.3673   0.6560
   5.000   0.3044   0.03420   0.02563   0.0391   0.3596   0.6718
   5.500   0.3391   0.03540   0.02681   0.0399   0.3529   0.6902
   6.000   0.3544   0.03740   0.02901   0.0425   0.3460   0.7078
   6.500   0.4085   0.03775   0.02923   0.0413   0.3409   0.7287
   7.000   0.4100   0.04078   0.03254   0.0448   0.3351   0.7492
   7.500   0.4263   0.04313   0.03507   0.0467   0.3297   0.7710
   8.000   0.4792   0.04355   0.03544   0.0457   0.3259   0.7961
   8.500   0.4824   0.04701   0.03911   0.0486   0.3217   0.8217
   9.000   0.4070   0.05622   0.04889   0.0560   0.3157   0.8449
   9.500   0.4283   0.05890   0.05167   0.0574   0.3123   0.8728
  10.000   0.5039   0.05776   0.05038   0.0557   0.3102   0.9020
  -2.000  -0.0694   0.02547   0.01708  -0.0042   0.4945   0.5034
  -1.500  -0.0481   0.02568   0.01721   0.0011   0.4845   0.5133
  -1.000  -0.0284   0.02577   0.01728   0.0063   0.4740   0.5226
  -0.500   0.0046   0.02615   0.01766   0.0093   0.4638   0.5336
   0.000   0.0185   0.02654   0.01793   0.0153   0.4534   0.5446
   0.500   0.0561   0.02681   0.01827   0.0171   0.4432   0.5553
   1.000   0.0782   0.02730   0.01873   0.0212   0.4329   0.5655
   1.500   0.1092   0.02773   0.01907   0.0237   0.4231   0.5763
   2.000   0.1357   0.02837   0.01977   0.0267   0.4130   0.5876
   2.500   0.1627   0.02918   0.02048   0.0294   0.4033   0.5999
   3.000   0.1937   0.02981   0.02116   0.0314   0.3939   0.6122
   3.500   0.2182   0.03095   0.02230   0.0340   0.3846   0.6261
   4.000   0.2506   0.03173   0.02309   0.0355   0.3759   0.6406
   4.500   0.2736   0.03315   0.02454   0.0378   0.3673   0.6560
   5.000   0.3044   0.03420   0.02563   0.0391   0.3596   0.6718
   5.500   0.3391   0.03540   0.02681   0.0399   0.3529   0.6902
   6.000   0.3544   0.03740   0.02901   0.0425   0.3460   0.7078
   6.500   0.4085   0.03775   0.02923   0.0413   0.3409   0.7287
   7.000   0.4100   0.04078   0.03254   0.0448   0.3351   0.7492
   7.500   0.4263   0.04313   0.03507   0.0467   0.3297   0.7710
   8.000   0.4792   0.04355   0.03544   0.0457   0.3259   0.7961
   8.500   0.4824   0.04701   0.03911   0.0486   0.3217   0.8217
   9.000   0.4070   0.05622   0.04889   0.0560   0.3157   0.8449
   9.500   0.4283   0.05890   0.05167   0.0574   0.3123   0.8728
  10.000   0.5039   0.05776   0.05038   0.0557   0.3102   0.9020
