  
       XFOIL         Version 6.99
  
 Calculated polar for: NACA 4208                                       
  
 1 1 Reynolds number fixed          Mach number fixed         
  
 xtrf =   1.000 (top)        1.000 (bottom)  
 Mach =   0.050     Re =     0.200 e 6     Ncrit =   9.000
  
   alpha    CL        CD       CDp       CM     Top_Xtr  Bot_Xtr
  ------ -------- --------- --------- -------- -------- --------
  -2.000   0.1900   0.02359   0.01788  -0.0801   0.9135   0.0832
  -1.500   0.2478   0.02018   0.01416  -0.0799   0.8834   0.1014
  -1.000   0.3024   0.01808   0.01159  -0.0788   0.8439   0.1493
  -0.500   0.3655   0.01390   0.00650  -0.0749   0.8016   0.0637
   0.000   0.4171   0.01261   0.00489  -0.0729   0.7428   0.0771
   0.500   0.4666   0.01191   0.00388  -0.0708   0.6650   0.1005
   1.000   0.5142   0.01180   0.00326  -0.0688   0.5564   0.1515
   1.500   0.5611   0.01049   0.00316  -0.0669   0.4450   1.0000
   2.000   0.6105   0.01136   0.00340  -0.0657   0.3932   1.0000
   2.500   0.6623   0.01204   0.00374  -0.0651   0.3681   1.0000
   3.000   0.7147   0.01272   0.00416  -0.0646   0.3522   1.0000
   3.500   0.7678   0.01337   0.00466  -0.0642   0.3410   1.0000
   4.000   0.8210   0.01411   0.00529  -0.0639   0.3327   1.0000
   4.500   0.8743   0.01478   0.00592  -0.0636   0.3245   1.0000
   5.000   0.9279   0.01561   0.00675  -0.0634   0.3183   1.0000
   5.500   0.9812   0.01637   0.00761  -0.0632   0.3122   1.0000
   6.500   1.0874   0.01826   0.00976  -0.0629   0.3012   1.0000
   7.000   1.1400   0.01922   0.01090  -0.0627   0.2953   1.0000
   7.500   1.1927   0.02053   0.01239  -0.0626   0.2905   1.0000
   8.000   1.2422   0.02117   0.01319  -0.0619   0.2780   1.0000
   8.500   1.2859   0.02112   0.01344  -0.0601   0.2584   1.0000
   9.000   1.3283   0.02085   0.01336  -0.0581   0.2357   1.0000
   9.500   1.3582   0.02087   0.01317  -0.0546   0.1035   1.0000
  10.000   1.3590   0.02637   0.01832  -0.0482   0.0368   1.0000
  -2.000   0.1900   0.02359   0.01788  -0.0801   0.9135   0.0832
  -1.500   0.2478   0.02018   0.01416  -0.0799   0.8834   0.1014
  -1.000   0.3024   0.01808   0.01159  -0.0788   0.8439   0.1493
  -0.500   0.3655   0.01390   0.00650  -0.0749   0.8016   0.0637
   0.000   0.4171   0.01261   0.00489  -0.0729   0.7428   0.0771
   0.500   0.4666   0.01191   0.00388  -0.0708   0.6650   0.1005
   1.000   0.5142   0.01180   0.00326  -0.0688   0.5564   0.1515
   1.500   0.5611   0.01049   0.00316  -0.0669   0.4450   1.0000
   2.000   0.6105   0.01136   0.00340  -0.0657   0.3932   1.0000
   2.500   0.6623   0.01204   0.00374  -0.0651   0.3681   1.0000
   3.000   0.7147   0.01272   0.00416  -0.0646   0.3522   1.0000
   3.500   0.7678   0.01337   0.00466  -0.0642   0.3410   1.0000
   4.000   0.8210   0.01411   0.00529  -0.0639   0.3327   1.0000
   4.500   0.8743   0.01478   0.00592  -0.0636   0.3245   1.0000
   5.000   0.9279   0.01561   0.00675  -0.0634   0.3183   1.0000
   5.500   0.9812   0.01637   0.00761  -0.0632   0.3122   1.0000
   6.500   1.0874   0.01826   0.00976  -0.0629   0.3012   1.0000
   7.000   1.1400   0.01922   0.01090  -0.0627   0.2953   1.0000
   7.500   1.1927   0.02053   0.01239  -0.0626   0.2905   1.0000
   8.000   1.2422   0.02117   0.01319  -0.0619   0.2780   1.0000
   8.500   1.2859   0.02112   0.01344  -0.0601   0.2584   1.0000
   9.000   1.3283   0.02085   0.01336  -0.0581   0.2357   1.0000
   9.500   1.3582   0.02087   0.01317  -0.0546   0.1035   1.0000
  10.000   1.3590   0.02637   0.01832  -0.0482   0.0368   1.0000
  -2.000   0.1900   0.02359   0.01788  -0.0801   0.9135   0.0832
  -1.500   0.2478   0.02018   0.01416  -0.0799   0.8834   0.1014
  -1.000   0.3024   0.01808   0.01159  -0.0788   0.8439   0.1493
  -0.500   0.3655   0.01390   0.00650  -0.0749   0.8016   0.0637
   0.000   0.4171   0.01261   0.00489  -0.0729   0.7428   0.0771
   0.500   0.4666   0.01191   0.00388  -0.0708   0.6650   0.1005
   1.000   0.5142   0.01180   0.00326  -0.0688   0.5564   0.1515
   1.500   0.5611   0.01049   0.00316  -0.0669   0.4450   1.0000
   2.000   0.6105   0.01136   0.00340  -0.0657   0.3932   1.0000
   2.500   0.6623   0.01204   0.00374  -0.0651   0.3681   1.0000
   3.000   0.7147   0.01272   0.00416  -0.0646   0.3522   1.0000
   3.500   0.7678   0.01337   0.00466  -0.0642   0.3410   1.0000
   4.000   0.8210   0.01411   0.00529  -0.0639   0.3327   1.0000
   4.500   0.8743   0.01478   0.00592  -0.0636   0.3245   1.0000
   5.000   0.9279   0.01561   0.00675  -0.0634   0.3183   1.0000
   5.500   0.9812   0.01637   0.00761  -0.0632   0.3122   1.0000
   6.500   1.0874   0.01826   0.00976  -0.0629   0.3012   1.0000
   7.000   1.1400   0.01922   0.01090  -0.0627   0.2953   1.0000
   7.500   1.1927   0.02053   0.01239  -0.0626   0.2905   1.0000
   8.000   1.2422   0.02117   0.01319  -0.0619   0.2780   1.0000
   8.500   1.2859   0.02112   0.01344  -0.0601   0.2584   1.0000
   9.000   1.3283   0.02085   0.01336  -0.0581   0.2357   1.0000
   9.500   1.3582   0.02087   0.01317  -0.0546   0.1035   1.0000
  10.000   1.3590   0.02637   0.01832  -0.0482   0.0368   1.0000
