  
       XFOIL         Version 6.99
  
 Calculated polar for: NACA 7740                                       
  
 1 1 Reynolds number fixed          Mach number fixed         
  
 xtrf =   1.000 (top)        1.000 (bottom)  
 Mach =   0.050     Re =     0.200 e 6     Ncrit =   9.000
  
   alpha    CL        CD       CDp       CM     Top_Xtr  Bot_Xtr
  ------ -------- --------- --------- -------- -------- --------
  -2.000   0.0940   0.03313   0.02505  -0.1259   0.6335   0.3415
  -1.500   0.2096   0.03153   0.02323  -0.1366   0.6284   0.3525
  -1.000   0.1888   0.03363   0.02540  -0.1267   0.6125   0.3580
  -0.500   0.2894   0.03232   0.02407  -0.1346   0.6066   0.3681
   0.000   0.2775   0.03469   0.02653  -0.1262   0.5924   0.3747
   0.500   0.3619   0.03364   0.02538  -0.1319   0.5856   0.3851
   1.000   0.3838   0.03519   0.02703  -0.1284   0.5748   0.3930
   1.500   0.4303   0.03577   0.02749  -0.1288   0.5654   0.4026
   2.000   0.5278   0.03448   0.02616  -0.1361   0.5596   0.4146
   2.500   0.4973   0.03806   0.02995  -0.1255   0.5465   0.4212
   3.000   0.5755   0.03737   0.02910  -0.1303   0.5400   0.4333
   3.500   0.6123   0.03861   0.03045  -0.1291   0.5315   0.4431
   4.000   0.6183   0.04117   0.03310  -0.1241   0.5210   0.4523
   4.500   0.7093   0.03988   0.03168  -0.1304   0.5158   0.4660
   5.000   0.6647   0.04527   0.03737  -0.1192   0.5030   0.4722
   5.500   0.7305   0.04519   0.03716  -0.1221   0.4969   0.4856
   6.000   0.8307   0.04334   0.03522  -0.1291   0.4926   0.5007
   6.500   0.7355   0.05222   0.04451  -0.1132   0.4774   0.5047
   7.000   0.8301   0.05031   0.04239  -0.1192   0.4738   0.5207
   8.000   0.8078   0.05994   0.05241  -0.1085   0.4536   0.5400
   8.500   0.9169   0.05662   0.04890  -0.1155   0.4515   0.5581
   9.500   0.8781   0.06845   0.06109  -0.1048   0.4311   0.5773
