  
       XFOIL         Version 6.99
  
 Calculated polar for: NACA 8138                                       
  
 1 1 Reynolds number fixed          Mach number fixed         
  
 xtrf =   1.000 (top)        1.000 (bottom)  
 Mach =   0.050     Re =     0.200 e 6     Ncrit =   9.000
  
   alpha    CL        CD       CDp       CM     Top_Xtr  Bot_Xtr
  ------ -------- --------- --------- -------- -------- --------
  -2.000   0.3704   0.03097   0.02164  -0.0411   0.4714   0.1270
  -1.500   0.3916   0.03068   0.02130  -0.0358   0.4629   0.1270
  -1.000   0.3815   0.03123   0.02187  -0.0259   0.4538   0.1256
  -0.500   0.4359   0.03118   0.02155  -0.0257   0.4450   0.1172
   0.000   0.4136   0.03225   0.02277  -0.0148   0.4361   0.1139
   0.500   0.4535   0.03250   0.02282  -0.0129   0.4276   0.1073
   1.000   0.4556   0.03386   0.02422  -0.0064   0.4185   0.1024
   1.500   0.4834   0.03453   0.02476  -0.0035   0.4098   0.0968
   2.000   0.4978   0.03607   0.02622   0.0007   0.4007   0.0927
   2.500   0.5118   0.03655   0.02674   0.0047   0.3916   0.0903
   3.000   0.5236   0.03796   0.02815   0.0084   0.3823   0.0884
   3.500   0.5410   0.03904   0.02917   0.0112   0.3734   0.0893
   4.000   0.5593   0.04062   0.03069   0.0135   0.3653   0.0898
   4.500   0.5720   0.04268   0.03272   0.0159   0.3566   0.0894
   5.000   0.5946   0.04445   0.03440   0.0172   0.3486   0.0897
   5.500   0.6019   0.04731   0.03725   0.0193   0.3396   0.0906
   6.000   0.6187   0.04984   0.03970   0.0204   0.3311   0.0928
   6.500   0.6306   0.05281   0.04260   0.0216   0.3221   0.0965
   7.000   0.6311   0.05701   0.04683   0.0230   0.3125   0.0985
   8.000   0.6422   0.06410   0.05516   0.0241   0.2933   0.4565
   8.500   0.6509   0.06756   0.05937   0.0246   0.2837   0.6107
   9.000   0.6668   0.07036   0.06272   0.0255   0.2741   0.7380
   9.500   0.6434   0.07712   0.07007   0.0284   0.2617   0.8369
  10.000   0.6529   0.08383   0.07708   0.0262   0.2480   0.9632
