  
       XFOIL         Version 6.99
  
 Calculated polar for: NACA 9120                                       
  
 1 1 Reynolds number fixed          Mach number fixed         
  
 xtrf =   1.000 (top)        1.000 (bottom)  
 Mach =   0.050     Re =     0.200 e 6     Ncrit =   9.000
  
   alpha    CL        CD       CDp       CM     Top_Xtr  Bot_Xtr
  ------ -------- --------- --------- -------- -------- --------
  -2.000   0.4718   0.04541   0.03777  -0.0715   0.1826   0.0171
  -1.500   0.4952   0.04407   0.03621  -0.0668   0.1774   0.0175
  -1.000   0.5201   0.04373   0.03557  -0.0619   0.1735   0.0177
   0.000   0.5823   0.04077   0.03219  -0.0565   0.1687   0.0182
   0.500   0.6211   0.03979   0.03096  -0.0549   0.1667   0.0190
   1.000   0.6617   0.03938   0.03029  -0.0532   0.1649   0.0199
   1.500   0.7031   0.04029   0.03089  -0.0507   0.1633   0.0206
   2.000   0.7461   0.03894   0.02930  -0.0502   0.1619   0.0213
   2.500   0.7916   0.03895   0.02902  -0.0492   0.1605   0.0229
   3.000   0.8438   0.03901   0.02876  -0.0488   0.1592   0.0242
   4.000   0.9432   0.03961   0.02901  -0.0478   0.1578   0.0302
   5.000   1.0329   0.04110   0.03035  -0.0461   0.1567   0.0368
   5.500   1.0761   0.04202   0.03129  -0.0454   0.1562   0.0405
   6.000   1.1178   0.04307   0.03240  -0.0448   0.1559   0.0453
   6.500   1.1555   0.04486   0.03421  -0.0437   0.1556   0.0524
   7.000   1.1912   0.04630   0.03585  -0.0429   0.1553   0.0628
   7.500   1.2212   0.04811   0.03786  -0.0419   0.1549   0.1003
   8.000   1.2457   0.05039   0.04016  -0.0407   0.1545   0.1369
   9.500   1.2609   0.06125   0.05316  -0.0332   0.1546   1.0000
