  
       XFOIL         Version 6.99
  
 Calculated polar for: NACA 8406                                       
  
 1 1 Reynolds number fixed          Mach number fixed         
  
 xtrf =   1.000 (top)        1.000 (bottom)  
 Mach =   0.050     Re =     0.200 e 6     Ncrit =   9.000
  
   alpha    CL        CD       CDp       CM     Top_Xtr  Bot_Xtr
  ------ -------- --------- --------- -------- -------- --------
  -1.500   0.6849   0.02318   0.01791  -0.1973   0.8311   0.0878
  -1.000   0.7758   0.01558   0.00874  -0.2037   0.8172   0.0499
  -0.500   0.8367   0.01384   0.00646  -0.2042   0.7989   0.0675
   1.000   1.0033   0.01219   0.00481  -0.2038   0.7330   0.2968
   1.500   1.0523   0.01128   0.00471  -0.2023   0.7106   1.0000
   2.000   1.1052   0.01165   0.00477  -0.2018   0.6881   1.0000
   2.500   1.1573   0.01210   0.00503  -0.2012   0.6669   1.0000
   3.000   1.2097   0.01259   0.00542  -0.2007   0.6482   1.0000
   3.500   1.2625   0.01314   0.00586  -0.2004   0.6323   1.0000
   4.000   1.3146   0.01372   0.00651  -0.2000   0.6175   1.0000
   5.000   1.4184   0.01500   0.00804  -0.1993   0.5921   1.0000
   5.500   1.4611   0.01531   0.00847  -0.1965   0.5600   1.0000
   6.000   1.4946   0.01568   0.00881  -0.1918   0.5076   1.0000
   6.500   1.4740   0.01901   0.01067  -0.1779   0.2394   1.0000
   7.000   1.4396   0.02473   0.01524  -0.1637   0.0404   1.0000
   7.500   1.4423   0.02814   0.01896  -0.1558   0.0287   1.0000
   8.000   1.4379   0.03239   0.02353  -0.1481   0.0249   1.0000
   8.500   1.4223   0.03812   0.02948  -0.1401   0.0231   1.0000
   9.000   1.4260   0.04294   0.03446  -0.1336   0.0219   1.0000
   9.500   1.4528   0.04625   0.03800  -0.1291   0.0191   1.0000
