  
       XFOIL         Version 6.99
  
 Calculated polar for: NACA 4514                                       
  
 1 1 Reynolds number fixed          Mach number fixed         
  
 xtrf =   1.000 (top)        1.000 (bottom)  
 Mach =   0.050     Re =     0.200 e 6     Ncrit =   9.000
  
   alpha    CL        CD       CDp       CM     Top_Xtr  Bot_Xtr
  ------ -------- --------- --------- -------- -------- --------
  -2.000   0.2628   0.01461   0.00764  -0.1226   0.8566   0.3779
  -1.500   0.3235   0.01405   0.00722  -0.1230   0.8450   0.4402
  -1.000   0.3791   0.01361   0.00702  -0.1225   0.8311   0.5066
  -0.500   0.4358   0.01313   0.00679  -0.1221   0.8175   0.5861
   0.000   0.4911   0.01257   0.00658  -0.1211   0.8039   0.6897
   0.500   0.5411   0.01192   0.00640  -0.1181   0.7897   0.8654
   1.000   0.6260   0.01164   0.00604  -0.1234   0.7745   1.0000
   1.500   0.6797   0.01172   0.00595  -0.1227   0.7564   1.0000
   2.000   0.7326   0.01186   0.00594  -0.1219   0.7371   1.0000
   2.500   0.7857   0.01202   0.00599  -0.1210   0.7171   1.0000
   3.000   0.8390   0.01220   0.00608  -0.1201   0.6963   1.0000
   3.500   0.8924   0.01241   0.00617  -0.1193   0.6750   1.0000
   4.000   0.9456   0.01268   0.00633  -0.1184   0.6530   1.0000
   4.500   0.9944   0.01300   0.00663  -0.1168   0.6280   1.0000
   5.000   1.0454   0.01335   0.00685  -0.1156   0.6031   1.0000
   5.500   1.0911   0.01375   0.00724  -0.1134   0.5746   1.0000
   6.000   1.1365   0.01421   0.00764  -0.1111   0.5450   1.0000
   6.500   1.1793   0.01474   0.00809  -0.1085   0.5134   1.0000
   7.000   1.2189   0.01537   0.00865  -0.1053   0.4798   1.0000
   7.500   1.2547   0.01610   0.00933  -0.1016   0.4442   1.0000
   8.000   1.2859   0.01697   0.01012  -0.0971   0.4068   1.0000
   8.500   1.3092   0.01801   0.01107  -0.0914   0.3683   1.0000
   9.000   1.3295   0.01936   0.01230  -0.0856   0.3274   1.0000
   9.500   1.3458   0.02108   0.01389  -0.0797   0.2839   1.0000
  10.000   1.3589   0.02323   0.01588  -0.0741   0.2389   1.0000
  -2.000   0.2628   0.01461   0.00764  -0.1226   0.8566   0.3779
  -1.500   0.3235   0.01405   0.00722  -0.1230   0.8450   0.4402
  -1.000   0.3791   0.01361   0.00702  -0.1225   0.8311   0.5066
  -0.500   0.4358   0.01313   0.00679  -0.1221   0.8175   0.5861
   0.000   0.4911   0.01257   0.00658  -0.1211   0.8039   0.6897
   0.500   0.5411   0.01192   0.00640  -0.1181   0.7897   0.8654
   1.000   0.6260   0.01164   0.00604  -0.1234   0.7745   1.0000
   1.500   0.6797   0.01172   0.00595  -0.1227   0.7564   1.0000
   2.000   0.7326   0.01186   0.00594  -0.1219   0.7371   1.0000
   2.500   0.7857   0.01202   0.00599  -0.1210   0.7171   1.0000
   3.000   0.8390   0.01220   0.00608  -0.1201   0.6963   1.0000
   3.500   0.8924   0.01241   0.00617  -0.1193   0.6750   1.0000
   4.000   0.9456   0.01268   0.00633  -0.1184   0.6530   1.0000
   4.500   0.9944   0.01300   0.00663  -0.1168   0.6280   1.0000
   5.000   1.0454   0.01335   0.00685  -0.1156   0.6031   1.0000
   5.500   1.0911   0.01375   0.00724  -0.1134   0.5746   1.0000
   6.000   1.1365   0.01421   0.00764  -0.1111   0.5450   1.0000
   6.500   1.1793   0.01474   0.00809  -0.1085   0.5134   1.0000
   7.000   1.2189   0.01537   0.00865  -0.1053   0.4798   1.0000
   7.500   1.2547   0.01610   0.00933  -0.1016   0.4442   1.0000
   8.000   1.2859   0.01697   0.01012  -0.0971   0.4068   1.0000
   8.500   1.3092   0.01801   0.01107  -0.0914   0.3683   1.0000
   9.000   1.3295   0.01936   0.01230  -0.0856   0.3274   1.0000
   9.500   1.3458   0.02108   0.01389  -0.0797   0.2839   1.0000
  10.000   1.3589   0.02323   0.01588  -0.0741   0.2389   1.0000
  -2.000   0.2628   0.01461   0.00764  -0.1226   0.8566   0.3779
  -1.500   0.3235   0.01405   0.00722  -0.1230   0.8450   0.4402
  -1.000   0.3791   0.01361   0.00702  -0.1225   0.8311   0.5066
  -0.500   0.4358   0.01313   0.00679  -0.1221   0.8175   0.5861
   0.000   0.4911   0.01257   0.00658  -0.1211   0.8039   0.6897
   0.500   0.5411   0.01192   0.00640  -0.1181   0.7897   0.8654
   1.000   0.6260   0.01164   0.00604  -0.1234   0.7745   1.0000
   1.500   0.6797   0.01172   0.00595  -0.1227   0.7564   1.0000
   2.000   0.7326   0.01186   0.00594  -0.1219   0.7371   1.0000
   2.500   0.7857   0.01202   0.00599  -0.1210   0.7171   1.0000
   3.000   0.8390   0.01220   0.00608  -0.1201   0.6963   1.0000
   3.500   0.8924   0.01241   0.00617  -0.1193   0.6750   1.0000
   4.000   0.9456   0.01268   0.00633  -0.1184   0.6530   1.0000
   4.500   0.9944   0.01300   0.00663  -0.1168   0.6280   1.0000
   5.000   1.0454   0.01335   0.00685  -0.1156   0.6031   1.0000
   5.500   1.0911   0.01375   0.00724  -0.1134   0.5746   1.0000
   6.000   1.1365   0.01421   0.00764  -0.1111   0.5450   1.0000
   6.500   1.1793   0.01474   0.00809  -0.1085   0.5134   1.0000
   7.000   1.2189   0.01537   0.00865  -0.1053   0.4798   1.0000
   7.500   1.2547   0.01610   0.00933  -0.1016   0.4442   1.0000
   8.000   1.2859   0.01697   0.01012  -0.0971   0.4068   1.0000
   8.500   1.3092   0.01801   0.01107  -0.0914   0.3683   1.0000
   9.000   1.3295   0.01936   0.01230  -0.0856   0.3274   1.0000
   9.500   1.3458   0.02108   0.01389  -0.0797   0.2839   1.0000
  10.000   1.3589   0.02323   0.01588  -0.0741   0.2389   1.0000
