  
       XFOIL         Version 6.99
  
 Calculated polar for: NACA 1814                                       
  
 1 1 Reynolds number fixed          Mach number fixed         
  
 xtrf =   1.000 (top)        1.000 (bottom)  
 Mach =   0.050     Re =     0.200 e 6     Ncrit =   9.000
  
   alpha    CL        CD       CDp       CM     Top_Xtr  Bot_Xtr
  ------ -------- --------- --------- -------- -------- --------
  -2.000  -0.1623   0.01352   0.00743  -0.0317   0.9580   0.6010
  -1.500  -0.0837   0.01314   0.00724  -0.0357   0.9430   0.6532
  -1.000  -0.0072   0.01267   0.00699  -0.0389   0.9275   0.6996
  -0.500   0.0687   0.01214   0.00662  -0.0417   0.9113   0.7430
   0.000   0.1326   0.01162   0.00623  -0.0417   0.8878   0.7801
   0.500   0.1999   0.01107   0.00577  -0.0422   0.8613   0.8129
   1.000   0.2621   0.01069   0.00541  -0.0417   0.8202   0.8428
   1.500   0.3221   0.01059   0.00516  -0.0408   0.7712   0.8719
   2.000   0.3712   0.01077   0.00516  -0.0379   0.7187   0.9001
   2.500   0.4203   0.01102   0.00522  -0.0352   0.6670   0.9278
   3.000   0.4786   0.01134   0.00535  -0.0349   0.6137   0.9543
   3.500   0.5556   0.01179   0.00558  -0.0389   0.5553   0.9726
   4.000   0.6389   0.01231   0.00585  -0.0447   0.4925   0.9877
   4.500   0.7115   0.01285   0.00614  -0.0488   0.4318   1.0000
   5.000   0.7372   0.01322   0.00635  -0.0436   0.3856   1.0000
   5.500   0.7651   0.01375   0.00668  -0.0387   0.3397   1.0000
   6.000   0.8031   0.01451   0.00720  -0.0356   0.2905   1.0000
   6.500   0.8438   0.01546   0.00789  -0.0332   0.2420   1.0000
   7.000   0.8852   0.01652   0.00877  -0.0309   0.1978   1.0000
   8.000   0.9641   0.01915   0.01105  -0.0258   0.1360   1.0000
   8.500   1.0021   0.02064   0.01249  -0.0231   0.1165   1.0000
   9.000   1.0391   0.02218   0.01402  -0.0203   0.1019   1.0000
   9.500   1.0745   0.02389   0.01572  -0.0174   0.0908   1.0000
  10.000   1.1073   0.02575   0.01759  -0.0141   0.0823   1.0000
