  
       XFOIL         Version 6.99
  
 Calculated polar for: NACA 3634                                       
  
 1 1 Reynolds number fixed          Mach number fixed         
  
 xtrf =   1.000 (top)        1.000 (bottom)  
 Mach =   0.050     Re =     0.200 e 6     Ncrit =   9.000
  
   alpha    CL        CD       CDp       CM     Top_Xtr  Bot_Xtr
  ------ -------- --------- --------- -------- -------- --------
  -2.000   0.0555   0.02162   0.01331  -0.0724   0.6418   0.4157
  -1.500   0.0736   0.02149   0.01322  -0.0656   0.6272   0.4256
  -1.000   0.1456   0.02136   0.01295  -0.0689   0.6150   0.4391
  -0.500   0.1544   0.02134   0.01299  -0.0605   0.6009   0.4494
   0.000   0.2072   0.02140   0.01302  -0.0603   0.5888   0.4624
   0.500   0.2395   0.02145   0.01305  -0.0564   0.5760   0.4749
   1.000   0.2842   0.02171   0.01333  -0.0548   0.5640   0.4882
   1.500   0.3256   0.02184   0.01342  -0.0527   0.5522   0.5019
   2.000   0.3664   0.02225   0.01388  -0.0505   0.5407   0.5159
   2.500   0.4089   0.02245   0.01407  -0.0487   0.5295   0.5306
   3.000   0.4500   0.02296   0.01462  -0.0467   0.5187   0.5455
   3.500   0.4891   0.02329   0.01496  -0.0444   0.5079   0.5607
   4.000   0.5339   0.02382   0.01552  -0.0432   0.4978   0.5768
   4.500   0.5662   0.02435   0.01611  -0.0400   0.4873   0.5925
   5.000   0.6186   0.02481   0.01653  -0.0401   0.4779   0.6100
   5.500   0.6402   0.02563   0.01749  -0.0356   0.4675   0.6263
   6.000   0.7067   0.02582   0.01757  -0.0377   0.4588   0.6458
   6.500   0.7113   0.02713   0.01911  -0.0311   0.4487   0.6626
   7.000   0.7718   0.02732   0.01920  -0.0323   0.4403   0.6835
   7.500   0.7803   0.02885   0.02097  -0.0267   0.4307   0.7025
   8.000   0.8249   0.02941   0.02150  -0.0260   0.4223   0.7249
   8.500   0.8489   0.03070   0.02298  -0.0227   0.4137   0.7483
   9.000   0.8749   0.03188   0.02426  -0.0198   0.4050   0.7742
   9.500   0.9220   0.03249   0.02489  -0.0194   0.3974   0.8053
  10.000   0.9167   0.03486   0.02761  -0.0128   0.3884   0.8428
