  
       XFOIL         Version 6.99
  
 Calculated polar for: NACA 9214                                       
  
 1 1 Reynolds number fixed          Mach number fixed         
  
 xtrf =   1.000 (top)        1.000 (bottom)  
 Mach =   0.050     Re =     0.200 e 6     Ncrit =   9.000
  
   alpha    CL        CD       CDp       CM     Top_Xtr  Bot_Xtr
  ------ -------- --------- --------- -------- -------- --------
  -2.000   0.5742   0.04524   0.03791  -0.1235   0.3226   0.0359
  -1.500   0.6100   0.04028   0.03293  -0.1238   0.3164   0.0375
  -1.000   0.6672   0.03819   0.03037  -0.1249   0.3111   0.0419
  -0.500   0.7195   0.03573   0.02758  -0.1259   0.3069   0.0460
   0.000   0.7763   0.03355   0.02508  -0.1266   0.3036   0.0495
   0.500   0.8358   0.03262   0.02371  -0.1267   0.3003   0.0557
   1.000   0.8923   0.03141   0.02214  -0.1271   0.2974   0.0646
   1.500   0.9497   0.03087   0.02117  -0.1273   0.2943   0.0745
   2.000   1.0116   0.02958   0.01952  -0.1294   0.2914   0.0865
   2.500   1.0656   0.02851   0.01833  -0.1297   0.2899   0.1056
   3.000   1.1201   0.02797   0.01762  -0.1299   0.2883   0.1382
   3.500   1.1742   0.02736   0.01691  -0.1302   0.2866   0.1985
   4.000   1.2290   0.02810   0.01745  -0.1283   0.2849   0.0925
   4.500   1.2809   0.02842   0.01772  -0.1280   0.2833   0.0989
   5.000   1.3320   0.02895   0.01832  -0.1279   0.2818   0.1142
   5.500   1.3822   0.02973   0.01908  -0.1278   0.2802   0.1367
   6.000   1.4325   0.03071   0.01995  -0.1278   0.2784   0.1774
   6.500   1.4793   0.03102   0.02134  -0.1271   0.2770   1.0000
   7.000   1.5291   0.03308   0.02332  -0.1274   0.2757   1.0000
   7.500   1.5718   0.03532   0.02562  -0.1267   0.2747   1.0000
   8.000   1.6070   0.03710   0.02757  -0.1246   0.2741   1.0000
   8.500   1.6373   0.03916   0.02983  -0.1220   0.2734   1.0000
   9.000   1.6612   0.04155   0.03247  -0.1187   0.2726   1.0000
   9.500   1.6738   0.04427   0.03547  -0.1139   0.2718   1.0000
  10.000   1.6678   0.04747   0.03898  -0.1068   0.2706   1.0000
