  
       XFOIL         Version 6.99
  
 Calculated polar for: NACA 1808                                       
  
 1 1 Reynolds number fixed          Mach number fixed         
  
 xtrf =   1.000 (top)        1.000 (bottom)  
 Mach =   0.050     Re =     0.200 e 6     Ncrit =   9.000
  
   alpha    CL        CD       CDp       CM     Top_Xtr  Bot_Xtr
  ------ -------- --------- --------- -------- -------- --------
  -2.000  -0.1513   0.00927   0.00384  -0.0290   1.0000   0.7518
  -1.500  -0.1055   0.00923   0.00395  -0.0261   1.0000   0.8291
  -1.000  -0.0665   0.00910   0.00394  -0.0216   1.0000   0.8967
  -0.500  -0.0208   0.00889   0.00380  -0.0193   1.0000   1.0000
   0.000   0.0372   0.00907   0.00386  -0.0209   1.0000   1.0000
   0.500   0.0928   0.00935   0.00411  -0.0219   1.0000   1.0000
   1.000   0.1642   0.00974   0.00452  -0.0261   0.9945   1.0000
   1.500   0.2662   0.00980   0.00471  -0.0359   0.9724   1.0000
   2.000   0.3627   0.00931   0.00442  -0.0435   0.9410   1.0000
   2.500   0.4395   0.00853   0.00379  -0.0460   0.8746   1.0000
   3.000   0.5175   0.00866   0.00331  -0.0482   0.6840   1.0000
   3.500   0.5593   0.00991   0.00371  -0.0449   0.4932   1.0000
   4.000   0.5995   0.01169   0.00441  -0.0423   0.2561   1.0000
   4.500   0.6413   0.01417   0.00590  -0.0402   0.0892   1.0000
   5.000   0.6881   0.01606   0.00773  -0.0385   0.0615   1.0000
   5.500   0.7358   0.01818   0.00988  -0.0368   0.0487   1.0000
   6.000   0.7846   0.02144   0.01329  -0.0353   0.0421   1.0000
   6.500   0.8345   0.02416   0.01636  -0.0338   0.0368   1.0000
   7.000   0.8802   0.02873   0.02142  -0.0319   0.0347   1.0000
   7.500   0.9128   0.03561   0.02922  -0.0286   0.0325   1.0000
   8.000   0.9424   0.04277   0.03713  -0.0251   0.0343   1.0000
