  
       XFOIL         Version 6.99
  
 Calculated polar for: NACA 9506                                       
  
 1 1 Reynolds number fixed          Mach number fixed         
  
 xtrf =   1.000 (top)        1.000 (bottom)  
 Mach =   0.050     Re =     0.200 e 6     Ncrit =   9.000
  
   alpha    CL        CD       CDp       CM     Top_Xtr  Bot_Xtr
  ------ -------- --------- --------- -------- -------- --------
  -1.500   0.8396   0.02123   0.01428  -0.2569   0.8543   0.0549
   0.000   1.0262   0.01896   0.01193  -0.2620   0.8340   0.2476
   0.500   1.0919   0.01829   0.01150  -0.2641   0.8290   0.3682
   2.000   1.2534   0.01765   0.01154  -0.2634   0.8050   1.0000
   2.500   1.3202   0.01720   0.01109  -0.2654   0.8002   1.0000
   3.000   1.3667   0.01771   0.01167  -0.2639   0.7892   1.0000
   3.500   1.4167   0.01808   0.01223  -0.2630   0.7792   1.0000
   4.000   1.4827   0.01773   0.01202  -0.2649   0.7731   1.0000
   4.500   1.5365   0.01641   0.01088  -0.2628   0.7481   1.0000
   5.000   1.5758   0.01508   0.00956  -0.2570   0.6960   1.0000
   5.500   1.5569   0.01642   0.00984  -0.2398   0.5111   1.0000
   6.000   1.4966   0.02194   0.01381  -0.2192   0.2729   1.0000
   6.500   1.4476   0.02894   0.01948  -0.2036   0.0508   1.0000
   7.000   1.4450   0.03329   0.02405  -0.1950   0.0342   1.0000
   7.500   1.4480   0.03737   0.02839  -0.1880   0.0275   1.0000
   8.000   1.4455   0.04217   0.03335  -0.1805   0.0245   1.0000
   8.500   1.4581   0.04673   0.03803  -0.1732   0.0228   1.0000
