  
       XFOIL         Version 6.99
  
 Calculated polar for: NACA 4232                                       
  
 1 1 Reynolds number fixed          Mach number fixed         
  
 xtrf =   1.000 (top)        1.000 (bottom)  
 Mach =   0.050     Re =     0.200 e 6     Ncrit =   9.000
  
   alpha    CL        CD       CDp       CM     Top_Xtr  Bot_Xtr
  ------ -------- --------- --------- -------- -------- --------
  -2.000   0.0819   0.01932   0.01133  -0.0364   0.5281   0.5370
  -1.500   0.1136   0.01943   0.01144  -0.0319   0.5131   0.5527
  -1.000   0.1522   0.01949   0.01140  -0.0287   0.4987   0.5684
  -0.500   0.1734   0.01958   0.01141  -0.0223   0.4841   0.5854
   0.000   0.2037   0.01975   0.01166  -0.0178   0.4692   0.6020
   0.500   0.2399   0.02001   0.01181  -0.0146   0.4547   0.6206
   1.000   0.2719   0.02040   0.01214  -0.0107   0.4399   0.6406
   1.500   0.3012   0.02089   0.01273  -0.0065   0.4248   0.6614
   2.000   0.3352   0.02140   0.01321  -0.0034   0.4104   0.6827
   2.500   0.3740   0.02192   0.01356  -0.0012   0.3969   0.7039
   3.000   0.4021   0.02263   0.01439   0.0025   0.3842   0.7256
   3.500   0.4392   0.02336   0.01513   0.0048   0.3730   0.7492
   4.000   0.4767   0.02407   0.01583   0.0070   0.3631   0.7745
   4.500   0.5115   0.02499   0.01682   0.0094   0.3543   0.8016
   5.000   0.5473   0.02586   0.01771   0.0118   0.3465   0.8307
   5.500   0.5894   0.02683   0.01873   0.0134   0.3400   0.8600
   6.000   0.6193   0.02811   0.02007   0.0165   0.3340   0.8909
   6.500   0.6667   0.02926   0.02115   0.0170   0.3289   0.9189
   7.000   0.7330   0.03069   0.02246   0.0139   0.3240   0.9401
   7.500   0.7855   0.03288   0.02476   0.0109   0.3190   0.9576
   8.000   0.8572   0.03470   0.02652   0.0052   0.3146   0.9715
   8.500   0.9550   0.03597   0.02759  -0.0043   0.3108   0.9770
   9.000   1.0224   0.03826   0.02993  -0.0101   0.3075   0.9881
   9.500   1.0694   0.04135   0.03322  -0.0148   0.3038   0.9968
  10.000   1.0728   0.04337   0.03531  -0.0112   0.3010   1.0000
  -2.000   0.0819   0.01932   0.01133  -0.0364   0.5281   0.5370
  -1.500   0.1136   0.01943   0.01144  -0.0319   0.5131   0.5527
  -1.000   0.1522   0.01949   0.01140  -0.0287   0.4987   0.5684
  -0.500   0.1734   0.01958   0.01141  -0.0223   0.4841   0.5854
   0.000   0.2037   0.01975   0.01166  -0.0178   0.4692   0.6020
   0.500   0.2399   0.02001   0.01181  -0.0146   0.4547   0.6206
   1.000   0.2719   0.02040   0.01214  -0.0107   0.4399   0.6406
   1.500   0.3012   0.02089   0.01273  -0.0065   0.4248   0.6614
   2.000   0.3352   0.02140   0.01321  -0.0034   0.4104   0.6827
   2.500   0.3740   0.02192   0.01356  -0.0012   0.3969   0.7039
   3.000   0.4021   0.02263   0.01439   0.0025   0.3842   0.7256
   3.500   0.4392   0.02336   0.01513   0.0048   0.3730   0.7492
   4.000   0.4767   0.02407   0.01583   0.0070   0.3631   0.7745
   4.500   0.5115   0.02499   0.01682   0.0094   0.3543   0.8016
   5.000   0.5473   0.02586   0.01771   0.0118   0.3465   0.8307
   5.500   0.5894   0.02683   0.01873   0.0134   0.3400   0.8600
   6.000   0.6193   0.02811   0.02007   0.0165   0.3340   0.8909
   6.500   0.6667   0.02926   0.02115   0.0170   0.3289   0.9189
   7.000   0.7330   0.03069   0.02246   0.0139   0.3240   0.9401
   7.500   0.7855   0.03288   0.02476   0.0109   0.3190   0.9576
   8.000   0.8572   0.03470   0.02652   0.0052   0.3146   0.9715
   8.500   0.9550   0.03597   0.02759  -0.0043   0.3108   0.9770
   9.000   1.0224   0.03826   0.02993  -0.0101   0.3075   0.9881
   9.500   1.0694   0.04135   0.03322  -0.0148   0.3038   0.9968
  10.000   1.0728   0.04337   0.03531  -0.0112   0.3010   1.0000
  -2.000   0.0819   0.01932   0.01133  -0.0364   0.5281   0.5370
  -1.500   0.1136   0.01943   0.01144  -0.0319   0.5131   0.5527
  -1.000   0.1522   0.01949   0.01140  -0.0287   0.4987   0.5684
  -0.500   0.1734   0.01958   0.01141  -0.0223   0.4841   0.5854
   0.000   0.2037   0.01975   0.01166  -0.0178   0.4692   0.6020
   0.500   0.2399   0.02001   0.01181  -0.0146   0.4547   0.6206
   1.000   0.2719   0.02040   0.01214  -0.0107   0.4399   0.6406
   1.500   0.3012   0.02089   0.01273  -0.0065   0.4248   0.6614
   2.000   0.3352   0.02140   0.01321  -0.0034   0.4104   0.6827
   2.500   0.3740   0.02192   0.01356  -0.0012   0.3969   0.7039
   3.000   0.4021   0.02263   0.01439   0.0025   0.3842   0.7256
   3.500   0.4392   0.02336   0.01513   0.0048   0.3730   0.7492
   4.000   0.4767   0.02407   0.01583   0.0070   0.3631   0.7745
   4.500   0.5115   0.02499   0.01682   0.0094   0.3543   0.8016
   5.000   0.5473   0.02586   0.01771   0.0118   0.3465   0.8307
   5.500   0.5894   0.02683   0.01873   0.0134   0.3400   0.8600
   6.000   0.6193   0.02811   0.02007   0.0165   0.3340   0.8909
   6.500   0.6667   0.02926   0.02115   0.0170   0.3289   0.9189
   7.000   0.7330   0.03069   0.02246   0.0139   0.3240   0.9401
   7.500   0.7855   0.03288   0.02476   0.0109   0.3190   0.9576
   8.000   0.8572   0.03470   0.02652   0.0052   0.3146   0.9715
   8.500   0.9550   0.03597   0.02759  -0.0043   0.3108   0.9770
   9.000   1.0224   0.03826   0.02993  -0.0101   0.3075   0.9881
   9.500   1.0694   0.04135   0.03322  -0.0148   0.3038   0.9968
  10.000   1.0728   0.04337   0.03531  -0.0112   0.3010   1.0000
