  
       XFOIL         Version 6.99
  
 Calculated polar for: NACA 9328                                       
  
 1 1 Reynolds number fixed          Mach number fixed         
  
 xtrf =   1.000 (top)        1.000 (bottom)  
 Mach =   0.050     Re =     0.200 e 6     Ncrit =   9.000
  
   alpha    CL        CD       CDp       CM     Top_Xtr  Bot_Xtr
  ------ -------- --------- --------- -------- -------- --------
  -2.000   0.4770   0.02733   0.01732  -0.1215   0.4589   0.1238
  -1.500   0.5248   0.02730   0.01730  -0.1210   0.4515   0.1287
  -1.000   0.5694   0.02721   0.01700  -0.1197   0.4446   0.1351
  -0.500   0.6285   0.02720   0.01686  -0.1209   0.4388   0.1422
   0.000   0.6748   0.02736   0.01700  -0.1201   0.4341   0.1496
   0.500   0.7182   0.02779   0.01743  -0.1189   0.4295   0.1582
   1.000   0.7675   0.02798   0.01764  -0.1187   0.4254   0.1677
   1.500   0.8256   0.02818   0.01774  -0.1200   0.4215   0.1800
   2.000   0.8793   0.02877   0.01831  -0.1206   0.4178   0.1942
   2.500   0.9116   0.02959   0.01931  -0.1181   0.4147   0.2086
   3.000   0.9488   0.03038   0.02025  -0.1166   0.4116   0.2270
   3.500   0.9911   0.03110   0.02109  -0.1158   0.4086   0.2532
   4.000   1.0393   0.03066   0.02193  -0.1164   0.4059   0.6242
   4.500   1.0987   0.03076   0.02258  -0.1167   0.4029   1.0000
   5.000   1.1319   0.03253   0.02428  -0.1150   0.4004   1.0000
   5.500   1.1366   0.03491   0.02678  -0.1096   0.3981   1.0000
   6.000   1.1378   0.03784   0.02984  -0.1044   0.3954   1.0000
   6.500   1.1330   0.04139   0.03351  -0.0991   0.3923   1.0000
   7.000   1.1393   0.04468   0.03684  -0.0955   0.3893   1.0000
   7.500   1.1691   0.04703   0.03912  -0.0945   0.3870   1.0000
   8.000   1.2194   0.04883   0.04078  -0.0956   0.3848   1.0000
   9.500   0.4499   0.16122   0.15582  -0.0726   0.3536   1.0000
  10.000   0.5050   0.16509   0.15949  -0.0736   0.3525   1.0000
