  
       XFOIL         Version 6.99
  
 Calculated polar for: NACA 2624                                       
  
 1 1 Reynolds number fixed          Mach number fixed         
  
 xtrf =   1.000 (top)        1.000 (bottom)  
 Mach =   0.050     Re =     0.200 e 6     Ncrit =   9.000
  
   alpha    CL        CD       CDp       CM     Top_Xtr  Bot_Xtr
  ------ -------- --------- --------- -------- -------- --------
  -2.000   0.0366   0.01605   0.00871  -0.0674   0.7618   0.4706
  -1.500   0.0888   0.01576   0.00843  -0.0662   0.7415   0.4917
  -1.000   0.1416   0.01553   0.00820  -0.0651   0.7207   0.5134
  -0.500   0.1944   0.01538   0.00803  -0.0641   0.6994   0.5356
   0.000   0.2466   0.01530   0.00793  -0.0629   0.6778   0.5583
   0.500   0.2980   0.01530   0.00789  -0.0616   0.6562   0.5814
   1.000   0.3485   0.01535   0.00790  -0.0602   0.6346   0.6049
   1.500   0.3981   0.01545   0.00798  -0.0586   0.6133   0.6286
   2.000   0.4469   0.01557   0.00813  -0.0569   0.5925   0.6526
   2.500   0.4946   0.01573   0.00832  -0.0550   0.5723   0.6770
   3.000   0.5414   0.01593   0.00854  -0.0529   0.5527   0.7024
   3.500   0.5877   0.01615   0.00880  -0.0508   0.5338   0.7289
   4.000   0.6335   0.01641   0.00908  -0.0486   0.5156   0.7570
   4.500   0.6788   0.01670   0.00937  -0.0463   0.4980   0.7872
   5.000   0.7221   0.01700   0.00970  -0.0435   0.4805   0.8195
   5.500   0.7558   0.01733   0.01019  -0.0388   0.4635   0.8553
   6.000   0.7903   0.01777   0.01071  -0.0343   0.4471   0.8975
   6.500   0.8396   0.01847   0.01140  -0.0328   0.4303   0.9401
   7.000   0.9149   0.01942   0.01228  -0.0372   0.4117   0.9701
   7.500   1.0001   0.02045   0.01322  -0.0440   0.3924   0.9907
   8.000   1.0475   0.02103   0.01365  -0.0442   0.3765   1.0000
   8.500   1.0374   0.02133   0.01394  -0.0332   0.3644   1.0000
   9.000   1.0575   0.02208   0.01462  -0.0278   0.3509   1.0000
   9.500   1.0862   0.02298   0.01539  -0.0240   0.3374   1.0000
  10.000   1.1096   0.02406   0.01644  -0.0197   0.3239   1.0000
