  
       XFOIL         Version 6.99
  
 Calculated polar for: NACA 9812                                       
  
 1 1 Reynolds number fixed          Mach number fixed         
  
 xtrf =   1.000 (top)        1.000 (bottom)  
 Mach =   0.050     Re =     0.200 e 6     Ncrit =   9.000
  
   alpha    CL        CD       CDp       CM     Top_Xtr  Bot_Xtr
  ------ -------- --------- --------- -------- -------- --------
  -2.000   0.3848   0.05471   0.04823  -0.2369   0.9512   0.1704
  -1.500   0.4685   0.05697   0.05062  -0.2440   0.9485   0.2231
  -1.000   0.5552   0.06019   0.05398  -0.2515   0.9471   0.2843
   0.000   0.6751   0.06154   0.05561  -0.2555   0.9250   0.3865
   0.500   0.7459   0.05998   0.05414  -0.2582   0.9035   0.4391
   1.000   0.8170   0.05952   0.05382  -0.2611   0.8915   0.4875
   1.500   0.8827   0.05893   0.05335  -0.2629   0.8800   0.5307
   2.000   0.9437   0.05811   0.05268  -0.2637   0.8685   0.5682
   2.500   1.0030   0.05709   0.05179  -0.2640   0.8570   0.6024
   3.000   1.0558   0.05569   0.05057  -0.2626   0.8452   0.6271
   3.500   1.1082   0.05414   0.04915  -0.2610   0.8328   0.6503
   4.000   1.1495   0.05279   0.04795  -0.2574   0.8142   0.6690
   4.500   1.2025   0.05103   0.04634  -0.2556   0.8012   0.6872
   5.000   1.2644   0.04859   0.04405  -0.2550   0.7931   0.7050
   5.500   1.3210   0.04643   0.04205  -0.2535   0.7784   0.7223
   6.000   1.3920   0.04337   0.03909  -0.2544   0.7576   0.7413
   6.500   1.4856   0.03910   0.03477  -0.2596   0.7176   0.7625
   7.000   1.5663   0.03644   0.03182  -0.2631   0.6531   0.7811
   7.500   1.6012   0.03694   0.03201  -0.2585   0.5797   0.7949
   8.000   1.6209   0.03872   0.03344  -0.2515   0.5017   0.8079
   8.500   1.6323   0.04128   0.03558  -0.2434   0.4143   0.8201
   9.000   1.6365   0.04458   0.03837  -0.2346   0.3142   0.8311
   9.500   1.6353   0.04863   0.04175  -0.2256   0.2034   0.8410
  10.000   1.6361   0.05290   0.04548  -0.2175   0.1241   0.8507
