  
       XFOIL         Version 6.99
  
 Calculated polar for: NACA 6530                                       
  
 1 1 Reynolds number fixed          Mach number fixed         
  
 xtrf =   1.000 (top)        1.000 (bottom)  
 Mach =   0.050     Re =     0.200 e 6     Ncrit =   9.000
  
   alpha    CL        CD       CDp       CM     Top_Xtr  Bot_Xtr
  ------ -------- --------- --------- -------- -------- --------
  -2.000   0.3183   0.02276   0.01433  -0.1307   0.6571   0.3202
  -1.500   0.3852   0.02248   0.01408  -0.1331   0.6494   0.3355
  -1.000   0.4014   0.02281   0.01440  -0.1263   0.6381   0.3477
  -0.500   0.4996   0.02223   0.01372  -0.1341   0.6317   0.3679
   0.000   0.4909   0.02311   0.01480  -0.1232   0.6196   0.3789
   0.500   0.5740   0.02256   0.01411  -0.1282   0.6126   0.3998
   1.000   0.5840   0.02358   0.01532  -0.1209   0.6016   0.4145
   1.500   0.6523   0.02325   0.01495  -0.1234   0.5938   0.4362
   2.000   0.6817   0.02411   0.01581  -0.1195   0.5842   0.4548
   2.500   0.7294   0.02425   0.01605  -0.1187   0.5752   0.4778
   3.000   0.7904   0.02432   0.01615  -0.1200   0.5676   0.5036
   3.500   0.8043   0.02546   0.01741  -0.1141   0.5570   0.5257
   4.000   0.8940   0.02478   0.01666  -0.1198   0.5506   0.5607
   4.500   0.8775   0.02694   0.01906  -0.1096   0.5391   0.5843
   5.000   0.9545   0.02632   0.01849  -0.1132   0.5325   0.6266
   5.500   0.9487   0.02848   0.02097  -0.1050   0.5218   0.6628
   6.000   1.0087   0.02821   0.02085  -0.1059   0.5145   0.7256
   6.500   1.0141   0.02982   0.02290  -0.0988   0.5053   0.8183
   7.000   1.0521   0.03031   0.02355  -0.0968   0.4966   1.0000
   7.500   1.1061   0.03095   0.02398  -0.0978   0.4894   1.0000
   8.000   1.1019   0.03379   0.02688  -0.0916   0.4788   1.0000
   8.500   1.1986   0.03251   0.02527  -0.0975   0.4736   1.0000
   9.000   1.1430   0.03807   0.03109  -0.0858   0.4610   1.0000
   9.500   1.2343   0.03655   0.02929  -0.0906   0.4560   1.0000
  10.000   1.1745   0.04340   0.03642  -0.0800   0.4430   1.0000
