  
       XFOIL         Version 6.99
  
 Calculated polar for: NACA 7604                                       
  
 1 1 Reynolds number fixed          Mach number fixed         
  
 xtrf =   1.000 (top)        1.000 (bottom)  
 Mach =   0.050     Re =     0.200 e 6     Ncrit =   9.000
  
   alpha    CL        CD       CDp       CM     Top_Xtr  Bot_Xtr
  ------ -------- --------- --------- -------- -------- --------
  -2.000   0.3302   0.03716   0.03247  -0.1791   0.9348   0.0711
  -1.500   0.5139   0.02669   0.01971  -0.2055   0.9392   0.0305
  -1.000   0.5999   0.02518   0.01808  -0.2127   0.9388   0.1168
  -0.500   0.6670   0.02505   0.01872  -0.2165   0.9366   0.4305
   0.000   0.7291   0.02547   0.01948  -0.2185   0.9340   0.6332
   0.500   0.7662   0.02574   0.02023  -0.2153   0.9285   1.0000
   1.000   0.8260   0.02634   0.02066  -0.2169   0.9220   1.0000
   1.500   0.8729   0.02723   0.02153  -0.2159   0.9139   1.0000
   2.000   0.9360   0.02778   0.02216  -0.2179   0.9086   1.0000
   2.500   0.9795   0.02871   0.02335  -0.2163   0.8989   1.0000
   3.000   1.1133   0.01788   0.00847  -0.2138   0.0567   1.0000
