  
       XFOIL         Version 6.99
  
 Calculated polar for: NACA 8340                                       
  
 1 1 Reynolds number fixed          Mach number fixed         
  
 xtrf =   1.000 (top)        1.000 (bottom)  
 Mach =   0.050     Re =     0.200 e 6     Ncrit =   9.000
  
   alpha    CL        CD       CDp       CM     Top_Xtr  Bot_Xtr
  ------ -------- --------- --------- -------- -------- --------
  -2.000   0.1395   0.03354   0.02332  -0.0579   0.4446   0.2096
  -1.500   0.1723   0.03396   0.02363  -0.0557   0.4393   0.2162
  -1.000   0.2288   0.03361   0.02327  -0.0570   0.4347   0.2255
  -0.500   0.2510   0.03461   0.02430  -0.0537   0.4302   0.2333
   0.000   0.2649   0.03559   0.02548  -0.0496   0.4259   0.2418
   0.500   0.2972   0.03634   0.02626  -0.0480   0.4221   0.2528
   1.000   0.3480   0.03631   0.02626  -0.0487   0.4190   0.2683
   1.500   0.4031   0.03651   0.02651  -0.0501   0.4158   0.2904
   2.500   0.3237   0.04489   0.03581  -0.0327   0.4075   0.3333
   3.000   0.3055   0.04873   0.04060  -0.0275   0.4037   0.4897
   3.500   0.3694   0.04826   0.04043  -0.0291   0.4017   0.6016
   5.000  -0.3170   0.13961   0.13129   0.0070   0.3742   0.2631
   5.500  -0.2732   0.14198   0.13376   0.0059   0.3715   0.2829
   6.000  -0.2216   0.14454   0.13702   0.0040   0.3701   0.3656
   6.500  -0.1644   0.14822   0.14199   0.0027   0.3693   0.6131
   7.000  -0.2028   0.15093   0.14491   0.0050   0.3576   0.6425
   7.500  -0.1577   0.15360   0.14790   0.0047   0.3559   0.7146
   8.000  -0.1066   0.15725   0.15189   0.0049   0.3550   0.7911
   8.500  -0.1395   0.16057   0.15550   0.0075   0.3445   0.8395
   9.000  -0.0944   0.16344   0.15856   0.0072   0.3424   0.9391
  10.000  -0.0316   0.17262   0.16761  -0.0025   0.3321   1.0000
