  
       XFOIL         Version 6.99
  
 Calculated polar for: NACA 7520                                       
  
 1 1 Reynolds number fixed          Mach number fixed         
  
 xtrf =   1.000 (top)        1.000 (bottom)  
 Mach =   0.050     Re =     0.200 e 6     Ncrit =   9.000
  
   alpha    CL        CD       CDp       CM     Top_Xtr  Bot_Xtr
  ------ -------- --------- --------- -------- -------- --------
  -2.000   0.5509   0.01973   0.01184  -0.1873   0.7461   0.2527
  -1.000   0.6729   0.01912   0.01130  -0.1893   0.7287   0.3058
  -0.500   0.7334   0.01888   0.01102  -0.1901   0.7193   0.3366
   0.000   0.7882   0.01881   0.01107  -0.1900   0.7097   0.3684
   0.500   0.8468   0.01865   0.01093  -0.1905   0.6999   0.4052
   1.000   0.8971   0.01875   0.01115  -0.1896   0.6896   0.4428
   1.500   0.9582   0.01855   0.01103  -0.1906   0.6800   0.4888
   2.000   1.0016   0.01880   0.01144  -0.1884   0.6689   0.5375
   2.500   1.0667   0.01850   0.01129  -0.1901   0.6596   0.6075
   3.000   1.0996   0.01873   0.01190  -0.1858   0.6477   0.7047
   3.500   1.1648   0.01811   0.01154  -0.1868   0.6390   1.0000
   4.000   1.1923   0.01884   0.01222  -0.1818   0.6262   1.0000
   4.500   1.2564   0.01909   0.01228  -0.1836   0.6166   1.0000
   5.000   1.2894   0.01965   0.01280  -0.1796   0.6045   1.0000
   5.500   1.3289   0.02032   0.01341  -0.1770   0.5932   1.0000
   6.000   1.3863   0.02058   0.01353  -0.1775   0.5826   1.0000
   6.500   1.4080   0.02161   0.01461  -0.1718   0.5700   1.0000
   7.000   1.4667   0.02193   0.01481  -0.1727   0.5597   1.0000
   7.500   1.4906   0.02291   0.01582  -0.1676   0.5471   1.0000
   8.000   1.5197   0.02397   0.01691  -0.1636   0.5350   1.0000
   8.500   1.5797   0.02420   0.01700  -0.1647   0.5241   1.0000
   9.000   1.5850   0.02590   0.01884  -0.1571   0.5108   1.0000
   9.500   1.6147   0.02708   0.02004  -0.1536   0.4987   1.0000
  10.000   1.6628   0.02759   0.02044  -0.1529   0.4869   1.0000
