  
       XFOIL         Version 6.99
  
 Calculated polar for: NACA 4604                                       
  
 1 1 Reynolds number fixed          Mach number fixed         
  
 xtrf =   1.000 (top)        1.000 (bottom)  
 Mach =   0.050     Re =     0.200 e 6     Ncrit =   9.000
  
   alpha    CL        CD       CDp       CM     Top_Xtr  Bot_Xtr
  ------ -------- --------- --------- -------- -------- --------
  -2.000   0.1073   0.01762   0.01038  -0.1044   1.0000   0.0287
  -1.500   0.1932   0.01473   0.00720  -0.1104   1.0000   0.0556
  -1.000   0.2869   0.01217   0.00671  -0.1191   1.0000   0.7224
  -0.500   0.3243   0.01216   0.00682  -0.1157   1.0000   1.0000
   0.000   0.3769   0.01278   0.00721  -0.1160   0.9990   1.0000
   0.500   0.4495   0.01332   0.00762  -0.1204   0.9911   1.0000
   1.000   0.5246   0.01384   0.00814  -0.1253   0.9831   1.0000
   1.500   0.5916   0.01431   0.00870  -0.1283   0.9728   1.0000
   2.000   0.6608   0.01471   0.00933  -0.1316   0.9620   1.0000
   2.500   0.7813   0.01086   0.00370  -0.1330   0.3911   1.0000
   3.000   0.8062   0.01560   0.00680  -0.1271   0.0328   1.0000
   3.500   0.8489   0.01936   0.01059  -0.1236   0.0233   1.0000
   4.000   0.9056   0.02386   0.01543  -0.1218   0.0262   1.0000
  -2.000   0.1073   0.01762   0.01038  -0.1044   1.0000   0.0287
  -1.500   0.1932   0.01473   0.00720  -0.1104   1.0000   0.0556
  -1.000   0.2869   0.01217   0.00671  -0.1191   1.0000   0.7224
  -0.500   0.3243   0.01216   0.00682  -0.1157   1.0000   1.0000
   0.000   0.3769   0.01278   0.00721  -0.1160   0.9990   1.0000
   0.500   0.4495   0.01332   0.00762  -0.1204   0.9911   1.0000
   1.000   0.5246   0.01384   0.00814  -0.1253   0.9831   1.0000
   1.500   0.5916   0.01431   0.00870  -0.1283   0.9728   1.0000
   2.000   0.6608   0.01471   0.00933  -0.1316   0.9620   1.0000
   2.500   0.7813   0.01086   0.00370  -0.1330   0.3911   1.0000
   3.000   0.8062   0.01560   0.00680  -0.1271   0.0328   1.0000
   3.500   0.8489   0.01936   0.01059  -0.1236   0.0233   1.0000
   4.000   0.9056   0.02386   0.01543  -0.1218   0.0262   1.0000
