  
       XFOIL         Version 6.99
  
 Calculated polar for: NACA 5718                                       
  
 1 1 Reynolds number fixed          Mach number fixed         
  
 xtrf =   1.000 (top)        1.000 (bottom)  
 Mach =   0.050     Re =     0.200 e 6     Ncrit =   9.000
  
   alpha    CL        CD       CDp       CM     Top_Xtr  Bot_Xtr
  ------ -------- --------- --------- -------- -------- --------
  -2.000   0.2056   0.02787   0.02091  -0.1462   0.8642   0.3737
  -1.500   0.2657   0.02745   0.02054  -0.1468   0.8506   0.4065
  -1.000   0.3505   0.02660   0.01984  -0.1516   0.8469   0.4439
  -0.500   0.4084   0.02601   0.01938  -0.1516   0.8327   0.4762
   0.500   0.5494   0.02410   0.01774  -0.1553   0.8146   0.5456
   1.500   0.6852   0.02172   0.01562  -0.1573   0.7955   0.6110
   2.000   0.7419   0.02073   0.01475  -0.1561   0.7800   0.6393
   2.500   0.8015   0.01973   0.01383  -0.1555   0.7625   0.6672
   3.000   0.8607   0.01897   0.01309  -0.1550   0.7373   0.6940
   3.500   0.9445   0.01743   0.01151  -0.1586   0.7136   0.7191
   4.000   1.0313   0.01646   0.01035  -0.1633   0.6814   0.7443
   4.500   1.0971   0.01656   0.01023  -0.1647   0.6454   0.7685
   5.000   1.1476   0.01703   0.01053  -0.1633   0.6118   0.7914
   5.500   1.1823   0.01765   0.01114  -0.1591   0.5800   0.8143
   6.000   1.2208   0.01826   0.01164  -0.1557   0.5506   0.8394
   6.500   1.2504   0.01894   0.01236  -0.1508   0.5216   0.8680
   7.000   1.2762   0.01950   0.01295  -0.1450   0.4941   0.9161
   7.500   1.3096   0.02035   0.01370  -0.1415   0.4663   1.0000
   8.000   1.3436   0.02159   0.01486  -0.1384   0.4374   1.0000
   8.500   1.3760   0.02293   0.01603  -0.1350   0.4100   1.0000
   9.000   1.4045   0.02437   0.01744  -0.1311   0.3822   1.0000
   9.500   1.4302   0.02600   0.01895  -0.1269   0.3552   1.0000
  10.000   1.4541   0.02777   0.02065  -0.1225   0.3290   1.0000
