  
       XFOIL         Version 6.99
  
 Calculated polar for: NACA 9822                                       
  
 1 1 Reynolds number fixed          Mach number fixed         
  
 xtrf =   1.000 (top)        1.000 (bottom)  
 Mach =   0.050     Re =     0.200 e 6     Ncrit =   9.000
  
   alpha    CL        CD       CDp       CM     Top_Xtr  Bot_Xtr
  ------ -------- --------- --------- -------- -------- --------
  -2.000   0.3709   0.04682   0.04015  -0.2302   0.8122   0.2793
  -1.000   0.5256   0.04567   0.03910  -0.2391   0.7976   0.3243
  -0.500   0.6073   0.04471   0.03822  -0.2440   0.7931   0.3487
   0.000   0.6763   0.04420   0.03776  -0.2467   0.7829   0.3721
   0.500   0.7597   0.04269   0.03632  -0.2514   0.7801   0.3979
   1.500   0.9092   0.04048   0.03421  -0.2580   0.7645   0.4479
   2.000   1.0000   0.03830   0.03208  -0.2639   0.7612   0.4751
   2.500   1.0680   0.03746   0.03131  -0.2659   0.7468   0.4988
   3.500   1.2341   0.03402   0.02786  -0.2750   0.7226   0.5470
   4.000   1.2956   0.03362   0.02744  -0.2758   0.7030   0.5675
   4.500   1.3543   0.03362   0.02737  -0.2762   0.6825   0.5885
   5.000   1.3969   0.03386   0.02761  -0.2733   0.6619   0.6043
   5.500   1.4409   0.03431   0.02803  -0.2709   0.6416   0.6202
   6.000   1.4849   0.03488   0.02854  -0.2686   0.6218   0.6374
   6.500   1.5201   0.03534   0.02896  -0.2642   0.6029   0.6484
   7.000   1.5640   0.03589   0.02941  -0.2620   0.5840   0.6641
   7.500   1.5872   0.03701   0.03055  -0.2557   0.5648   0.6740
   8.000   1.6076   0.03834   0.03193  -0.2492   0.5460   0.6847
   8.500   1.6385   0.03969   0.03328  -0.2451   0.5273   0.6983
   9.000   1.6636   0.04072   0.03430  -0.2395   0.5099   0.7084
   9.500   1.7003   0.04192   0.03541  -0.2366   0.4919   0.7226
  10.000   1.7158   0.04359   0.03714  -0.2298   0.4742   0.7326
