  
       XFOIL         Version 6.99
  
 Calculated polar for: NACA 9720                                       
  
 1 1 Reynolds number fixed          Mach number fixed         
  
 xtrf =   1.000 (top)        1.000 (bottom)  
 Mach =   0.050     Re =     0.200 e 6     Ncrit =   9.000
  
   alpha    CL        CD       CDp       CM     Top_Xtr  Bot_Xtr
  ------ -------- --------- --------- -------- -------- --------
  -2.000   0.3921   0.04988   0.04286  -0.2247   0.7995   0.2345
  -1.500   0.4772   0.04933   0.04239  -0.2301   0.7974   0.2594
  -1.000   0.5265   0.04923   0.04235  -0.2298   0.7839   0.2807
  -0.500   0.6086   0.04839   0.04154  -0.2344   0.7819   0.3093
   0.000   0.6560   0.04832   0.04154  -0.2335   0.7680   0.3329
   1.000   0.7820   0.04717   0.04049  -0.2363   0.7518   0.3884
   2.000   0.9050   0.04571   0.03926  -0.2380   0.7355   0.4451
   3.000   1.0257   0.04395   0.03768  -0.2389   0.7192   0.5028
   4.000   1.1501   0.04164   0.03552  -0.2400   0.7033   0.5598
   4.500   1.2327   0.03913   0.03304  -0.2434   0.7004   0.5895
   5.000   1.2928   0.03823   0.03218  -0.2436   0.6867   0.6138
   6.000   1.4564   0.03404   0.02789  -0.2507   0.6643   0.6609
   6.500   1.5168   0.03362   0.02741  -0.2512   0.6454   0.6811
   7.000   1.5676   0.03378   0.02751  -0.2502   0.6254   0.6994
   7.500   1.6107   0.03442   0.02812  -0.2482   0.6051   0.7174
   8.000   1.6480   0.03539   0.02906  -0.2453   0.5848   0.7350
   8.500   1.6812   0.03659   0.03026  -0.2419   0.5648   0.7520
   9.000   1.7112   0.03798   0.03166  -0.2382   0.5450   0.7688
   9.500   1.7398   0.03948   0.03316  -0.2343   0.5254   0.7853
  10.000   1.7671   0.04111   0.03481  -0.2303   0.5059   0.8014
