  
       XFOIL         Version 6.99
  
 Calculated polar for: NACA 4810                                       
  
 1 1 Reynolds number fixed          Mach number fixed         
  
 xtrf =   1.000 (top)        1.000 (bottom)  
 Mach =   0.050     Re =     0.200 e 6     Ncrit =   9.000
  
   alpha    CL        CD       CDp       CM     Top_Xtr  Bot_Xtr
  ------ -------- --------- --------- -------- -------- --------
  -2.000   0.1311   0.01972   0.01335  -0.1280   1.0000   0.4661
  -1.500   0.1893   0.02009   0.01394  -0.1289   1.0000   0.5415
  -1.000   0.2438   0.02058   0.01465  -0.1288   1.0000   0.6074
  -0.500   0.2943   0.02122   0.01545  -0.1279   1.0000   0.6641
   0.000   0.3392   0.02203   0.01644  -0.1259   1.0000   0.7083
   0.500   0.3945   0.02310   0.01764  -0.1261   0.9960   0.7466
   1.000   0.4814   0.02385   0.01848  -0.1321   0.9770   0.7793
   1.500   0.5663   0.02413   0.01886  -0.1374   0.9623   0.8089
   2.000   0.6371   0.02348   0.01836  -0.1397   0.9418   0.8351
   2.500   0.7167   0.02237   0.01744  -0.1433   0.9258   0.8598
   3.000   0.7842   0.02050   0.01579  -0.1441   0.9020   0.8839
   3.500   0.8295   0.01852   0.01403  -0.1402   0.8588   0.9087
   4.000   0.9010   0.01519   0.01077  -0.1400   0.7803   0.9367
   4.500   1.0299   0.01300   0.00748  -0.1519   0.5812   0.9688
   5.000   1.0613   0.01466   0.00842  -0.1472   0.4362   1.0000
   5.500   1.0943   0.01686   0.00968  -0.1434   0.2656   1.0000
   6.000   1.1311   0.01965   0.01147  -0.1408   0.1195   1.0000
   6.500   1.1722   0.02187   0.01346  -0.1385   0.0802   1.0000
   7.000   1.2117   0.02427   0.01582  -0.1357   0.0639   1.0000
   7.500   1.2554   0.02696   0.01848  -0.1337   0.0536   1.0000
   8.000   1.3009   0.02894   0.02064  -0.1319   0.0466   1.0000
   8.500   1.3603   0.03273   0.02463  -0.1327   0.0415   1.0000
   9.000   1.4053   0.03551   0.02762  -0.1311   0.0372   1.0000
   9.500   1.4610   0.04182   0.03443  -0.1317   0.0346   1.0000
  10.000   1.4797   0.04656   0.03992  -0.1252   0.0330   1.0000
