  
       XFOIL         Version 6.99
  
 Calculated polar for: NACA 4214                                       
  
 1 1 Reynolds number fixed          Mach number fixed         
  
 xtrf =   1.000 (top)        1.000 (bottom)  
 Mach =   0.050     Re =     0.200 e 6     Ncrit =   9.000
  
   alpha    CL        CD       CDp       CM     Top_Xtr  Bot_Xtr
  ------ -------- --------- --------- -------- -------- --------
  -2.000   0.2149   0.01608   0.00800  -0.0741   0.7554   0.0875
  -1.500   0.2667   0.01508   0.00688  -0.0726   0.7192   0.0982
  -1.000   0.3173   0.01436   0.00601  -0.0710   0.6800   0.1124
  -0.500   0.3666   0.01386   0.00536  -0.0692   0.6347   0.1320
   0.000   0.4138   0.01335   0.00472  -0.0673   0.5846   0.1667
   0.500   0.4542   0.01126   0.00489  -0.0627   0.5309   0.9301
   1.000   0.5678   0.01216   0.00502  -0.0743   0.4485   1.0000
   1.500   0.6056   0.01277   0.00517  -0.0711   0.4061   1.0000
   2.000   0.6460   0.01339   0.00542  -0.0684   0.3795   1.0000
   2.500   0.6892   0.01400   0.00574  -0.0661   0.3620   1.0000
   3.500   0.7818   0.01522   0.00660  -0.0626   0.3400   1.0000
   4.000   0.8310   0.01600   0.00715  -0.0616   0.3319   1.0000
   4.500   0.8805   0.01659   0.00773  -0.0605   0.3251   1.0000
   5.000   0.9314   0.01732   0.00837  -0.0598   0.3194   1.0000
   5.500   0.9840   0.01826   0.00922  -0.0596   0.3143   1.0000
   6.000   1.0338   0.01897   0.01001  -0.0588   0.3090   1.0000
   6.500   1.0852   0.01982   0.01087  -0.0583   0.3044   1.0000
   7.000   1.1388   0.02089   0.01187  -0.0584   0.3003   1.0000
   7.500   1.1884   0.02197   0.01309  -0.0578   0.2961   1.0000
   8.000   1.2365   0.02300   0.01429  -0.0570   0.2919   1.0000
   8.500   1.2859   0.02409   0.01548  -0.0565   0.2878   1.0000
   9.000   1.3384   0.02541   0.01678  -0.0566   0.2835   1.0000
   9.500   1.3834   0.02695   0.01859  -0.0556   0.2800   1.0000
  10.000   1.4248   0.02827   0.02019  -0.0540   0.2754   1.0000
  -2.000   0.2149   0.01608   0.00800  -0.0741   0.7554   0.0875
  -1.500   0.2667   0.01508   0.00688  -0.0726   0.7192   0.0982
  -1.000   0.3173   0.01436   0.00601  -0.0710   0.6800   0.1124
  -0.500   0.3666   0.01386   0.00536  -0.0692   0.6347   0.1320
   0.000   0.4138   0.01335   0.00472  -0.0673   0.5846   0.1667
   0.500   0.4542   0.01126   0.00489  -0.0627   0.5309   0.9301
   1.000   0.5678   0.01216   0.00502  -0.0743   0.4485   1.0000
   1.500   0.6056   0.01277   0.00517  -0.0711   0.4061   1.0000
   2.000   0.6460   0.01339   0.00542  -0.0684   0.3795   1.0000
   2.500   0.6892   0.01400   0.00574  -0.0661   0.3620   1.0000
   3.500   0.7818   0.01522   0.00660  -0.0626   0.3400   1.0000
   4.000   0.8310   0.01600   0.00715  -0.0616   0.3319   1.0000
   4.500   0.8805   0.01659   0.00773  -0.0605   0.3251   1.0000
   5.000   0.9314   0.01732   0.00837  -0.0598   0.3194   1.0000
   5.500   0.9840   0.01826   0.00922  -0.0596   0.3143   1.0000
   6.000   1.0338   0.01897   0.01001  -0.0588   0.3090   1.0000
   6.500   1.0852   0.01982   0.01087  -0.0583   0.3044   1.0000
   7.000   1.1388   0.02089   0.01187  -0.0584   0.3003   1.0000
   7.500   1.1884   0.02197   0.01309  -0.0578   0.2961   1.0000
   8.000   1.2365   0.02300   0.01429  -0.0570   0.2919   1.0000
   8.500   1.2859   0.02409   0.01548  -0.0565   0.2878   1.0000
   9.000   1.3384   0.02541   0.01678  -0.0566   0.2835   1.0000
   9.500   1.3834   0.02695   0.01859  -0.0556   0.2800   1.0000
  10.000   1.4248   0.02827   0.02019  -0.0540   0.2754   1.0000
  -2.000   0.2149   0.01608   0.00800  -0.0741   0.7554   0.0875
  -1.500   0.2667   0.01508   0.00688  -0.0726   0.7192   0.0982
  -1.000   0.3173   0.01436   0.00601  -0.0710   0.6800   0.1124
  -0.500   0.3666   0.01386   0.00536  -0.0692   0.6347   0.1320
   0.000   0.4138   0.01335   0.00472  -0.0673   0.5846   0.1667
   0.500   0.4542   0.01126   0.00489  -0.0627   0.5309   0.9301
   1.000   0.5678   0.01216   0.00502  -0.0743   0.4485   1.0000
   1.500   0.6056   0.01277   0.00517  -0.0711   0.4061   1.0000
   2.000   0.6460   0.01339   0.00542  -0.0684   0.3795   1.0000
   2.500   0.6892   0.01400   0.00574  -0.0661   0.3620   1.0000
   3.500   0.7818   0.01522   0.00660  -0.0626   0.3400   1.0000
   4.000   0.8310   0.01600   0.00715  -0.0616   0.3319   1.0000
   4.500   0.8805   0.01659   0.00773  -0.0605   0.3251   1.0000
   5.000   0.9314   0.01732   0.00837  -0.0598   0.3194   1.0000
   5.500   0.9840   0.01826   0.00922  -0.0596   0.3143   1.0000
   6.000   1.0338   0.01897   0.01001  -0.0588   0.3090   1.0000
   6.500   1.0852   0.01982   0.01087  -0.0583   0.3044   1.0000
   7.000   1.1388   0.02089   0.01187  -0.0584   0.3003   1.0000
   7.500   1.1884   0.02197   0.01309  -0.0578   0.2961   1.0000
   8.000   1.2365   0.02300   0.01429  -0.0570   0.2919   1.0000
   8.500   1.2859   0.02409   0.01548  -0.0565   0.2878   1.0000
   9.000   1.3384   0.02541   0.01678  -0.0566   0.2835   1.0000
   9.500   1.3834   0.02695   0.01859  -0.0556   0.2800   1.0000
  10.000   1.4248   0.02827   0.02019  -0.0540   0.2754   1.0000
