  
       XFOIL         Version 6.99
  
 Calculated polar for: NACA 5110                                       
  
 1 1 Reynolds number fixed          Mach number fixed         
  
 xtrf =   1.000 (top)        1.000 (bottom)  
 Mach =   0.050     Re =     0.200 e 6     Ncrit =   9.000
  
   alpha    CL        CD       CDp       CM     Top_Xtr  Bot_Xtr
  ------ -------- --------- --------- -------- -------- --------
  -2.000   0.2637   0.03032   0.02443  -0.0696   0.5893   0.0218
  -1.500   0.2989   0.03079   0.02285  -0.0655   0.2519   0.0238
  -1.000   0.3511   0.03043   0.02163  -0.0636   0.2030   0.0249
  -0.500   0.3992   0.02691   0.01781  -0.0633   0.1913   0.0272
   0.000   0.4554   0.02819   0.01850  -0.0611   0.1848   0.0312
   0.500   0.5051   0.02432   0.01447  -0.0609   0.1806   0.0344
   1.000   0.5579   0.02369   0.01344  -0.0596   0.1772   0.0413
   1.500   0.6096   0.02295   0.01238  -0.0586   0.1745   0.0539
   2.000   0.6629   0.02222   0.01149  -0.0577   0.1730   0.0726
   2.500   0.7147   0.02099   0.01036  -0.0571   0.1714   0.1169
   3.000   0.7668   0.02065   0.01012  -0.0562   0.1699   0.1396
   3.500   0.8210   0.02175   0.01105  -0.0551   0.1685   0.1011
   4.000   0.8743   0.02279   0.01195  -0.0542   0.1672   0.0777
   4.500   0.9266   0.02346   0.01247  -0.0537   0.1655   0.0806
   5.000   0.9787   0.02444   0.01326  -0.0533   0.1638   0.1032
   5.500   1.0278   0.02420   0.01467  -0.0524   0.1627   1.0000
   6.000   1.0785   0.02592   0.01630  -0.0521   0.1619   1.0000
   6.500   1.1280   0.02794   0.01834  -0.0517   0.1613   1.0000
   7.000   1.1757   0.03027   0.02080  -0.0512   0.1608   1.0000
   7.500   1.2211   0.03282   0.02353  -0.0505   0.1606   1.0000
   8.000   1.2638   0.03550   0.02648  -0.0495   0.1606   1.0000
   8.500   1.3037   0.03824   0.02952  -0.0482   0.1608   1.0000
   9.000   1.3396   0.04144   0.03308  -0.0466   0.1609   1.0000
   9.500   1.3687   0.04569   0.03770  -0.0447   0.1606   1.0000
  10.000   1.3905   0.04918   0.04171  -0.0416   0.1615   1.0000
