  
       XFOIL         Version 6.99
  
 Calculated polar for: NACA 7424                                       
  
 1 1 Reynolds number fixed          Mach number fixed         
  
 xtrf =   1.000 (top)        1.000 (bottom)  
 Mach =   0.050     Re =     0.200 e 6     Ncrit =   9.000
  
   alpha    CL        CD       CDp       CM     Top_Xtr  Bot_Xtr
  ------ -------- --------- --------- -------- -------- --------
  -2.000   0.5217   0.01967   0.01050  -0.1562   0.6100   0.2210
  -1.500   0.5624   0.01960   0.01054  -0.1536   0.5986   0.2364
  -1.000   0.6234   0.01959   0.01042  -0.1549   0.5897   0.2567
  -0.500   0.6633   0.01967   0.01062  -0.1522   0.5802   0.2766
   0.000   0.7218   0.01969   0.01058  -0.1530   0.5720   0.3032
   0.500   0.7655   0.01992   0.01093  -0.1511   0.5640   0.3319
   1.000   0.8146   0.01996   0.01111  -0.1503   0.5564   0.3697
   2.000   0.9047   0.01990   0.01214  -0.1472   0.5426   0.6379
   2.500   0.9488   0.01983   0.01274  -0.1437   0.5361   0.9180
   3.000   1.0412   0.02050   0.01312  -0.1516   0.5295   1.0000
   3.500   1.0588   0.02125   0.01390  -0.1452   0.5231   1.0000
   4.000   1.1015   0.02182   0.01433  -0.1434   0.5167   1.0000
   4.500   1.1771   0.02247   0.01468  -0.1478   0.5111   1.0000
   5.000   1.1802   0.02356   0.01592  -0.1390   0.5050   1.0000
   5.500   1.2143   0.02440   0.01672  -0.1360   0.4985   1.0000
   6.000   1.2838   0.02488   0.01700  -0.1391   0.4934   1.0000
   6.500   1.2993   0.02637   0.01858  -0.1333   0.4873   1.0000
   7.000   1.3145   0.02780   0.02009  -0.1277   0.4806   1.0000
   7.500   1.3762   0.02827   0.02042  -0.1294   0.4755   1.0000
   8.000   1.4067   0.02977   0.02195  -0.1266   0.4697   1.0000
   8.500   1.3912   0.03250   0.02489  -0.1175   0.4624   1.0000
   9.000   1.4484   0.03292   0.02521  -0.1185   0.4572   1.0000
   9.500   1.4837   0.03448   0.02677  -0.1168   0.4516   1.0000
  10.000   1.4241   0.03999   0.03262  -0.1042   0.4425   1.0000
