  
       XFOIL         Version 6.99
  
 Calculated polar for: NACA 5432                                       
  
 1 1 Reynolds number fixed          Mach number fixed         
  
 xtrf =   1.000 (top)        1.000 (bottom)  
 Mach =   0.050     Re =     0.200 e 6     Ncrit =   9.000
  
   alpha    CL        CD       CDp       CM     Top_Xtr  Bot_Xtr
  ------ -------- --------- --------- -------- -------- --------
  -2.000   0.2630   0.02210   0.01291  -0.0994   0.5723   0.3372
  -1.500   0.2810   0.02210   0.01309  -0.0928   0.5638   0.3507
  -1.000   0.3263   0.02212   0.01301  -0.0912   0.5561   0.3680
  -0.500   0.3795   0.02212   0.01309  -0.0913   0.5488   0.3897
   0.000   0.3935   0.02222   0.01341  -0.0841   0.5413   0.4087
   0.500   0.4413   0.02218   0.01344  -0.0831   0.5343   0.4363
   1.000   0.4972   0.02242   0.01374  -0.0837   0.5278   0.4722
   1.500   0.5061   0.02295   0.01453  -0.0759   0.5208   0.5066
   2.000   0.5516   0.02308   0.01488  -0.0745   0.5142   0.5553
   2.500   0.6241   0.02327   0.01512  -0.0778   0.5083   0.6112
   3.000   0.6184   0.02442   0.01663  -0.0681   0.5014   0.6511
   3.500   0.6556   0.02496   0.01728  -0.0654   0.4948   0.6965
   4.000   0.7288   0.02499   0.01733  -0.0683   0.4897   0.7424
   4.500   0.7228   0.02666   0.01934  -0.0592   0.4828   0.7826
   5.000   0.7376   0.02784   0.02073  -0.0533   0.4759   0.8287
   5.500   0.8013   0.02790   0.02076  -0.0539   0.4712   0.8763
   6.000   0.8154   0.02989   0.02292  -0.0485   0.4646   0.9265
   6.500   0.8375   0.03278   0.02597  -0.0468   0.4566   0.9681
   7.000   0.9673   0.03260   0.02551  -0.0598   0.4519   0.9829
   7.500   1.0154   0.03604   0.02907  -0.0642   0.4442   0.9996
   8.000   0.9170   0.03973   0.03288  -0.0454   0.4359   1.0000
   8.500   1.0035   0.03803   0.03090  -0.0492   0.4327   1.0000
   9.500   0.9019   0.04970   0.04284  -0.0310   0.4141   1.0000
  10.000   1.0194   0.04589   0.03874  -0.0368   0.4129   1.0000
