  
       XFOIL         Version 6.99
  
 Calculated polar for: NACA 4536                                       
  
 1 1 Reynolds number fixed          Mach number fixed         
  
 xtrf =   1.000 (top)        1.000 (bottom)  
 Mach =   0.050     Re =     0.200 e 6     Ncrit =   9.000
  
   alpha    CL        CD       CDp       CM     Top_Xtr  Bot_Xtr
  ------ -------- --------- --------- -------- -------- --------
  -2.000   0.0756   0.02434   0.01563  -0.0726   0.6068   0.3802
  -1.500   0.1200   0.02429   0.01568  -0.0711   0.5979   0.3910
  -1.000   0.1306   0.02453   0.01589  -0.0636   0.5873   0.4009
  -0.500   0.2193   0.02401   0.01531  -0.0699   0.5799   0.4149
   0.000   0.2006   0.02491   0.01633  -0.0576   0.5689   0.4240
   0.500   0.2652   0.02452   0.01589  -0.0596   0.5609   0.4378
   1.000   0.2860   0.02525   0.01668  -0.0545   0.5516   0.4500
   1.500   0.3227   0.02543   0.01688  -0.0520   0.5424   0.4634
   2.000   0.4006   0.02524   0.01657  -0.0562   0.5354   0.4805
   2.500   0.3865   0.02657   0.01812  -0.0461   0.5248   0.4920
   3.000   0.4587   0.02625   0.01771  -0.0491   0.5178   0.5104
   3.500   0.4626   0.02765   0.01930  -0.0424   0.5083   0.5245
   4.000   0.5067   0.02802   0.01966  -0.0415   0.5001   0.5429
   4.500   0.5770   0.02787   0.01952  -0.0443   0.4936   0.5641
   5.000   0.5558   0.03028   0.02210  -0.0349   0.4831   0.5795
   5.500   0.6339   0.02960   0.02143  -0.0385   0.4772   0.6052
   6.000   0.6116   0.03261   0.02469  -0.0299   0.4670   0.6236
   6.500   0.6636   0.03283   0.02492  -0.0302   0.4600   0.6508
   7.000   0.7298   0.03270   0.02485  -0.0323   0.4542   0.6830
   7.500   0.6849   0.03704   0.02959  -0.0221   0.4429   0.7076
   8.000   0.7723   0.03556   0.02810  -0.0259   0.4385   0.7516
   8.500   0.6868   0.04311   0.03618  -0.0131   0.4252   0.7838
   9.000   0.7660   0.04124   0.03438  -0.0145   0.4214   0.8489
  10.000   0.7919   0.04914   0.04265  -0.0113   0.4037   0.9743
  -2.000   0.0756   0.02434   0.01563  -0.0726   0.6068   0.3802
  -1.500   0.1200   0.02429   0.01568  -0.0711   0.5979   0.3910
  -1.000   0.1306   0.02453   0.01589  -0.0636   0.5873   0.4009
  -0.500   0.2193   0.02401   0.01531  -0.0699   0.5799   0.4149
   0.000   0.2006   0.02491   0.01633  -0.0576   0.5689   0.4240
   0.500   0.2652   0.02452   0.01589  -0.0596   0.5609   0.4378
   1.000   0.2860   0.02525   0.01668  -0.0545   0.5516   0.4500
   1.500   0.3227   0.02543   0.01688  -0.0520   0.5424   0.4634
   2.000   0.4006   0.02524   0.01657  -0.0562   0.5354   0.4805
   2.500   0.3865   0.02657   0.01812  -0.0461   0.5248   0.4920
   3.000   0.4587   0.02625   0.01771  -0.0491   0.5178   0.5104
   3.500   0.4626   0.02765   0.01930  -0.0424   0.5083   0.5245
   4.000   0.5067   0.02802   0.01966  -0.0415   0.5001   0.5429
   4.500   0.5770   0.02787   0.01952  -0.0443   0.4936   0.5641
   5.000   0.5558   0.03028   0.02210  -0.0349   0.4831   0.5795
   5.500   0.6339   0.02960   0.02143  -0.0385   0.4772   0.6052
   6.000   0.6116   0.03261   0.02469  -0.0299   0.4670   0.6236
   6.500   0.6636   0.03283   0.02492  -0.0302   0.4600   0.6508
   7.000   0.7298   0.03270   0.02485  -0.0323   0.4542   0.6830
   7.500   0.6849   0.03704   0.02959  -0.0221   0.4429   0.7076
   8.000   0.7723   0.03556   0.02810  -0.0259   0.4385   0.7516
   8.500   0.6868   0.04311   0.03618  -0.0131   0.4252   0.7838
   9.000   0.7660   0.04124   0.03438  -0.0145   0.4214   0.8489
  10.000   0.7919   0.04914   0.04265  -0.0113   0.4037   0.9743
  -2.000   0.0756   0.02434   0.01563  -0.0726   0.6068   0.3802
  -1.500   0.1200   0.02429   0.01568  -0.0711   0.5979   0.3910
  -1.000   0.1306   0.02453   0.01589  -0.0636   0.5873   0.4009
  -0.500   0.2193   0.02401   0.01531  -0.0699   0.5799   0.4149
   0.000   0.2006   0.02491   0.01633  -0.0576   0.5689   0.4240
   0.500   0.2652   0.02452   0.01589  -0.0596   0.5609   0.4378
   1.000   0.2860   0.02525   0.01668  -0.0545   0.5516   0.4500
   1.500   0.3227   0.02543   0.01688  -0.0520   0.5424   0.4634
   2.000   0.4006   0.02524   0.01657  -0.0562   0.5354   0.4805
   2.500   0.3865   0.02657   0.01812  -0.0461   0.5248   0.4920
   3.000   0.4587   0.02625   0.01771  -0.0491   0.5178   0.5104
   3.500   0.4626   0.02765   0.01930  -0.0424   0.5083   0.5245
   4.000   0.5067   0.02802   0.01966  -0.0415   0.5001   0.5429
   4.500   0.5770   0.02787   0.01952  -0.0443   0.4936   0.5641
   5.000   0.5558   0.03028   0.02210  -0.0349   0.4831   0.5795
   5.500   0.6339   0.02960   0.02143  -0.0385   0.4772   0.6052
   6.000   0.6116   0.03261   0.02469  -0.0299   0.4670   0.6236
   6.500   0.6636   0.03283   0.02492  -0.0302   0.4600   0.6508
   7.000   0.7298   0.03270   0.02485  -0.0323   0.4542   0.6830
   7.500   0.6849   0.03704   0.02959  -0.0221   0.4429   0.7076
   8.000   0.7723   0.03556   0.02810  -0.0259   0.4385   0.7516
   8.500   0.6868   0.04311   0.03618  -0.0131   0.4252   0.7838
   9.000   0.7660   0.04124   0.03438  -0.0145   0.4214   0.8489
  10.000   0.7919   0.04914   0.04265  -0.0113   0.4037   0.9743
