  
       XFOIL         Version 6.99
  
 Calculated polar for: NACA 6236                                       
  
 1 1 Reynolds number fixed          Mach number fixed         
  
 xtrf =   1.000 (top)        1.000 (bottom)  
 Mach =   0.050     Re =     0.200 e 6     Ncrit =   9.000
  
   alpha    CL        CD       CDp       CM     Top_Xtr  Bot_Xtr
  ------ -------- --------- --------- -------- -------- --------
  -2.000   0.1324   0.02296   0.01414  -0.0353   0.4780   0.3149
  -1.500   0.1443   0.02252   0.01413  -0.0282   0.4667   0.4469
  -1.000   0.1566   0.02295   0.01471  -0.0215   0.4535   0.4919
  -0.500   0.1801   0.02353   0.01530  -0.0169   0.4403   0.5233
   0.000   0.2120   0.02406   0.01574  -0.0137   0.4273   0.5497
   0.500   0.2331   0.02490   0.01659  -0.0094   0.4135   0.5716
   1.000   0.2557   0.02591   0.01758  -0.0056   0.3997   0.5938
   1.500   0.2852   0.02685   0.01847  -0.0029   0.3868   0.6152
   2.000   0.3193   0.02770   0.01923  -0.0009   0.3746   0.6364
   2.500   0.3381   0.02916   0.02078   0.0025   0.3629   0.6575
   3.000   0.3719   0.03027   0.02182   0.0042   0.3532   0.6828
   3.500   0.4024   0.03151   0.02310   0.0061   0.3448   0.7086
   4.000   0.4397   0.03260   0.02423   0.0073   0.3378   0.7357
   4.500   0.4687   0.03402   0.02578   0.0092   0.3314   0.7660
   5.000   0.5146   0.03473   0.02644   0.0098   0.3264   0.8020
   5.500   0.5391   0.03649   0.02838   0.0123   0.3219   0.8369
   6.000   0.5620   0.03835   0.03041   0.0151   0.3174   0.8711
   6.500   0.5996   0.03979   0.03185   0.0164   0.3137   0.9062
   7.000   0.6719   0.04054   0.03237   0.0131   0.3103   0.9354
   7.500   0.7017   0.04448   0.03651   0.0112   0.3074   0.9580
   8.000   0.7453   0.04861   0.04075   0.0064   0.3042   0.9728
   8.500   0.8049   0.05221   0.04437  -0.0005   0.3012   0.9829
   9.000   0.8799   0.05453   0.04657  -0.0082   0.2986   0.9916
   9.500   0.9761   0.05562   0.04743  -0.0175   0.2961   0.9981
  10.000   0.8946   0.06256   0.05475  -0.0077   0.2944   1.0000
