  
       XFOIL         Version 6.99
  
 Calculated polar for: NACA 6734                                       
  
 1 1 Reynolds number fixed          Mach number fixed         
  
 xtrf =   1.000 (top)        1.000 (bottom)  
 Mach =   0.050     Re =     0.200 e 6     Ncrit =   9.000
  
   alpha    CL        CD       CDp       CM     Top_Xtr  Bot_Xtr
  ------ -------- --------- --------- -------- -------- --------
  -2.000   0.1480   0.02676   0.01898  -0.1283   0.6839   0.3569
  -1.500   0.2527   0.02529   0.01734  -0.1368   0.6768   0.3709
  -1.000   0.2960   0.02555   0.01766  -0.1356   0.6611   0.3813
  -0.500   0.4052   0.02446   0.01633  -0.1451   0.6523   0.3965
   0.000   0.4232   0.02532   0.01732  -0.1396   0.6358   0.4063
   0.500   0.4885   0.02540   0.01732  -0.1420   0.6241   0.4198
   1.000   0.5354   0.02566   0.01759  -0.1413   0.6108   0.4319
   1.500   0.5861   0.02617   0.01808  -0.1412   0.5989   0.4452
   2.000   0.6360   0.02642   0.01831  -0.1411   0.5868   0.4584
   2.500   0.6821   0.02710   0.01901  -0.1403   0.5754   0.4721
   3.000   0.7282   0.02753   0.01941  -0.1396   0.5638   0.4860
   3.500   0.7776   0.02817   0.02008  -0.1394   0.5533   0.5005
   4.000   0.8139   0.02896   0.02087  -0.1373   0.5418   0.5145
   4.500   0.8739   0.02933   0.02123  -0.1387   0.5323   0.5303
   5.000   0.8945   0.03071   0.02267  -0.1344   0.5209   0.5441
   5.500   0.9744   0.03048   0.02234  -0.1386   0.5122   0.5617
   6.000   0.9709   0.03276   0.02479  -0.1310   0.5009   0.5745
   6.500   1.0296   0.03296   0.02498  -0.1320   0.4922   0.5909
   7.000   1.0471   0.03497   0.02706  -0.1277   0.4821   0.6056
   7.500   1.0854   0.03587   0.02805  -0.1259   0.4729   0.6204
   8.000   1.1290   0.03703   0.02914  -0.1254   0.4643   0.6373
   8.500   1.1386   0.03926   0.03158  -0.1201   0.4544   0.6497
   9.000   1.2158   0.03891   0.03098  -0.1239   0.4470   0.6686
   9.500   1.1906   0.04297   0.03541  -0.1146   0.4368   0.6785
  10.000   1.2418   0.04358   0.03590  -0.1151   0.4291   0.6959
