  
       XFOIL         Version 6.99
  
 Calculated polar for: NACA 1830                                       
  
 1 1 Reynolds number fixed          Mach number fixed         
  
 xtrf =   1.000 (top)        1.000 (bottom)  
 Mach =   0.050     Re =     0.200 e 6     Ncrit =   9.000
  
   alpha    CL        CD       CDp       CM     Top_Xtr  Bot_Xtr
  ------ -------- --------- --------- -------- -------- --------
  -2.000  -0.0605   0.01860   0.01060  -0.0429   0.6466   0.4789
  -1.500  -0.0194   0.01860   0.01046  -0.0401   0.6287   0.4934
  -1.000   0.0350   0.01853   0.01041  -0.0397   0.6116   0.5078
  -0.500   0.0736   0.01844   0.01031  -0.0365   0.5942   0.5226
   0.000   0.1186   0.01851   0.01040  -0.0343   0.5778   0.5380
   0.500   0.1721   0.01856   0.01037  -0.0339   0.5622   0.5536
   1.000   0.2063   0.01858   0.01040  -0.0298   0.5464   0.5698
   1.500   0.2552   0.01871   0.01060  -0.0284   0.5317   0.5861
   2.000   0.3015   0.01877   0.01064  -0.0265   0.5170   0.6030
   2.500   0.3396   0.01897   0.01086  -0.0232   0.5028   0.6208
   3.000   0.3932   0.01921   0.01109  -0.0228   0.4892   0.6383
   3.500   0.4254   0.01934   0.01134  -0.0183   0.4756   0.6560
   4.000   0.4700   0.01967   0.01161  -0.0163   0.4630   0.6756
   4.500   0.5044   0.01988   0.01195  -0.0122   0.4503   0.6934
   5.000   0.5441   0.02029   0.01241  -0.0094   0.4381   0.7123
   5.500   0.5848   0.02066   0.01273  -0.0068   0.4262   0.7327
   6.000   0.6198   0.02130   0.01353  -0.0031   0.4144   0.7515
   6.500   0.6665   0.02180   0.01397  -0.0016   0.4031   0.7703
   7.000   0.6929   0.02251   0.01482   0.0031   0.3920   0.7910
   7.500   0.7435   0.02312   0.01530   0.0040   0.3812   0.8106
   8.000   0.7587   0.02393   0.01636   0.0104   0.3709   0.8306
   8.500   0.8051   0.02451   0.01680   0.0118   0.3609   0.8511
   9.000   0.8170   0.02549   0.01800   0.0182   0.3511   0.8744
   9.500   0.8591   0.02611   0.01850   0.0206   0.3417   0.8959
  10.000   0.8650   0.02734   0.01997   0.0275   0.3325   0.9215
