  
       XFOIL         Version 6.99
  
 Calculated polar for: NACA 6410                                       
  
 1 1 Reynolds number fixed          Mach number fixed         
  
 xtrf =   1.000 (top)        1.000 (bottom)  
 Mach =   0.050     Re =     0.200 e 6     Ncrit =   9.000
  
   alpha    CL        CD       CDp       CM     Top_Xtr  Bot_Xtr
  ------ -------- --------- --------- -------- -------- --------
  -2.000   0.4666   0.01444   0.00687  -0.1562   0.8341   0.1009
  -1.500   0.5233   0.01359   0.00598  -0.1559   0.8152   0.1302
  -1.000   0.5805   0.01294   0.00533  -0.1557   0.7958   0.1756
  -0.500   0.6354   0.01248   0.00500  -0.1553   0.7736   0.2421
   0.000   0.6903   0.01195   0.00474  -0.1550   0.7511   0.3604
   0.500   0.7389   0.01065   0.00460  -0.1529   0.7281   1.0000
   1.000   0.7938   0.01091   0.00452  -0.1524   0.7053   1.0000
   1.500   0.8477   0.01124   0.00460  -0.1519   0.6828   1.0000
   2.000   0.9015   0.01162   0.00477  -0.1514   0.6622   1.0000
   2.500   0.9556   0.01205   0.00499  -0.1511   0.6439   1.0000
   3.000   1.0097   0.01252   0.00532  -0.1508   0.6272   1.0000
   3.500   1.0631   0.01302   0.00573  -0.1504   0.6115   1.0000
   4.000   1.1165   0.01354   0.00621  -0.1501   0.5971   1.0000
   4.500   1.1689   0.01408   0.00678  -0.1497   0.5832   1.0000
   5.000   1.2210   0.01465   0.00741  -0.1492   0.5699   1.0000
   5.500   1.2728   0.01527   0.00812  -0.1486   0.5571   1.0000
   6.000   1.3243   0.01591   0.00885  -0.1481   0.5445   1.0000
   6.500   1.3755   0.01656   0.00963  -0.1474   0.5317   1.0000
   7.000   1.4211   0.01695   0.01011  -0.1455   0.5101   1.0000
   7.500   1.4590   0.01716   0.01034  -0.1419   0.4782   1.0000
   8.000   1.4980   0.01766   0.01100  -0.1389   0.4528   1.0000
   8.500   1.5322   0.01822   0.01172  -0.1350   0.4225   1.0000
   9.000   1.5568   0.01899   0.01259  -0.1295   0.3782   1.0000
   9.500   1.5543   0.02088   0.01417  -0.1198   0.2939   1.0000
  10.000   1.5173   0.02595   0.01833  -0.1075   0.1582   1.0000
