  
       XFOIL         Version 6.99
  
 Calculated polar for: NACA 9324                                       
  
 1 1 Reynolds number fixed          Mach number fixed         
  
 xtrf =   1.000 (top)        1.000 (bottom)  
 Mach =   0.050     Re =     0.200 e 6     Ncrit =   9.000
  
   alpha    CL        CD       CDp       CM     Top_Xtr  Bot_Xtr
  ------ -------- --------- --------- -------- -------- --------
  -2.000   0.5510   0.02638   0.01709  -0.1380   0.4698   0.1038
  -1.500   0.5990   0.02552   0.01589  -0.1372   0.4607   0.1086
  -1.000   0.6463   0.02521   0.01527  -0.1361   0.4525   0.1151
  -0.500   0.7037   0.02505   0.01495  -0.1370   0.4456   0.1216
   0.000   0.7501   0.02495   0.01479  -0.1359   0.4398   0.1291
   0.500   0.8018   0.02509   0.01477  -0.1356   0.4346   0.1384
   1.000   0.8634   0.02524   0.01480  -0.1373   0.4300   0.1496
   1.500   0.9149   0.02557   0.01518  -0.1373   0.4259   0.1618
   2.000   0.9573   0.02596   0.01568  -0.1358   0.4217   0.1752
   2.500   1.0054   0.02638   0.01615  -0.1354   0.4180   0.1926
   3.000   1.0587   0.02681   0.01658  -0.1358   0.4147   0.2158
   3.500   1.1218   0.02720   0.01700  -0.1382   0.4115   0.2536
   5.000   1.2266   0.02909   0.02067  -0.1308   0.4029   1.0000
   5.500   1.2625   0.03046   0.02199  -0.1290   0.4001   1.0000
   6.000   1.3026   0.03178   0.02324  -0.1280   0.3975   1.0000
   6.500   1.3513   0.03301   0.02434  -0.1282   0.3951   1.0000
   7.000   1.4154   0.03445   0.02559  -0.1310   0.3923   1.0000
   7.500   1.4098   0.03715   0.02852  -0.1239   0.3900   1.0000
   8.000   1.3862   0.04112   0.03280  -0.1156   0.3874   1.0000
   8.500   1.3247   0.04823   0.04033  -0.1051   0.3838   1.0000
   9.000   1.1512   0.06744   0.06021  -0.0908   0.3762   1.0000
