  
       XFOIL         Version 6.99
  
 Calculated polar for: NACA 1718                                       
  
 1 1 Reynolds number fixed          Mach number fixed         
  
 xtrf =   1.000 (top)        1.000 (bottom)  
 Mach =   0.050     Re =     0.200 e 6     Ncrit =   9.000
  
   alpha    CL        CD       CDp       CM     Top_Xtr  Bot_Xtr
  ------ -------- --------- --------- -------- -------- --------
  -2.000  -0.0972   0.01393   0.00746  -0.0404   0.8720   0.5520
  -1.500  -0.0327   0.01332   0.00694  -0.0410   0.8537   0.5866
  -1.000   0.0290   0.01278   0.00653  -0.0410   0.8313   0.6186
  -0.500   0.0903   0.01238   0.00613  -0.0409   0.8057   0.6522
   0.000   0.1456   0.01217   0.00599  -0.0397   0.7731   0.6823
   0.500   0.2015   0.01209   0.00585  -0.0387   0.7392   0.7138
   1.000   0.2557   0.01212   0.00580  -0.0373   0.7043   0.7432
   1.500   0.3063   0.01226   0.00591  -0.0354   0.6682   0.7722
   2.000   0.3562   0.01246   0.00605  -0.0334   0.6339   0.8022
   2.500   0.4055   0.01271   0.00621  -0.0312   0.6014   0.8308
   3.000   0.4525   0.01296   0.00648  -0.0285   0.5683   0.8597
   3.500   0.4993   0.01331   0.00671  -0.0259   0.5375   0.8904
   4.000   0.5511   0.01370   0.00707  -0.0242   0.5049   0.9172
   4.500   0.6128   0.01422   0.00748  -0.0249   0.4722   0.9423
   5.000   0.6844   0.01485   0.00792  -0.0280   0.4379   0.9633
   5.500   0.7684   0.01549   0.00846  -0.0340   0.4007   0.9779
   6.000   0.8528   0.01616   0.00900  -0.0404   0.3635   0.9921
   6.500   0.9125   0.01669   0.00943  -0.0424   0.3314   1.0000
   7.000   0.9227   0.01703   0.00966  -0.0345   0.3093   1.0000
   7.500   0.9398   0.01760   0.01007  -0.0276   0.2870   1.0000
   8.000   0.9630   0.01830   0.01068  -0.0218   0.2644   1.0000
   8.500   0.9890   0.01910   0.01142  -0.0167   0.2419   1.0000
   9.000   1.0137   0.02007   0.01230  -0.0115   0.2214   1.0000
   9.500   1.0399   0.02126   0.01338  -0.0070   0.2025   1.0000
  10.000   1.0668   0.02263   0.01466  -0.0031   0.1852   1.0000
