  
       XFOIL         Version 6.99
  
 Calculated polar for: NACA 8716                                       
  
 1 1 Reynolds number fixed          Mach number fixed         
  
 xtrf =   1.000 (top)        1.000 (bottom)  
 Mach =   0.050     Re =     0.200 e 6     Ncrit =   9.000
  
   alpha    CL        CD       CDp       CM     Top_Xtr  Bot_Xtr
  ------ -------- --------- --------- -------- -------- --------
  -2.000   0.3718   0.04546   0.03852  -0.2137   0.8639   0.2319
  -0.500   0.5780   0.04488   0.03815  -0.2218   0.8347   0.3415
   0.500   0.7162   0.04406   0.03756  -0.2266   0.8190   0.4205
   1.000   0.7696   0.04367   0.03728  -0.2261   0.8059   0.4567
   1.500   0.8490   0.04263   0.03635  -0.2297   0.8033   0.4987
   2.000   0.8993   0.04209   0.03593  -0.2285   0.7896   0.5333
   3.000   1.0251   0.03996   0.03405  -0.2294   0.7730   0.6016
   3.500   1.0727   0.03926   0.03350  -0.2272   0.7586   0.6276
   4.000   1.1216   0.03851   0.03287  -0.2251   0.7443   0.6526
   4.500   1.1724   0.03765   0.03210  -0.2233   0.7304   0.6774
   5.000   1.2285   0.03650   0.03103  -0.2224   0.7172   0.7019
   5.500   1.3005   0.03426   0.02886  -0.2238   0.7074   0.7258
   6.000   1.3864   0.03142   0.02602  -0.2276   0.6947   0.7522
   6.500   1.4752   0.02872   0.02326  -0.2322   0.6729   0.7762
   7.000   1.5497   0.02749   0.02185  -0.2349   0.6411   0.7996
   7.500   1.5935   0.02796   0.02223  -0.2327   0.6058   0.8198
   8.000   1.6255   0.02906   0.02324  -0.2285   0.5715   0.8402
   8.500   1.6525   0.03038   0.02447  -0.2237   0.5384   0.8623
   9.000   1.6734   0.03192   0.02596  -0.2179   0.5058   0.8919
   9.500   1.6885   0.03369   0.02777  -0.2115   0.4733   1.0000
  10.000   1.7087   0.03599   0.02997  -0.2064   0.4399   1.0000
