  
       XFOIL         Version 6.99
  
 Calculated polar for: NACA 3640                                       
  
 1 1 Reynolds number fixed          Mach number fixed         
  
 xtrf =   1.000 (top)        1.000 (bottom)  
 Mach =   0.050     Re =     0.200 e 6     Ncrit =   9.000
  
   alpha    CL        CD       CDp       CM     Top_Xtr  Bot_Xtr
  ------ -------- --------- --------- -------- -------- --------
  -2.000  -0.0185   0.02607   0.01733  -0.0555   0.5899   0.4073
  -1.500  -0.0550   0.02653   0.01781  -0.0403   0.5782   0.4133
  -1.000   0.0152   0.02616   0.01746  -0.0434   0.5688   0.4228
  -0.500   0.0146   0.02675   0.01807  -0.0348   0.5580   0.4309
   0.000   0.0577   0.02656   0.01783  -0.0335   0.5486   0.4403
   0.500   0.0969   0.02690   0.01820  -0.0316   0.5393   0.4497
   1.000   0.1116   0.02742   0.01867  -0.0258   0.5292   0.4590
   1.500   0.1965   0.02693   0.01814  -0.0313   0.5214   0.4707
   2.000   0.1787   0.02827   0.01964  -0.0209   0.5111   0.4793
   2.500   0.2321   0.02817   0.01945  -0.0214   0.5031   0.4908
   3.000   0.2653   0.02890   0.02028  -0.0191   0.4947   0.5016
   3.500   0.2803   0.02994   0.02132  -0.0143   0.4854   0.5123
   4.000   0.3604   0.02943   0.02077  -0.0187   0.4787   0.5259
   4.500   0.3415   0.03166   0.02320  -0.0097   0.4690   0.5359
   5.000   0.3895   0.03192   0.02342  -0.0098   0.4616   0.5490
   5.500   0.4476   0.03226   0.02378  -0.0112   0.4548   0.5628
   6.000   0.4235   0.03518   0.02685  -0.0028   0.4450   0.5730
   6.500   0.4987   0.03452   0.02619  -0.0061   0.4393   0.5889
   7.000   0.4723   0.03824   0.03013   0.0017   0.4297   0.6001
   7.500   0.5062   0.03934   0.03124   0.0026   0.4225   0.6148
   8.000   0.6049   0.03776   0.02955  -0.0031   0.4181   0.6335
   8.500   0.4957   0.04643   0.03864   0.0112   0.4049   0.6410
   9.000   0.5896   0.04421   0.03636   0.0067   0.4015   0.6615
   9.500   0.4476   0.05774   0.05035   0.0200   0.3844   0.6673
  10.000   0.5563   0.05382   0.04627   0.0152   0.3833   0.6896
