  
       XFOIL         Version 6.99
  
 Calculated polar for: NACA 4212                                       
  
 1 1 Reynolds number fixed          Mach number fixed         
  
 xtrf =   1.000 (top)        1.000 (bottom)  
 Mach =   0.050     Re =     0.200 e 6     Ncrit =   9.000
  
   alpha    CL        CD       CDp       CM     Top_Xtr  Bot_Xtr
  ------ -------- --------- --------- -------- -------- --------
  -2.000   0.2116   0.01667   0.00910  -0.0759   0.8061   0.0702
  -1.500   0.2653   0.01532   0.00742  -0.0743   0.7695   0.0786
  -1.000   0.3177   0.01443   0.00634  -0.0728   0.7282   0.0902
  -0.500   0.3683   0.01367   0.00539  -0.0711   0.6810   0.1057
   0.000   0.4170   0.01303   0.00464  -0.0693   0.6261   0.1294
   0.500   0.4648   0.01268   0.00406  -0.0674   0.5601   0.1823
   1.000   0.5381   0.01114   0.00418  -0.0703   0.4729   1.0000
   1.500   0.5802   0.01190   0.00434  -0.0677   0.4162   1.0000
   2.000   0.6256   0.01261   0.00462  -0.0658   0.3840   1.0000
   2.500   0.6739   0.01325   0.00497  -0.0644   0.3638   1.0000
   3.000   0.7235   0.01391   0.00539  -0.0633   0.3502   1.0000
   3.500   0.7745   0.01458   0.00585  -0.0625   0.3401   1.0000
   4.000   0.8264   0.01525   0.00644  -0.0619   0.3321   1.0000
   4.500   0.8785   0.01595   0.00701  -0.0614   0.3246   1.0000
   5.000   0.9312   0.01675   0.00778  -0.0611   0.3188   1.0000
   5.500   0.9837   0.01749   0.00855  -0.0607   0.3133   1.0000
   6.000   1.0367   0.01836   0.00935  -0.0605   0.3080   1.0000
   6.500   1.0891   0.01935   0.01042  -0.0603   0.3034   1.0000
   7.000   1.1403   0.02026   0.01147  -0.0599   0.2988   1.0000
   7.500   1.1922   0.02122   0.01248  -0.0596   0.2938   1.0000
   8.000   1.2455   0.02265   0.01394  -0.0598   0.2896   1.0000
   8.500   1.2926   0.02370   0.01530  -0.0588   0.2853   1.0000
   9.000   1.3405   0.02487   0.01668  -0.0581   0.2803   1.0000
   9.500   1.3916   0.02621   0.01810  -0.0580   0.2759   1.0000
  10.000   1.4355   0.02788   0.02009  -0.0568   0.2712   1.0000
  -2.000   0.2116   0.01667   0.00910  -0.0759   0.8061   0.0702
  -1.500   0.2653   0.01532   0.00742  -0.0743   0.7695   0.0786
  -1.000   0.3177   0.01443   0.00634  -0.0728   0.7282   0.0902
  -0.500   0.3683   0.01367   0.00539  -0.0711   0.6810   0.1057
   0.000   0.4170   0.01303   0.00464  -0.0693   0.6261   0.1294
   0.500   0.4648   0.01268   0.00406  -0.0674   0.5601   0.1823
   1.000   0.5381   0.01114   0.00418  -0.0703   0.4729   1.0000
   1.500   0.5802   0.01190   0.00434  -0.0677   0.4162   1.0000
   2.000   0.6256   0.01261   0.00462  -0.0658   0.3840   1.0000
   2.500   0.6739   0.01325   0.00497  -0.0644   0.3638   1.0000
   3.000   0.7235   0.01391   0.00539  -0.0633   0.3502   1.0000
   3.500   0.7745   0.01458   0.00585  -0.0625   0.3401   1.0000
   4.000   0.8264   0.01525   0.00644  -0.0619   0.3321   1.0000
   4.500   0.8785   0.01595   0.00701  -0.0614   0.3246   1.0000
   5.000   0.9312   0.01675   0.00778  -0.0611   0.3188   1.0000
   5.500   0.9837   0.01749   0.00855  -0.0607   0.3133   1.0000
   6.000   1.0367   0.01836   0.00935  -0.0605   0.3080   1.0000
   6.500   1.0891   0.01935   0.01042  -0.0603   0.3034   1.0000
   7.000   1.1403   0.02026   0.01147  -0.0599   0.2988   1.0000
   7.500   1.1922   0.02122   0.01248  -0.0596   0.2938   1.0000
   8.000   1.2455   0.02265   0.01394  -0.0598   0.2896   1.0000
   8.500   1.2926   0.02370   0.01530  -0.0588   0.2853   1.0000
   9.000   1.3405   0.02487   0.01668  -0.0581   0.2803   1.0000
   9.500   1.3916   0.02621   0.01810  -0.0580   0.2759   1.0000
  10.000   1.4355   0.02788   0.02009  -0.0568   0.2712   1.0000
  -2.000   0.2116   0.01667   0.00910  -0.0759   0.8061   0.0702
  -1.500   0.2653   0.01532   0.00742  -0.0743   0.7695   0.0786
  -1.000   0.3177   0.01443   0.00634  -0.0728   0.7282   0.0902
  -0.500   0.3683   0.01367   0.00539  -0.0711   0.6810   0.1057
   0.000   0.4170   0.01303   0.00464  -0.0693   0.6261   0.1294
   0.500   0.4648   0.01268   0.00406  -0.0674   0.5601   0.1823
   1.000   0.5381   0.01114   0.00418  -0.0703   0.4729   1.0000
   1.500   0.5802   0.01190   0.00434  -0.0677   0.4162   1.0000
   2.000   0.6256   0.01261   0.00462  -0.0658   0.3840   1.0000
   2.500   0.6739   0.01325   0.00497  -0.0644   0.3638   1.0000
   3.000   0.7235   0.01391   0.00539  -0.0633   0.3502   1.0000
   3.500   0.7745   0.01458   0.00585  -0.0625   0.3401   1.0000
   4.000   0.8264   0.01525   0.00644  -0.0619   0.3321   1.0000
   4.500   0.8785   0.01595   0.00701  -0.0614   0.3246   1.0000
   5.000   0.9312   0.01675   0.00778  -0.0611   0.3188   1.0000
   5.500   0.9837   0.01749   0.00855  -0.0607   0.3133   1.0000
   6.000   1.0367   0.01836   0.00935  -0.0605   0.3080   1.0000
   6.500   1.0891   0.01935   0.01042  -0.0603   0.3034   1.0000
   7.000   1.1403   0.02026   0.01147  -0.0599   0.2988   1.0000
   7.500   1.1922   0.02122   0.01248  -0.0596   0.2938   1.0000
   8.000   1.2455   0.02265   0.01394  -0.0598   0.2896   1.0000
   8.500   1.2926   0.02370   0.01530  -0.0588   0.2853   1.0000
   9.000   1.3405   0.02487   0.01668  -0.0581   0.2803   1.0000
   9.500   1.3916   0.02621   0.01810  -0.0580   0.2759   1.0000
  10.000   1.4355   0.02788   0.02009  -0.0568   0.2712   1.0000
