  
       XFOIL         Version 6.99
  
 Calculated polar for: NACA 7332                                       
  
 1 1 Reynolds number fixed          Mach number fixed         
  
 xtrf =   1.000 (top)        1.000 (bottom)  
 Mach =   0.050     Re =     0.200 e 6     Ncrit =   9.000
  
   alpha    CL        CD       CDp       CM     Top_Xtr  Bot_Xtr
  ------ -------- --------- --------- -------- -------- --------
  -2.000   0.2886   0.02486   0.01485  -0.0852   0.4746   0.1991
  -1.500   0.3299   0.02482   0.01472  -0.0832   0.4659   0.2090
  -1.000   0.3765   0.02500   0.01488  -0.0823   0.4586   0.2209
  -0.500   0.4127   0.02509   0.01506  -0.0798   0.4517   0.2337
   0.000   0.4630   0.02514   0.01504  -0.0796   0.4458   0.2508
   0.500   0.5085   0.02532   0.01530  -0.0787   0.4403   0.2732
   1.000   0.5393   0.02545   0.01577  -0.0758   0.4352   0.3107
   1.500   0.5743   0.02497   0.01644  -0.0733   0.4308   0.5651
   2.000   0.6266   0.02532   0.01702  -0.0730   0.4269   0.6708
   2.500   0.6727   0.02613   0.01799  -0.0718   0.4229   0.7297
   3.000   0.6918   0.02731   0.01942  -0.0668   0.4189   0.7773
   3.500   0.7198   0.02839   0.02071  -0.0630   0.4153   0.8270
   4.000   0.7563   0.02936   0.02177  -0.0601   0.4120   0.8822
   4.500   0.8230   0.03025   0.02255  -0.0623   0.4088   0.9345
   5.000   0.8931   0.03220   0.02445  -0.0670   0.4052   0.9713
   5.500   0.9441   0.03541   0.02781  -0.0716   0.4014   0.9920
   6.000   0.9407   0.03803   0.03053  -0.0670   0.3979   1.0000
   6.500   0.9191   0.04036   0.03288  -0.0584   0.3947   1.0000
   7.000   0.9585   0.04126   0.03362  -0.0576   0.3919   1.0000
   7.500   1.0247   0.04197   0.03409  -0.0602   0.3893   1.0000
   8.500   0.1737   0.14296   0.13767  -0.0236   0.3587   1.0000
   9.000   0.2296   0.14618   0.14072  -0.0249   0.3573   1.0000
   9.500   0.2926   0.15091   0.14529  -0.0267   0.3564   1.0000
  10.000   0.2463   0.15442   0.14885  -0.0261   0.3432   1.0000
