  
       XFOIL         Version 6.99
  
 Calculated polar for: NACA 4622                                       
  
 1 1 Reynolds number fixed          Mach number fixed         
  
 xtrf =   1.000 (top)        1.000 (bottom)  
 Mach =   0.050     Re =     0.200 e 6     Ncrit =   9.000
  
   alpha    CL        CD       CDp       CM     Top_Xtr  Bot_Xtr
  ------ -------- --------- --------- -------- -------- --------
  -2.000   0.2045   0.01920   0.01188  -0.1177   0.7998   0.4033
  -1.500   0.2537   0.01873   0.01150  -0.1160   0.7854   0.4268
  -1.000   0.3507   0.01752   0.01038  -0.1230   0.7813   0.4569
  -0.500   0.3982   0.01718   0.01011  -0.1208   0.7648   0.4816
   0.000   0.4536   0.01680   0.00979  -0.1202   0.7490   0.5081
   0.500   0.5168   0.01637   0.00939  -0.1210   0.7337   0.5360
   1.000   0.5810   0.01600   0.00902  -0.1219   0.7171   0.5645
   1.500   0.6391   0.01581   0.00881  -0.1218   0.6982   0.5922
   2.000   0.6916   0.01574   0.00874  -0.1207   0.6775   0.6191
   2.500   0.7414   0.01574   0.00875  -0.1191   0.6559   0.6458
   3.000   0.7896   0.01582   0.00884  -0.1172   0.6342   0.6733
   3.500   0.8365   0.01598   0.00899  -0.1152   0.6127   0.7021
   4.000   0.8819   0.01621   0.00921  -0.1129   0.5918   0.7333
   4.500   0.9244   0.01648   0.00952  -0.1101   0.5715   0.7669
   5.000   0.9643   0.01680   0.00991  -0.1069   0.5519   0.8083
   5.500   0.9990   0.01710   0.01035  -0.1023   0.5333   0.8709
   6.000   1.0492   0.01749   0.01075  -0.1015   0.5139   1.0000
   6.500   1.0922   0.01818   0.01126  -0.0998   0.4954   1.0000
   7.000   1.1329   0.01892   0.01184  -0.0976   0.4773   1.0000
   7.500   1.1701   0.01973   0.01252  -0.0948   0.4594   1.0000
   8.000   1.1996   0.02068   0.01344  -0.0908   0.4417   1.0000
   8.500   1.2299   0.02171   0.01445  -0.0871   0.4243   1.0000
   9.000   1.2600   0.02284   0.01554  -0.0836   0.4073   1.0000
   9.500   1.2898   0.02407   0.01671  -0.0801   0.3906   1.0000
  10.000   1.3186   0.02539   0.01798  -0.0767   0.3743   1.0000
  -2.000   0.2045   0.01920   0.01188  -0.1177   0.7998   0.4033
  -1.500   0.2537   0.01873   0.01150  -0.1160   0.7854   0.4268
  -1.000   0.3507   0.01752   0.01038  -0.1230   0.7813   0.4569
  -0.500   0.3982   0.01718   0.01011  -0.1208   0.7648   0.4816
   0.000   0.4536   0.01680   0.00979  -0.1202   0.7490   0.5081
   0.500   0.5168   0.01637   0.00939  -0.1210   0.7337   0.5360
   1.000   0.5810   0.01600   0.00902  -0.1219   0.7171   0.5645
   1.500   0.6391   0.01581   0.00881  -0.1218   0.6982   0.5922
   2.000   0.6916   0.01574   0.00874  -0.1207   0.6775   0.6191
   2.500   0.7414   0.01574   0.00875  -0.1191   0.6559   0.6458
   3.000   0.7896   0.01582   0.00884  -0.1172   0.6342   0.6733
   3.500   0.8365   0.01598   0.00899  -0.1152   0.6127   0.7021
   4.000   0.8819   0.01621   0.00921  -0.1129   0.5918   0.7333
   4.500   0.9244   0.01648   0.00952  -0.1101   0.5715   0.7669
   5.000   0.9643   0.01680   0.00991  -0.1069   0.5519   0.8083
   5.500   0.9990   0.01710   0.01035  -0.1023   0.5333   0.8709
   6.000   1.0492   0.01749   0.01075  -0.1015   0.5139   1.0000
   6.500   1.0922   0.01818   0.01126  -0.0998   0.4954   1.0000
   7.000   1.1329   0.01892   0.01184  -0.0976   0.4773   1.0000
   7.500   1.1701   0.01973   0.01252  -0.0948   0.4594   1.0000
   8.000   1.1996   0.02068   0.01344  -0.0908   0.4417   1.0000
   8.500   1.2299   0.02171   0.01445  -0.0871   0.4243   1.0000
   9.000   1.2600   0.02284   0.01554  -0.0836   0.4073   1.0000
   9.500   1.2898   0.02407   0.01671  -0.0801   0.3906   1.0000
  10.000   1.3186   0.02539   0.01798  -0.0767   0.3743   1.0000
