  
       XFOIL         Version 6.99
  
 Calculated polar for: NACA 2730                                       
  
 1 1 Reynolds number fixed          Mach number fixed         
  
 xtrf =   1.000 (top)        1.000 (bottom)  
 Mach =   0.050     Re =     0.200 e 6     Ncrit =   9.000
  
   alpha    CL        CD       CDp       CM     Top_Xtr  Bot_Xtr
  ------ -------- --------- --------- -------- -------- --------
  -2.000   0.0235   0.01854   0.01061  -0.0660   0.6738   0.4541
  -1.500   0.0772   0.01853   0.01044  -0.0656   0.6555   0.4691
  -1.000   0.1211   0.01846   0.01043  -0.0633   0.6369   0.4828
  -0.500   0.1604   0.01849   0.01039  -0.0602   0.6193   0.4978
   0.000   0.2113   0.01856   0.01048  -0.0592   0.6030   0.5130
   0.500   0.2591   0.01857   0.01044  -0.0577   0.5869   0.5285
   1.000   0.2951   0.01872   0.01060  -0.0540   0.5709   0.5446
   1.500   0.3470   0.01886   0.01075  -0.0533   0.5563   0.5607
   2.000   0.3838   0.01894   0.01081  -0.0497   0.5415   0.5775
   2.500   0.4234   0.01919   0.01112  -0.0467   0.5274   0.5944
   3.000   0.4788   0.01941   0.01128  -0.0466   0.5137   0.6119
   3.500   0.5036   0.01968   0.01162  -0.0410   0.5001   0.6297
   4.000   0.5554   0.02005   0.01199  -0.0403   0.4874   0.6476
   4.500   0.5881   0.02045   0.01249  -0.0363   0.4744   0.6653
   5.000   0.6335   0.02099   0.01298  -0.0348   0.4622   0.6847
   5.500   0.6723   0.02143   0.01350  -0.0319   0.4499   0.7026
   6.000   0.7109   0.02202   0.01413  -0.0293   0.4381   0.7218
   6.500   0.7549   0.02251   0.01458  -0.0275   0.4267   0.7418
   7.000   0.7846   0.02322   0.01545  -0.0236   0.4153   0.7609
   7.500   0.8334   0.02367   0.01580  -0.0227   0.4045   0.7820
   8.000   0.8538   0.02460   0.01693  -0.0176   0.3937   0.8038
   8.500   0.9041   0.02504   0.01727  -0.0169   0.3834   0.8259
   9.000   0.9144   0.02616   0.01866  -0.0105   0.3733   0.8508
   9.500   0.9619   0.02664   0.01903  -0.0093   0.3636   0.8777
  10.000   0.9647   0.02804   0.02074  -0.0021   0.3541   0.9122
