  
       XFOIL         Version 6.99
  
 Calculated polar for: NACA 4628                                       
  
 1 1 Reynolds number fixed          Mach number fixed         
  
 xtrf =   1.000 (top)        1.000 (bottom)  
 Mach =   0.050     Re =     0.200 e 6     Ncrit =   9.000
  
   alpha    CL        CD       CDp       CM     Top_Xtr  Bot_Xtr
  ------ -------- --------- --------- -------- -------- --------
  -2.000   0.1683   0.01971   0.01203  -0.1051   0.7256   0.3966
  -1.500   0.2087   0.01943   0.01173  -0.1020   0.7099   0.4120
  -1.000   0.2917   0.01890   0.01109  -0.1069   0.6986   0.4315
  -0.500   0.3421   0.01858   0.01085  -0.1057   0.6830   0.4484
   0.000   0.3807   0.01850   0.01078  -0.1023   0.6661   0.4650
   0.500   0.4314   0.01851   0.01069  -0.1013   0.6504   0.4836
   1.000   0.4943   0.01837   0.01056  -0.1025   0.6357   0.5034
   1.500   0.5432   0.01841   0.01060  -0.1012   0.6198   0.5221
   2.000   0.5810   0.01874   0.01092  -0.0980   0.6035   0.5412
   2.500   0.6314   0.01905   0.01121  -0.0971   0.5885   0.5617
   3.000   0.6966   0.01919   0.01126  -0.0988   0.5744   0.5827
   3.500   0.7237   0.01976   0.01194  -0.0939   0.5592   0.6020
   4.000   0.7692   0.02028   0.01241  -0.0923   0.5453   0.6237
   4.500   0.8280   0.02052   0.01259  -0.0929   0.5321   0.6464
   5.000   0.8513   0.02122   0.01347  -0.0876   0.5182   0.6671
   5.500   0.8986   0.02168   0.01392  -0.0865   0.5057   0.6908
   6.000   0.9360   0.02223   0.01451  -0.0838   0.4928   0.7156
   6.500   0.9697   0.02297   0.01536  -0.0806   0.4803   0.7424
   7.000   1.0224   0.02327   0.01562  -0.0802   0.4686   0.7731
   7.500   1.0369   0.02429   0.01694  -0.0741   0.4564   0.8090
   8.000   1.0784   0.02467   0.01739  -0.0716   0.4456   0.8648
   8.500   1.1036   0.02557   0.01852  -0.0678   0.4334   1.0000
   9.000   1.1446   0.02666   0.01946  -0.0671   0.4222   1.0000
   9.500   1.1789   0.02778   0.02048  -0.0652   0.4110   1.0000
  10.000   1.2044   0.02936   0.02205  -0.0622   0.3999   1.0000
  -2.000   0.1683   0.01971   0.01203  -0.1051   0.7256   0.3966
  -1.500   0.2087   0.01943   0.01173  -0.1020   0.7099   0.4120
  -1.000   0.2917   0.01890   0.01109  -0.1069   0.6986   0.4315
  -0.500   0.3421   0.01858   0.01085  -0.1057   0.6830   0.4484
   0.000   0.3807   0.01850   0.01078  -0.1023   0.6661   0.4650
   0.500   0.4314   0.01851   0.01069  -0.1013   0.6504   0.4836
   1.000   0.4943   0.01837   0.01056  -0.1025   0.6357   0.5034
   1.500   0.5432   0.01841   0.01060  -0.1012   0.6198   0.5221
   2.000   0.5810   0.01874   0.01092  -0.0980   0.6035   0.5412
   2.500   0.6314   0.01905   0.01121  -0.0971   0.5885   0.5617
   3.000   0.6966   0.01919   0.01126  -0.0988   0.5744   0.5827
   3.500   0.7237   0.01976   0.01194  -0.0939   0.5592   0.6020
   4.000   0.7692   0.02028   0.01241  -0.0923   0.5453   0.6237
   4.500   0.8280   0.02052   0.01259  -0.0929   0.5321   0.6464
   5.000   0.8513   0.02122   0.01347  -0.0876   0.5182   0.6671
   5.500   0.8986   0.02168   0.01392  -0.0865   0.5057   0.6908
   6.000   0.9360   0.02223   0.01451  -0.0838   0.4928   0.7156
   6.500   0.9697   0.02297   0.01536  -0.0806   0.4803   0.7424
   7.000   1.0224   0.02327   0.01562  -0.0802   0.4686   0.7731
   7.500   1.0369   0.02429   0.01694  -0.0741   0.4564   0.8090
   8.000   1.0784   0.02467   0.01739  -0.0716   0.4456   0.8648
   8.500   1.1036   0.02557   0.01852  -0.0678   0.4334   1.0000
   9.000   1.1446   0.02666   0.01946  -0.0671   0.4222   1.0000
   9.500   1.1789   0.02778   0.02048  -0.0652   0.4110   1.0000
  10.000   1.2044   0.02936   0.02205  -0.0622   0.3999   1.0000
