  
       XFOIL         Version 6.99
  
 Calculated polar for: NACA 1308                                       
  
 1 1 Reynolds number fixed          Mach number fixed         
  
 xtrf =   1.000 (top)        1.000 (bottom)  
 Mach =   0.050     Re =     0.200 e 6     Ncrit =   9.000
  
   alpha    CL        CD       CDp       CM     Top_Xtr  Bot_Xtr
  ------ -------- --------- --------- -------- -------- --------
  -2.000  -0.1950   0.00835   0.00352  -0.0074   1.0000   0.8084
  -1.500  -0.1077   0.00840   0.00364  -0.0122   1.0000   0.9862
  -1.000  -0.0582   0.00846   0.00350  -0.0121   1.0000   1.0000
  -0.500  -0.0044   0.00865   0.00355  -0.0128   0.9956   1.0000
   0.000   0.0916   0.00871   0.00351  -0.0216   0.9787   1.0000
   0.500   0.1885   0.00859   0.00338  -0.0302   0.9589   1.0000
   1.000   0.2692   0.00836   0.00318  -0.0347   0.9265   1.0000
   1.500   0.3263   0.00821   0.00299  -0.0338   0.8749   1.0000
   2.000   0.3749   0.00824   0.00289  -0.0311   0.8112   1.0000
   2.500   0.4219   0.00851   0.00292  -0.0283   0.7337   1.0000
   3.000   0.4689   0.00899   0.00308  -0.0257   0.6467   1.0000
   3.500   0.5161   0.00960   0.00334  -0.0236   0.5571   1.0000
   4.000   0.5639   0.01028   0.00375  -0.0218   0.4720   1.0000
   4.500   0.6118   0.01104   0.00423  -0.0203   0.3819   1.0000
   5.000   0.6570   0.01228   0.00491  -0.0187   0.2286   1.0000
   5.500   0.6965   0.01502   0.00672  -0.0165   0.0788   1.0000
   6.000   0.7398   0.01727   0.00892  -0.0145   0.0559   1.0000
   6.500   0.7834   0.02008   0.01176  -0.0125   0.0454   1.0000
   7.000   0.8314   0.02217   0.01411  -0.0109   0.0389   1.0000
   7.500   0.8758   0.02688   0.01908  -0.0092   0.0351   1.0000
   8.000   0.9174   0.03071   0.02365  -0.0068   0.0322   1.0000
   8.500   0.9475   0.03751   0.03136  -0.0036   0.0320   1.0000
   9.000   0.9586   0.04724   0.04193  -0.0002   0.0339   1.0000
