  
       XFOIL         Version 6.99
  
 Calculated polar for: NACA 2424                                       
  
 1 1 Reynolds number fixed          Mach number fixed         
  
 xtrf =   1.000 (top)        1.000 (bottom)  
 Mach =   0.050     Re =     0.200 e 6     Ncrit =   9.000
  
   alpha    CL        CD       CDp       CM     Top_Xtr  Bot_Xtr
  ------ -------- --------- --------- -------- -------- --------
  -2.000   0.0130   0.01549   0.00774  -0.0512   0.6777   0.4786
  -1.500   0.0639   0.01531   0.00762  -0.0499   0.6597   0.5106
  -1.000   0.1104   0.01524   0.00763  -0.0477   0.6412   0.5450
  -0.500   0.1587   0.01522   0.00770  -0.0460   0.6239   0.5801
   0.000   0.2091   0.01526   0.00779  -0.0445   0.6081   0.6159
   0.500   0.2609   0.01534   0.00784  -0.0433   0.5928   0.6518
   1.000   0.3084   0.01544   0.00811  -0.0413   0.5772   0.6853
   1.500   0.3589   0.01564   0.00834  -0.0398   0.5630   0.7197
   2.000   0.4110   0.01584   0.00852  -0.0386   0.5492   0.7530
   2.500   0.4587   0.01610   0.00894  -0.0365   0.5350   0.7843
   3.000   0.5109   0.01648   0.00931  -0.0352   0.5220   0.8156
   3.500   0.5584   0.01681   0.00968  -0.0330   0.5086   0.8468
   4.000   0.6066   0.01731   0.01021  -0.0309   0.4954   0.8758
   4.500   0.6676   0.01792   0.01069  -0.0312   0.4826   0.8999
   5.000   0.7226   0.01852   0.01137  -0.0307   0.4687   0.9224
   5.500   0.7925   0.01927   0.01207  -0.0334   0.4551   0.9411
   6.000   0.8899   0.02007   0.01270  -0.0417   0.4402   0.9504
   6.500   0.9663   0.02066   0.01332  -0.0463   0.4253   0.9652
   7.000   1.0437   0.02131   0.01396  -0.0514   0.4106   0.9792
   7.500   1.1234   0.02190   0.01448  -0.0571   0.3962   0.9916
   8.000   1.1991   0.02238   0.01482  -0.0622   0.3819   1.0000
   8.500   1.1786   0.02265   0.01522  -0.0494   0.3723   1.0000
   9.000   1.1800   0.02292   0.01534  -0.0402   0.3628   1.0000
   9.500   1.1545   0.02334   0.01587  -0.0264   0.3535   1.0000
  10.000   1.1702   0.02397   0.01638  -0.0201   0.3432   1.0000
