  
       XFOIL         Version 6.99
  
 Calculated polar for: NACA 8428                                       
  
 1 1 Reynolds number fixed          Mach number fixed         
  
 xtrf =   1.000 (top)        1.000 (bottom)  
 Mach =   0.050     Re =     0.200 e 6     Ncrit =   9.000
  
   alpha    CL        CD       CDp       CM     Top_Xtr  Bot_Xtr
  ------ -------- --------- --------- -------- -------- --------
  -2.000   0.5284   0.02302   0.01369  -0.1563   0.5739   0.2105
  -1.500   0.5692   0.02312   0.01376  -0.1540   0.5661   0.2217
  -1.000   0.6471   0.02314   0.01367  -0.1587   0.5599   0.2373
  -0.500   0.6612   0.02348   0.01412  -0.1517   0.5532   0.2484
   0.000   0.7047   0.02375   0.01442  -0.1501   0.5465   0.2638
   0.500   0.7750   0.02377   0.01437  -0.1533   0.5411   0.2845
   1.000   0.8028   0.02448   0.01524  -0.1493   0.5355   0.3022
   1.500   0.8344   0.02515   0.01600  -0.1459   0.5292   0.3231
   2.000   0.8932   0.02525   0.01614  -0.1472   0.5241   0.3539
   2.500   0.9611   0.02552   0.01650  -0.1503   0.5196   0.3997
   3.000   0.9574   0.02691   0.01840  -0.1417   0.5135   0.4519
   3.500   0.9875   0.02724   0.01961  -0.1382   0.5081   0.6768
   4.000   1.0494   0.02697   0.01979  -0.1385   0.5040   1.0000
   4.500   1.0907   0.02826   0.02092  -0.1376   0.4992   1.0000
   5.000   1.0580   0.03148   0.02435  -0.1261   0.4921   1.0000
   5.500   1.0946   0.03279   0.02555  -0.1246   0.4873   1.0000
   6.000   1.1788   0.03252   0.02498  -0.1296   0.4839   1.0000
   6.500   0.9844   0.04625   0.03945  -0.1029   0.4690   1.0000
   7.000   1.0671   0.04477   0.03774  -0.1063   0.4671   1.0000
   7.500   1.1686   0.04250   0.03518  -0.1119   0.4654   1.0000
