  
       XFOIL         Version 6.99
  
 Calculated polar for: NACA 3722                                       
  
 1 1 Reynolds number fixed          Mach number fixed         
  
 xtrf =   1.000 (top)        1.000 (bottom)  
 Mach =   0.050     Re =     0.200 e 6     Ncrit =   9.000
  
   alpha    CL        CD       CDp       CM     Top_Xtr  Bot_Xtr
  ------ -------- --------- --------- -------- -------- --------
  -2.000   0.0497   0.01866   0.01165  -0.0879   0.8144   0.4461
  -1.500   0.1339   0.01732   0.01043  -0.0921   0.8087   0.4729
  -1.000   0.1969   0.01652   0.00971  -0.0926   0.7926   0.4978
  -0.500   0.2675   0.01570   0.00897  -0.0946   0.7757   0.5239
   0.000   0.3425   0.01502   0.00831  -0.0974   0.7554   0.5508
   0.500   0.4251   0.01455   0.00778  -0.1020   0.7315   0.5785
   1.000   0.4911   0.01447   0.00762  -0.1034   0.7027   0.6041
   1.500   0.5529   0.01464   0.00768  -0.1040   0.6739   0.6290
   2.000   0.6121   0.01497   0.00789  -0.1042   0.6470   0.6529
   2.500   0.6606   0.01536   0.00824  -0.1023   0.6211   0.6753
   3.000   0.7058   0.01574   0.00860  -0.0998   0.5964   0.6973
   3.500   0.7500   0.01611   0.00894  -0.0972   0.5728   0.7193
   4.000   0.7925   0.01647   0.00927  -0.0943   0.5503   0.7414
   4.500   0.8325   0.01681   0.00959  -0.0909   0.5286   0.7636
   5.000   0.8712   0.01717   0.00994  -0.0874   0.5077   0.7865
   5.500   0.9101   0.01757   0.01034  -0.0840   0.4873   0.8105
   6.000   0.9482   0.01802   0.01078  -0.0806   0.4674   0.8362
   6.500   0.9834   0.01845   0.01123  -0.0765   0.4482   0.8640
   7.000   1.0150   0.01889   0.01169  -0.0718   0.4296   0.8997
   7.500   1.0512   0.01933   0.01219  -0.0682   0.4106   0.9715
   8.000   1.0954   0.02012   0.01289  -0.0677   0.3911   1.0000
   8.500   1.1339   0.02110   0.01379  -0.0658   0.3725   1.0000
   9.000   1.1689   0.02217   0.01480  -0.0633   0.3544   1.0000
   9.500   1.2014   0.02336   0.01594  -0.0604   0.3369   1.0000
  10.000   1.2319   0.02467   0.01721  -0.0573   0.3201   1.0000
