  
       XFOIL         Version 6.99
  
 Calculated polar for: NACA 9630                                       
  
 1 1 Reynolds number fixed          Mach number fixed         
  
 xtrf =   1.000 (top)        1.000 (bottom)  
 Mach =   0.050     Re =     0.200 e 6     Ncrit =   9.000
  
   alpha    CL        CD       CDp       CM     Top_Xtr  Bot_Xtr
  ------ -------- --------- --------- -------- -------- --------
  -1.500   0.2383   0.04948   0.04189  -0.1652   0.6477   0.2595
  -1.000   0.3151   0.04796   0.04032  -0.1685   0.6462   0.2729
  -0.500   0.3936   0.04626   0.03857  -0.1718   0.6453   0.2873
   0.000   0.4742   0.04432   0.03670  -0.1755   0.6447   0.3022
   2.000   0.7441   0.04086   0.03319  -0.1845   0.6256   0.3670
   3.000   0.7663   0.04704   0.03946  -0.1754   0.5950   0.3917
   3.500   0.8556   0.04457   0.03703  -0.1800   0.5935   0.4141
   4.000   0.9513   0.04195   0.03440  -0.1857   0.5920   0.4374
   4.500   1.0543   0.03921   0.03158  -0.1925   0.5899   0.4627
   5.500   1.1453   0.04082   0.03322  -0.1915   0.5711   0.5024
   6.500   1.2235   0.04328   0.03571  -0.1890   0.5518   0.5430
   7.500   1.2875   0.04666   0.03917  -0.1850   0.5324   0.5822
   8.500   1.3390   0.05089   0.04354  -0.1797   0.5130   0.6206
   9.500   1.3808   0.05607   0.04884  -0.1740   0.4936   0.6607
  10.000   1.4831   0.05280   0.04545  -0.1801   0.4904   0.6910
