  
       XFOIL         Version 6.99
  
 Calculated polar for: NACA 3734                                       
  
 1 1 Reynolds number fixed          Mach number fixed         
  
 xtrf =   1.000 (top)        1.000 (bottom)  
 Mach =   0.050     Re =     0.200 e 6     Ncrit =   9.000
  
   alpha    CL        CD       CDp       CM     Top_Xtr  Bot_Xtr
  ------ -------- --------- --------- -------- -------- --------
  -2.000   0.0337   0.02126   0.01303  -0.0748   0.6448   0.4213
  -1.500   0.0883   0.02126   0.01302  -0.0749   0.6303   0.4327
  -1.000   0.1278   0.02115   0.01280  -0.0724   0.6157   0.4444
  -0.500   0.1656   0.02131   0.01304  -0.0694   0.6016   0.4555
   0.000   0.2216   0.02124   0.01279  -0.0698   0.5886   0.4688
   0.500   0.2511   0.02155   0.01326  -0.0654   0.5750   0.4802
   1.000   0.3135   0.02154   0.01304  -0.0671   0.5629   0.4945
   1.500   0.3381   0.02198   0.01368  -0.0619   0.5500   0.5064
   2.000   0.4012   0.02204   0.01354  -0.0637   0.5386   0.5216
   2.500   0.4252   0.02259   0.01430  -0.0586   0.5265   0.5342
   3.000   0.4846   0.02272   0.01426  -0.0597   0.5156   0.5500
   3.500   0.5111   0.02338   0.01512  -0.0553   0.5041   0.5636
   4.000   0.5635   0.02362   0.01525  -0.0553   0.4937   0.5797
   4.500   0.5958   0.02437   0.01616  -0.0520   0.4830   0.5944
   5.000   0.6395   0.02478   0.01652  -0.0507   0.4727   0.6107
   5.500   0.6799   0.02554   0.01737  -0.0488   0.4628   0.6266
   6.000   0.7135   0.02623   0.01809  -0.0461   0.4527   0.6426
   6.500   0.7639   0.02688   0.01874  -0.0458   0.4436   0.6595
   7.000   0.7840   0.02797   0.01996  -0.0413   0.4336   0.6750
   7.500   0.8519   0.02828   0.02011  -0.0437   0.4250   0.6933
   8.000   0.8511   0.02997   0.02208  -0.0366   0.4155   0.7081
   8.500   0.8999   0.03055   0.02257  -0.0363   0.4072   0.7265
   9.000   0.9170   0.03211   0.02431  -0.0321   0.3984   0.7426
   9.500   0.9490   0.03324   0.02545  -0.0300   0.3899   0.7610
  10.000   0.9864   0.03419   0.02646  -0.0284   0.3821   0.7792
