  
       XFOIL         Version 6.99
  
 Calculated polar for: NACA 2608                                       
  
 1 1 Reynolds number fixed          Mach number fixed         
  
 xtrf =   1.000 (top)        1.000 (bottom)  
 Mach =   0.050     Re =     0.200 e 6     Ncrit =   9.000
  
   alpha    CL        CD       CDp       CM     Top_Xtr  Bot_Xtr
  ------ -------- --------- --------- -------- -------- --------
  -2.000  -0.0796   0.01100   0.00504  -0.0497   1.0000   0.5727
  -1.500  -0.0286   0.01079   0.00527  -0.0489   1.0000   0.7046
  -1.000   0.0203   0.01039   0.00546  -0.0466   0.9963   0.9317
  -0.500   0.1060   0.01066   0.00551  -0.0536   0.9849   1.0000
   0.000   0.1873   0.01090   0.00560  -0.0594   0.9730   1.0000
   0.500   0.2678   0.01101   0.00565  -0.0647   0.9597   1.0000
   1.000   0.3488   0.01094   0.00560  -0.0698   0.9454   1.0000
   1.500   0.4316   0.01063   0.00537  -0.0747   0.9302   1.0000
   2.000   0.5019   0.01014   0.00500  -0.0765   0.9083   1.0000
   2.500   0.5642   0.00949   0.00447  -0.0759   0.8762   1.0000
   3.000   0.6189   0.00902   0.00403  -0.0736   0.8224   1.0000
   3.500   0.6702   0.00901   0.00384  -0.0708   0.7269   1.0000
   4.000   0.7121   0.01001   0.00403  -0.0669   0.5473   1.0000
   4.500   0.7465   0.01199   0.00487  -0.0629   0.3088   1.0000
   5.000   0.7798   0.01506   0.00660  -0.0597   0.0889   1.0000
   5.500   0.8211   0.01735   0.00873  -0.0571   0.0595   1.0000
   6.000   0.8650   0.01981   0.01123  -0.0548   0.0477   1.0000
   6.500   0.9130   0.02201   0.01362  -0.0531   0.0402   1.0000
   7.000   0.9607   0.02689   0.01875  -0.0516   0.0360   1.0000
   7.500   1.0060   0.03012   0.02262  -0.0492   0.0327   1.0000
   8.000   1.0411   0.03674   0.03014  -0.0454   0.0326   1.0000
   8.500   1.0573   0.04631   0.04062  -0.0405   0.0350   1.0000
