  
       XFOIL         Version 6.99
  
 Calculated polar for: NACA 8710                                       
  
 1 1 Reynolds number fixed          Mach number fixed         
  
 xtrf =   1.000 (top)        1.000 (bottom)  
 Mach =   0.050     Re =     0.200 e 6     Ncrit =   9.000
  
   alpha    CL        CD       CDp       CM     Top_Xtr  Bot_Xtr
  ------ -------- --------- --------- -------- -------- --------
  -1.500   0.4075   0.04455   0.03770  -0.2133   0.9567   0.1583
  -1.000   0.4812   0.04585   0.03917  -0.2182   0.9525   0.2277
  -0.500   0.5615   0.04814   0.04162  -0.2243   0.9504   0.3112
   0.500   0.6613   0.04868   0.04252  -0.2237   0.9183   0.4421
   1.000   0.7501   0.04816   0.04216  -0.2292   0.9000   0.5192
   1.500   0.8223   0.04787   0.04201  -0.2317   0.8860   0.5797
   2.500   0.9434   0.04730   0.04170  -0.2324   0.8596   0.6640
   3.000   1.0015   0.04689   0.04141  -0.2323   0.8469   0.6972
   4.000   1.1377   0.04514   0.03996  -0.2356   0.8293   0.7609
   4.500   1.2008   0.04373   0.03874  -0.2362   0.8177   0.7894
   5.000   1.2619   0.04199   0.03723  -0.2362   0.8044   0.8176
   5.500   1.3340   0.03823   0.03369  -0.2368   0.7888   0.8489
   6.500   1.4114   0.03454   0.03046  -0.2271   0.7028   1.0000
   7.000   1.5514   0.02614   0.02092  -0.2368   0.5408   1.0000
   7.500   1.5404   0.03001   0.02395  -0.2250   0.4018   1.0000
   8.000   1.5208   0.03511   0.02783  -0.2130   0.2178   1.0000
   8.500   1.5146   0.03996   0.03166  -0.2038   0.0921   1.0000
   9.000   1.5263   0.04356   0.03516  -0.1973   0.0663   1.0000
   9.500   1.5401   0.04703   0.03868  -0.1912   0.0548   1.0000
  10.000   1.5583   0.05022   0.04200  -0.1859   0.0471   1.0000
