  
       XFOIL         Version 6.99
  
 Calculated polar for: NACA 3838                                       
  
 1 1 Reynolds number fixed          Mach number fixed         
  
 xtrf =   1.000 (top)        1.000 (bottom)  
 Mach =   0.050     Re =     0.200 e 6     Ncrit =   9.000
  
   alpha    CL        CD       CDp       CM     Top_Xtr  Bot_Xtr
  ------ -------- --------- --------- -------- -------- --------
  -2.000  -0.0083   0.02473   0.01634  -0.0700   0.6034   0.4195
  -1.500   0.0389   0.02436   0.01578  -0.0695   0.5916   0.4291
  -1.000   0.0733   0.02457   0.01613  -0.0663   0.5796   0.4379
  -0.500   0.1110   0.02454   0.01600  -0.0639   0.5679   0.4480
   0.000   0.1636   0.02453   0.01599  -0.0642   0.5571   0.4582
   0.500   0.1913   0.02481   0.01634  -0.0600   0.5455   0.4679
   1.000   0.2659   0.02466   0.01596  -0.0643   0.5353   0.4801
   1.500   0.2753   0.02523   0.01677  -0.0569   0.5247   0.4892
   2.000   0.3272   0.02533   0.01674  -0.0571   0.5148   0.5013
   2.500   0.3676   0.02573   0.01724  -0.0555   0.5051   0.5125
   3.000   0.4004   0.02621   0.01777  -0.0525   0.4949   0.5242
   3.500   0.4744   0.02624   0.01764  -0.0565   0.4860   0.5378
   4.000   0.4796   0.02726   0.01892  -0.0492   0.4764   0.5485
   4.500   0.5299   0.02758   0.01910  -0.0494   0.4677   0.5620
   5.000   0.5709   0.02828   0.01994  -0.0480   0.4592   0.5749
   5.500   0.5936   0.02929   0.02101  -0.0442   0.4499   0.5884
   6.000   0.6598   0.02938   0.02105  -0.0466   0.4423   0.6028
   6.500   0.6659   0.03107   0.02293  -0.0407   0.4336   0.6162
   7.000   0.7016   0.03188   0.02379  -0.0390   0.4255   0.6304
   7.500   0.7652   0.03232   0.02415  -0.0411   0.4182   0.6464
   8.000   0.7529   0.03478   0.02687  -0.0337   0.4095   0.6594
   8.500   0.7998   0.03544   0.02755  -0.0334   0.4025   0.6747
   9.000   0.8276   0.03712   0.02927  -0.0315   0.3951   0.6902
   9.500   0.8239   0.03998   0.03239  -0.0259   0.3868   0.7031
  10.000   0.8903   0.03996   0.03220  -0.0283   0.3808   0.7206
