  
       XFOIL         Version 6.99
  
 Calculated polar for: NACA 2632                                       
  
 1 1 Reynolds number fixed          Mach number fixed         
  
 xtrf =   1.000 (top)        1.000 (bottom)  
 Mach =   0.050     Re =     0.200 e 6     Ncrit =   9.000
  
   alpha    CL        CD       CDp       CM     Top_Xtr  Bot_Xtr
  ------ -------- --------- --------- -------- -------- --------
  -2.000   0.0032   0.02013   0.01189  -0.0567   0.6452   0.4436
  -1.500   0.0589   0.01989   0.01166  -0.0567   0.6302   0.4565
  -1.000   0.0858   0.01992   0.01161  -0.0514   0.6143   0.4691
  -0.500   0.1379   0.01985   0.01160  -0.0507   0.6002   0.4829
   0.000   0.1773   0.01980   0.01146  -0.0478   0.5857   0.4970
   0.500   0.2163   0.01992   0.01167  -0.0447   0.5717   0.5109
   1.000   0.2731   0.01993   0.01156  -0.0451   0.5584   0.5265
   1.500   0.2943   0.02009   0.01185  -0.0387   0.5451   0.5407
   2.000   0.3522   0.02022   0.01190  -0.0393   0.5327   0.5568
   2.500   0.3697   0.02040   0.01215  -0.0324   0.5202   0.5721
   3.000   0.4227   0.02060   0.01234  -0.0321   0.5086   0.5885
   3.500   0.4485   0.02096   0.01271  -0.0270   0.4965   0.6051
   4.000   0.4992   0.02124   0.01305  -0.0263   0.4854   0.6230
   4.500   0.5296   0.02166   0.01352  -0.0223   0.4739   0.6409
   5.000   0.5780   0.02208   0.01395  -0.0214   0.4633   0.6603
   5.500   0.6076   0.02258   0.01458  -0.0175   0.4523   0.6792
   6.000   0.6557   0.02309   0.01501  -0.0167   0.4422   0.7003
   6.500   0.6816   0.02372   0.01585  -0.0124   0.4316   0.7216
   7.000   0.7309   0.02418   0.01630  -0.0118   0.4221   0.7447
   7.500   0.7510   0.02510   0.01737  -0.0071   0.4119   0.7695
   8.000   0.8032   0.02554   0.01778  -0.0068   0.4028   0.7972
   8.500   0.8123   0.02678   0.01932  -0.0006   0.3932   0.8279
   9.000   0.8688   0.02708   0.01952  -0.0006   0.3845   0.8627
   9.500   0.8651   0.02894   0.02174   0.0072   0.3754   0.9047
  10.000   0.9235   0.02971   0.02241   0.0062   0.3667   0.9459
