  
       XFOIL         Version 6.99
  
 Calculated polar for: NACA 4606                                       
  
 1 1 Reynolds number fixed          Mach number fixed         
  
 xtrf =   1.000 (top)        1.000 (bottom)  
 Mach =   0.050     Re =     0.200 e 6     Ncrit =   9.000
  
   alpha    CL        CD       CDp       CM     Top_Xtr  Bot_Xtr
  ------ -------- --------- --------- -------- -------- --------
  -2.000   0.1407   0.01554   0.00824  -0.1123   0.9921   0.1361
  -1.500   0.2140   0.01469   0.00838  -0.1173   0.9893   0.4376
  -1.000   0.2848   0.01457   0.00881  -0.1208   0.9851   0.6539
  -0.500   0.3419   0.01404   0.00882  -0.1207   0.9758   1.0000
   0.000   0.4207   0.01449   0.00904  -0.1261   0.9699   1.0000
   0.500   0.4834   0.01484   0.00928  -0.1281   0.9594   1.0000
   1.000   0.5486   0.01517   0.00958  -0.1304   0.9492   1.0000
   1.500   0.6184   0.01538   0.00985  -0.1335   0.9393   1.0000
   2.000   0.6962   0.01530   0.00990  -0.1378   0.9302   1.0000
   2.500   0.7679   0.01497   0.00982  -0.1404   0.9169   1.0000
   3.000   0.8597   0.01125   0.00635  -0.1417   0.8715   1.0000
   3.500   0.9160   0.00972   0.00491  -0.1380   0.7757   1.0000
   4.000   0.9120   0.01520   0.00642  -0.1257   0.0810   1.0000
   4.500   0.9495   0.01775   0.00888  -0.1218   0.0424   1.0000
   5.000   0.9893   0.02065   0.01190  -0.1184   0.0330   1.0000
   5.500   1.0391   0.02412   0.01553  -0.1164   0.0286   1.0000
   6.000   1.0964   0.02955   0.02149  -0.1148   0.0289   1.0000
   6.500   1.1430   0.03764   0.03067  -0.1104   0.0326   1.0000
  -2.000   0.1407   0.01554   0.00824  -0.1123   0.9921   0.1361
  -1.500   0.2140   0.01469   0.00838  -0.1173   0.9893   0.4376
  -1.000   0.2848   0.01457   0.00881  -0.1208   0.9851   0.6539
  -0.500   0.3419   0.01404   0.00882  -0.1207   0.9758   1.0000
   0.000   0.4207   0.01449   0.00904  -0.1261   0.9699   1.0000
   0.500   0.4834   0.01484   0.00928  -0.1281   0.9594   1.0000
   1.000   0.5486   0.01517   0.00958  -0.1304   0.9492   1.0000
   1.500   0.6184   0.01538   0.00985  -0.1335   0.9393   1.0000
   2.000   0.6962   0.01530   0.00990  -0.1378   0.9302   1.0000
   2.500   0.7679   0.01497   0.00982  -0.1404   0.9169   1.0000
   3.000   0.8597   0.01125   0.00635  -0.1417   0.8715   1.0000
   3.500   0.9160   0.00972   0.00491  -0.1380   0.7757   1.0000
   4.000   0.9120   0.01520   0.00642  -0.1257   0.0810   1.0000
   4.500   0.9495   0.01775   0.00888  -0.1218   0.0424   1.0000
   5.000   0.9893   0.02065   0.01190  -0.1184   0.0330   1.0000
   5.500   1.0391   0.02412   0.01553  -0.1164   0.0286   1.0000
   6.000   1.0964   0.02955   0.02149  -0.1148   0.0289   1.0000
   6.500   1.1430   0.03764   0.03067  -0.1104   0.0326   1.0000
