  
       XFOIL         Version 6.99
  
 Calculated polar for: NACA 8526                                       
  
 1 1 Reynolds number fixed          Mach number fixed         
  
 xtrf =   1.000 (top)        1.000 (bottom)  
 Mach =   0.050     Re =     0.200 e 6     Ncrit =   9.000
  
   alpha    CL        CD       CDp       CM     Top_Xtr  Bot_Xtr
  ------ -------- --------- --------- -------- -------- --------
  -2.000   0.5267   0.02405   0.01582  -0.1826   0.6840   0.2469
  -1.500   0.6377   0.02300   0.01466  -0.1928   0.6805   0.2678
  -1.000   0.6136   0.02462   0.01644  -0.1792   0.6664   0.2757
  -0.500   0.7132   0.02341   0.01514  -0.1870   0.6624   0.2984
   0.000   0.7043   0.02529   0.01708  -0.1767   0.6494   0.3096
   0.500   0.7935   0.02426   0.01599  -0.1826   0.6445   0.3342
   1.000   0.8068   0.02567   0.01757  -0.1762   0.6337   0.3505
   1.500   0.8718   0.02535   0.01724  -0.1781   0.6267   0.3754
   2.000   0.9743   0.02426   0.01604  -0.1863   0.6224   0.4089
   3.000   1.0437   0.02557   0.01753  -0.1804   0.6044   0.4612
   3.500   1.0241   0.02832   0.02050  -0.1695   0.5917   0.4808
   4.000   1.1095   0.02730   0.01946  -0.1744   0.5865   0.5262
   4.500   1.1029   0.02993   0.02232  -0.1660   0.5749   0.5569
   5.000   1.1704   0.02934   0.02189  -0.1681   0.5685   0.6172
   5.500   1.2298   0.02916   0.02201  -0.1690   0.5621   0.7179
   6.000   1.2094   0.03132   0.02470  -0.1579   0.5505   1.0000
   6.500   1.3126   0.02980   0.02280  -0.1653   0.5464   1.0000
   7.000   1.2626   0.03489   0.02810  -0.1522   0.5323   1.0000
   7.500   1.3614   0.03309   0.02601  -0.1584   0.5283   1.0000
   8.000   1.3065   0.03919   0.03234  -0.1458   0.5139   1.0000
   8.500   1.4042   0.03701   0.02990  -0.1514   0.5102   1.0000
   9.500   1.4416   0.04161   0.03451  -0.1445   0.4920   1.0000
