  
       XFOIL         Version 6.99
  
 Calculated polar for: NACA 3428                                       
  
 1 1 Reynolds number fixed          Mach number fixed         
  
 xtrf =   1.000 (top)        1.000 (bottom)  
 Mach =   0.050     Re =     0.200 e 6     Ncrit =   9.000
  
   alpha    CL        CD       CDp       CM     Top_Xtr  Bot_Xtr
  ------ -------- --------- --------- -------- -------- --------
  -1.500   0.1517   0.01797   0.00959  -0.0670   0.6044   0.4451
  -1.000   0.2008   0.01791   0.00960  -0.0657   0.5929   0.4731
  -0.500   0.2432   0.01785   0.00968  -0.0631   0.5806   0.5030
   0.000   0.2923   0.01793   0.00983  -0.0618   0.5701   0.5369
   0.500   0.3343   0.01800   0.00999  -0.0591   0.5588   0.5723
   1.000   0.3868   0.01817   0.01022  -0.0584   0.5490   0.6081
   1.500   0.4261   0.01833   0.01056  -0.0552   0.5384   0.6420
   2.000   0.4860   0.01861   0.01078  -0.0558   0.5290   0.6774
   2.500   0.5178   0.01887   0.01126  -0.0512   0.5190   0.7099
   3.000   0.5707   0.01910   0.01147  -0.0504   0.5100   0.7432
   3.500   0.6092   0.01955   0.01208  -0.0472   0.5006   0.7752
   4.000   0.6543   0.01987   0.01247  -0.0449   0.4914   0.8068
   4.500   0.7028   0.02044   0.01309  -0.0433   0.4828   0.8381
   5.000   0.7330   0.02097   0.01375  -0.0382   0.4734   0.8702
   5.500   0.8050   0.02166   0.01426  -0.0409   0.4649   0.8969
   6.000   0.8222   0.02249   0.01530  -0.0339   0.4558   0.9305
   6.500   0.9136   0.02330   0.01594  -0.0409   0.4465   0.9457
   7.000   0.9829   0.02460   0.01733  -0.0449   0.4364   0.9633
   7.500   1.0771   0.02528   0.01783  -0.0530   0.4269   0.9762
   8.000   1.1407   0.02643   0.01909  -0.0568   0.4168   0.9910
   8.500   1.2326   0.02693   0.01943  -0.0650   0.4074   0.9997
   9.000   1.1885   0.02749   0.02008  -0.0497   0.4009   1.0000
   9.500   1.1651   0.02812   0.02073  -0.0377   0.3935   1.0000
  10.000   1.2056   0.02838   0.02079  -0.0357   0.3863   1.0000
