  
       XFOIL         Version 6.99
  
 Calculated polar for: NACA 4226                                       
  
 1 1 Reynolds number fixed          Mach number fixed         
  
 xtrf =   1.000 (top)        1.000 (bottom)  
 Mach =   0.050     Re =     0.200 e 6     Ncrit =   9.000
  
   alpha    CL        CD       CDp       CM     Top_Xtr  Bot_Xtr
  ------ -------- --------- --------- -------- -------- --------
  -2.000   0.1435   0.01582   0.00842  -0.0523   0.5699   0.5442
  -1.500   0.1856   0.01592   0.00843  -0.0493   0.5495   0.5805
  -1.000   0.2280   0.01601   0.00852  -0.0463   0.5287   0.6121
  -0.500   0.2697   0.01615   0.00861  -0.0432   0.5077   0.6414
   0.000   0.3098   0.01633   0.00875  -0.0399   0.4862   0.6709
   0.500   0.3480   0.01656   0.00894  -0.0363   0.4646   0.7009
   1.000   0.3835   0.01685   0.00918  -0.0322   0.4430   0.7321
   1.500   0.4142   0.01719   0.00946  -0.0273   0.4224   0.7654
   2.000   0.4471   0.01769   0.00997  -0.0227   0.4034   0.8001
   2.500   0.4828   0.01837   0.01059  -0.0187   0.3870   0.8367
   3.000   0.5218   0.01909   0.01117  -0.0155   0.3729   0.8710
   3.500   0.5629   0.01992   0.01204  -0.0126   0.3609   0.9009
   4.000   0.6205   0.02098   0.01292  -0.0132   0.3505   0.9275
   4.500   0.6892   0.02208   0.01393  -0.0164   0.3410   0.9484
   5.000   0.7780   0.02333   0.01495  -0.0236   0.3333   0.9617
   5.500   0.8598   0.02449   0.01608  -0.0300   0.3266   0.9755
   6.000   0.9542   0.02554   0.01694  -0.0388   0.3203   0.9835
   6.500   1.0430   0.02673   0.01806  -0.0466   0.3153   0.9931
   7.000   1.1004   0.02765   0.01902  -0.0492   0.3112   1.0000
   7.500   1.0976   0.02808   0.01945  -0.0405   0.3085   1.0000
   8.000   1.1095   0.02864   0.01997  -0.0341   0.3057   1.0000
   8.500   1.1445   0.02939   0.02058  -0.0315   0.3025   1.0000
   9.000   1.1746   0.03061   0.02179  -0.0284   0.2998   1.0000
   9.500   1.1797   0.03190   0.02322  -0.0217   0.2977   1.0000
  10.000   1.1914   0.03354   0.02499  -0.0166   0.2952   1.0000
  -2.000   0.1435   0.01582   0.00842  -0.0523   0.5699   0.5442
  -1.500   0.1856   0.01592   0.00843  -0.0493   0.5495   0.5805
  -1.000   0.2280   0.01601   0.00852  -0.0463   0.5287   0.6121
  -0.500   0.2697   0.01615   0.00861  -0.0432   0.5077   0.6414
   0.000   0.3098   0.01633   0.00875  -0.0399   0.4862   0.6709
   0.500   0.3480   0.01656   0.00894  -0.0363   0.4646   0.7009
   1.000   0.3835   0.01685   0.00918  -0.0322   0.4430   0.7321
   1.500   0.4142   0.01719   0.00946  -0.0273   0.4224   0.7654
   2.000   0.4471   0.01769   0.00997  -0.0227   0.4034   0.8001
   2.500   0.4828   0.01837   0.01059  -0.0187   0.3870   0.8367
   3.000   0.5218   0.01909   0.01117  -0.0155   0.3729   0.8710
   3.500   0.5629   0.01992   0.01204  -0.0126   0.3609   0.9009
   4.000   0.6205   0.02098   0.01292  -0.0132   0.3505   0.9275
   4.500   0.6892   0.02208   0.01393  -0.0164   0.3410   0.9484
   5.000   0.7780   0.02333   0.01495  -0.0236   0.3333   0.9617
   5.500   0.8598   0.02449   0.01608  -0.0300   0.3266   0.9755
   6.000   0.9542   0.02554   0.01694  -0.0388   0.3203   0.9835
   6.500   1.0430   0.02673   0.01806  -0.0466   0.3153   0.9931
   7.000   1.1004   0.02765   0.01902  -0.0492   0.3112   1.0000
   7.500   1.0976   0.02808   0.01945  -0.0405   0.3085   1.0000
   8.000   1.1095   0.02864   0.01997  -0.0341   0.3057   1.0000
   8.500   1.1445   0.02939   0.02058  -0.0315   0.3025   1.0000
   9.000   1.1746   0.03061   0.02179  -0.0284   0.2998   1.0000
   9.500   1.1797   0.03190   0.02322  -0.0217   0.2977   1.0000
  10.000   1.1914   0.03354   0.02499  -0.0166   0.2952   1.0000
  -2.000   0.1435   0.01582   0.00842  -0.0523   0.5699   0.5442
  -1.500   0.1856   0.01592   0.00843  -0.0493   0.5495   0.5805
  -1.000   0.2280   0.01601   0.00852  -0.0463   0.5287   0.6121
  -0.500   0.2697   0.01615   0.00861  -0.0432   0.5077   0.6414
   0.000   0.3098   0.01633   0.00875  -0.0399   0.4862   0.6709
   0.500   0.3480   0.01656   0.00894  -0.0363   0.4646   0.7009
   1.000   0.3835   0.01685   0.00918  -0.0322   0.4430   0.7321
   1.500   0.4142   0.01719   0.00946  -0.0273   0.4224   0.7654
   2.000   0.4471   0.01769   0.00997  -0.0227   0.4034   0.8001
   2.500   0.4828   0.01837   0.01059  -0.0187   0.3870   0.8367
   3.000   0.5218   0.01909   0.01117  -0.0155   0.3729   0.8710
   3.500   0.5629   0.01992   0.01204  -0.0126   0.3609   0.9009
   4.000   0.6205   0.02098   0.01292  -0.0132   0.3505   0.9275
   4.500   0.6892   0.02208   0.01393  -0.0164   0.3410   0.9484
   5.000   0.7780   0.02333   0.01495  -0.0236   0.3333   0.9617
   5.500   0.8598   0.02449   0.01608  -0.0300   0.3266   0.9755
   6.000   0.9542   0.02554   0.01694  -0.0388   0.3203   0.9835
   6.500   1.0430   0.02673   0.01806  -0.0466   0.3153   0.9931
   7.000   1.1004   0.02765   0.01902  -0.0492   0.3112   1.0000
   7.500   1.0976   0.02808   0.01945  -0.0405   0.3085   1.0000
   8.000   1.1095   0.02864   0.01997  -0.0341   0.3057   1.0000
   8.500   1.1445   0.02939   0.02058  -0.0315   0.3025   1.0000
   9.000   1.1746   0.03061   0.02179  -0.0284   0.2998   1.0000
   9.500   1.1797   0.03190   0.02322  -0.0217   0.2977   1.0000
  10.000   1.1914   0.03354   0.02499  -0.0166   0.2952   1.0000
