  
       XFOIL         Version 6.99
  
 Calculated polar for: NACA 6730                                       
  
 1 1 Reynolds number fixed          Mach number fixed         
  
 xtrf =   1.000 (top)        1.000 (bottom)  
 Mach =   0.050     Re =     0.200 e 6     Ncrit =   9.000
  
   alpha    CL        CD       CDp       CM     Top_Xtr  Bot_Xtr
  ------ -------- --------- --------- -------- -------- --------
  -1.500   0.2352   0.02659   0.01911  -0.1387   0.7119   0.3671
  -1.000   0.3366   0.02467   0.01710  -0.1461   0.7083   0.3846
  -0.500   0.3985   0.02424   0.01674  -0.1474   0.6934   0.3992
   0.000   0.4875   0.02318   0.01558  -0.1532   0.6826   0.4169
   0.500   0.5689   0.02263   0.01492  -0.1578   0.6689   0.4344
   1.000   0.6183   0.02296   0.01530  -0.1572   0.6520   0.4492
   1.500   0.6846   0.02304   0.01523  -0.1595   0.6375   0.4667
   2.000   0.7509   0.02304   0.01522  -0.1615   0.6235   0.4841
   2.500   0.7845   0.02385   0.01607  -0.1584   0.6075   0.4996
   3.000   0.8478   0.02409   0.01624  -0.1600   0.5947   0.5178
   3.500   0.8855   0.02476   0.01697  -0.1574   0.5802   0.5336
   4.000   0.9299   0.02554   0.01771  -0.1561   0.5670   0.5515
   4.500   0.9835   0.02589   0.01806  -0.1560   0.5545   0.5687
   5.000   1.0136   0.02702   0.01924  -0.1526   0.5413   0.5861
   5.500   1.0761   0.02726   0.01940  -0.1539   0.5299   0.6042
   6.000   1.0928   0.02875   0.02104  -0.1484   0.5170   0.6199
   6.500   1.1597   0.02896   0.02110  -0.1504   0.5062   0.6387
   7.000   1.1673   0.03075   0.02309  -0.1436   0.4938   0.6525
   7.500   1.2301   0.03111   0.02327  -0.1452   0.4834   0.6718
   8.000   1.2362   0.03304   0.02545  -0.1383   0.4717   0.6844
   8.500   1.2973   0.03338   0.02560  -0.1397   0.4617   0.7026
   9.000   1.3008   0.03564   0.02809  -0.1330   0.4503   0.7169
   9.500   1.3622   0.03580   0.02808  -0.1343   0.4407   0.7337
  10.000   1.3603   0.03858   0.03109  -0.1275   0.4297   0.7486
