  
       XFOIL         Version 6.99
  
 Calculated polar for: NACA 7820                                       
  
 1 1 Reynolds number fixed          Mach number fixed         
  
 xtrf =   1.000 (top)        1.000 (bottom)  
 Mach =   0.050     Re =     0.200 e 6     Ncrit =   9.000
  
   alpha    CL        CD       CDp       CM     Top_Xtr  Bot_Xtr
  ------ -------- --------- --------- -------- -------- --------
  -2.000   0.3186   0.03808   0.03136  -0.1996   0.8519   0.3338
  -1.000   0.4552   0.03666   0.03013  -0.2047   0.8289   0.3870
  -0.500   0.5349   0.03556   0.02915  -0.2089   0.8229   0.4159
   0.000   0.5995   0.03476   0.02845  -0.2103   0.8099   0.4429
   0.500   0.6678   0.03382   0.02760  -0.2122   0.7987   0.4710
   1.000   0.7457   0.03226   0.02611  -0.2155   0.7932   0.5006
   1.500   0.8153   0.03108   0.02501  -0.2173   0.7812   0.5283
   2.000   0.9017   0.02897   0.02297  -0.2219   0.7748   0.5571
   2.500   0.9819   0.02734   0.02140  -0.2255   0.7593   0.5837
   3.000   1.0685   0.02565   0.01968  -0.2303   0.7408   0.6096
   3.500   1.1519   0.02446   0.01839  -0.2347   0.7176   0.6336
   4.000   1.2162   0.02422   0.01804  -0.2356   0.6905   0.6540
   4.500   1.2556   0.02477   0.01856  -0.2317   0.6617   0.6682
   5.000   1.3012   0.02533   0.01902  -0.2293   0.6346   0.6857
   5.500   1.3404   0.02600   0.01960  -0.2256   0.6089   0.7008
   6.000   1.3766   0.02672   0.02024  -0.2213   0.5841   0.7133
   6.500   1.4172   0.02760   0.02101  -0.2184   0.5595   0.7302
   7.000   1.4414   0.02857   0.02198  -0.2120   0.5360   0.7406
   7.500   1.4732   0.02968   0.02306  -0.2076   0.5122   0.7551
   8.000   1.5042   0.03089   0.02425  -0.2032   0.4887   0.7702
   8.500   1.5282   0.03204   0.02541  -0.1974   0.4663   0.7817
   9.000   1.5559   0.03341   0.02677  -0.1927   0.4436   0.7953
   9.500   1.5830   0.03495   0.02830  -0.1882   0.4211   0.8088
  10.000   1.6078   0.03665   0.03000  -0.1835   0.3988   0.8224
