  
       XFOIL         Version 6.99
  
 Calculated polar for: NACA 4110                                       
  
 1 1 Reynolds number fixed          Mach number fixed         
  
 xtrf =   1.000 (top)        1.000 (bottom)  
 Mach =   0.050     Re =     0.200 e 6     Ncrit =   9.000
  
   alpha    CL        CD       CDp       CM     Top_Xtr  Bot_Xtr
  ------ -------- --------- --------- -------- -------- --------
  -2.000   0.1877   0.02590   0.02026  -0.0629   0.8151   0.0332
  -1.500   0.2402   0.02349   0.01722  -0.0607   0.7575   0.0390
  -1.000   0.2945   0.02478   0.01750  -0.0574   0.6769   0.0458
  -0.500   0.3389   0.02008   0.01234  -0.0558   0.5669   0.0525
   0.000   0.3783   0.02002   0.01076  -0.0523   0.3136   0.0625
   0.500   0.4243   0.01936   0.00920  -0.0507   0.2148   0.0902
   1.000   0.4740   0.01755   0.00734  -0.0496   0.1996   0.1300
   1.500   0.5260   0.01732   0.00699  -0.0479   0.1909   0.1271
   2.000   0.5800   0.01838   0.00768  -0.0461   0.1857   0.0856
   2.500   0.6085   0.00607  -0.00419  -0.0412   0.1824   0.0725
   3.000   0.6584   0.00626  -0.00416  -0.0402   0.1794   0.0766
   3.500   0.7088   0.00657  -0.00414  -0.0394   0.1768   0.0956
   4.000   0.7623   0.00621  -0.00274  -0.0392   0.1745   1.0000
   4.500   0.8130   0.00732  -0.00185  -0.0387   0.1729   1.0000
   5.000   0.8629   0.00814  -0.00105  -0.0380   0.1715   1.0000
   5.500   0.9122   0.00906  -0.00011  -0.0373   0.1697   1.0000
   6.000   0.9612   0.01019   0.00110  -0.0367   0.1684   1.0000
   6.500   1.0092   0.01149   0.00251  -0.0360   0.1672   1.0000
   7.000   1.0558   0.01300   0.00419  -0.0353   0.1663   1.0000
   7.500   1.1005   0.01477   0.00618  -0.0343   0.1655   1.0000
   8.000   1.1424   0.01693   0.00863  -0.0331   0.1651   1.0000
   8.500   1.1809   0.01952   0.01155  -0.0316   0.1645   1.0000
   9.000   1.2173   0.02225   0.01458  -0.0300   0.1633   1.0000
   9.500   1.2451   0.02615   0.01892  -0.0275   0.1632   1.0000
  10.000   1.2581   0.03164   0.02497  -0.0239   0.1636   1.0000
  -2.000   0.1877   0.02590   0.02026  -0.0629   0.8151   0.0332
  -1.500   0.2402   0.02349   0.01722  -0.0607   0.7575   0.0390
  -1.000   0.2945   0.02478   0.01750  -0.0574   0.6769   0.0458
  -0.500   0.3389   0.02008   0.01234  -0.0558   0.5669   0.0525
   0.000   0.3783   0.02002   0.01076  -0.0523   0.3136   0.0625
   0.500   0.4243   0.01936   0.00920  -0.0507   0.2148   0.0902
   1.000   0.4740   0.01755   0.00734  -0.0496   0.1996   0.1300
   1.500   0.5260   0.01732   0.00699  -0.0479   0.1909   0.1271
   2.000   0.5800   0.01838   0.00768  -0.0461   0.1857   0.0856
   2.500   0.6085   0.00607  -0.00419  -0.0412   0.1824   0.0725
   3.000   0.6584   0.00626  -0.00416  -0.0402   0.1794   0.0766
   3.500   0.7088   0.00657  -0.00414  -0.0394   0.1768   0.0956
   4.000   0.7623   0.00621  -0.00274  -0.0392   0.1745   1.0000
   4.500   0.8130   0.00732  -0.00185  -0.0387   0.1729   1.0000
   5.000   0.8629   0.00814  -0.00105  -0.0380   0.1715   1.0000
   5.500   0.9122   0.00906  -0.00011  -0.0373   0.1697   1.0000
   6.000   0.9612   0.01019   0.00110  -0.0367   0.1684   1.0000
   6.500   1.0092   0.01149   0.00251  -0.0360   0.1672   1.0000
   7.000   1.0558   0.01300   0.00419  -0.0353   0.1663   1.0000
   7.500   1.1005   0.01477   0.00618  -0.0343   0.1655   1.0000
   8.000   1.1424   0.01693   0.00863  -0.0331   0.1651   1.0000
   8.500   1.1809   0.01952   0.01155  -0.0316   0.1645   1.0000
   9.000   1.2173   0.02225   0.01458  -0.0300   0.1633   1.0000
   9.500   1.2451   0.02615   0.01892  -0.0275   0.1632   1.0000
  10.000   1.2581   0.03164   0.02497  -0.0239   0.1636   1.0000
  -2.000   0.1877   0.02590   0.02026  -0.0629   0.8151   0.0332
  -1.500   0.2402   0.02349   0.01722  -0.0607   0.7575   0.0390
  -1.000   0.2945   0.02478   0.01750  -0.0574   0.6769   0.0458
  -0.500   0.3389   0.02008   0.01234  -0.0558   0.5669   0.0525
   0.000   0.3783   0.02002   0.01076  -0.0523   0.3136   0.0625
   0.500   0.4243   0.01936   0.00920  -0.0507   0.2148   0.0902
   1.000   0.4740   0.01755   0.00734  -0.0496   0.1996   0.1300
   1.500   0.5260   0.01732   0.00699  -0.0479   0.1909   0.1271
   2.000   0.5800   0.01838   0.00768  -0.0461   0.1857   0.0856
   2.500   0.6085   0.00607  -0.00419  -0.0412   0.1824   0.0725
   3.000   0.6584   0.00626  -0.00416  -0.0402   0.1794   0.0766
   3.500   0.7088   0.00657  -0.00414  -0.0394   0.1768   0.0956
   4.000   0.7623   0.00621  -0.00274  -0.0392   0.1745   1.0000
   4.500   0.8130   0.00732  -0.00185  -0.0387   0.1729   1.0000
   5.000   0.8629   0.00814  -0.00105  -0.0380   0.1715   1.0000
   5.500   0.9122   0.00906  -0.00011  -0.0373   0.1697   1.0000
   6.000   0.9612   0.01019   0.00110  -0.0367   0.1684   1.0000
   6.500   1.0092   0.01149   0.00251  -0.0360   0.1672   1.0000
   7.000   1.0558   0.01300   0.00419  -0.0353   0.1663   1.0000
   7.500   1.1005   0.01477   0.00618  -0.0343   0.1655   1.0000
   8.000   1.1424   0.01693   0.00863  -0.0331   0.1651   1.0000
   8.500   1.1809   0.01952   0.01155  -0.0316   0.1645   1.0000
   9.000   1.2173   0.02225   0.01458  -0.0300   0.1633   1.0000
   9.500   1.2451   0.02615   0.01892  -0.0275   0.1632   1.0000
  10.000   1.2581   0.03164   0.02497  -0.0239   0.1636   1.0000
