  
       XFOIL         Version 6.99
  
 Calculated polar for: NACA 6532                                       
  
 1 1 Reynolds number fixed          Mach number fixed         
  
 xtrf =   1.000 (top)        1.000 (bottom)  
 Mach =   0.050     Re =     0.200 e 6     Ncrit =   9.000
  
   alpha    CL        CD       CDp       CM     Top_Xtr  Bot_Xtr
  ------ -------- --------- --------- -------- -------- --------
  -2.000   0.3027   0.02363   0.01508  -0.1265   0.6430   0.3249
  -1.500   0.2944   0.02449   0.01608  -0.1158   0.6309   0.3333
  -1.000   0.3865   0.02361   0.01507  -0.1224   0.6250   0.3499
  -0.500   0.3807   0.02488   0.01647  -0.1125   0.6131   0.3596
   0.000   0.4560   0.02429   0.01582  -0.1162   0.6063   0.3763
   0.500   0.4807   0.02514   0.01670  -0.1117   0.5966   0.3900
   1.000   0.5271   0.02525   0.01687  -0.1107   0.5880   0.4059
   1.500   0.6270   0.02445   0.01590  -0.1184   0.5823   0.4281
   2.000   0.5995   0.02645   0.01816  -0.1059   0.5701   0.4391
   2.500   0.6859   0.02569   0.01731  -0.1111   0.5643   0.4625
   3.000   0.6760   0.02777   0.01957  -0.1020   0.5529   0.4774
   3.500   0.7438   0.02743   0.01923  -0.1044   0.5463   0.5018
   4.000   0.7695   0.02865   0.02052  -0.1009   0.5374   0.5234
   4.500   0.7993   0.02966   0.02162  -0.0981   0.5285   0.5477
   5.000   0.8971   0.02848   0.02036  -0.1046   0.5235   0.5840
   5.500   0.8508   0.03231   0.02458  -0.0919   0.5110   0.6038
   6.000   0.9368   0.03115   0.02342  -0.0964   0.5059   0.6493
   6.500   0.8979   0.03549   0.02813  -0.0857   0.4937   0.6810
   7.000   0.9669   0.03460   0.02742  -0.0875   0.4884   0.7525
   7.500   0.9250   0.03918   0.03258  -0.0761   0.4766   0.8518
   8.000   0.9873   0.03878   0.03214  -0.0780   0.4704   1.0000
   8.500   1.0962   0.03654   0.02952  -0.0851   0.4669   1.0000
   9.000   1.0090   0.04496   0.03825  -0.0719   0.4522   1.0000
   9.500   1.1156   0.04210   0.03507  -0.0779   0.4494   1.0000
