  
       XFOIL         Version 6.99
  
 Calculated polar for: NACA 1314                                       
  
 1 1 Reynolds number fixed          Mach number fixed         
  
 xtrf =   1.000 (top)        1.000 (bottom)  
 Mach =   0.050     Re =     0.200 e 6     Ncrit =   9.000
  
   alpha    CL        CD       CDp       CM     Top_Xtr  Bot_Xtr
  ------ -------- --------- --------- -------- -------- --------
  -2.000  -0.1148   0.01108   0.00552  -0.0262   0.9061   0.6892
  -1.500  -0.0604   0.01073   0.00534  -0.0245   0.8810   0.7459
  -1.000  -0.0053   0.01046   0.00515  -0.0225   0.8547   0.7979
  -0.500   0.0475   0.01040   0.00512  -0.0201   0.8229   0.8437
   0.000   0.1013   0.01050   0.00514  -0.0179   0.7882   0.8845
   0.500   0.1631   0.01078   0.00526  -0.0173   0.7503   0.9159
   1.000   0.2367   0.01120   0.00545  -0.0194   0.7095   0.9421
   1.500   0.3217   0.01155   0.00557  -0.0247   0.6628   0.9592
   2.000   0.4055   0.01184   0.00560  -0.0302   0.6169   0.9751
   2.500   0.4906   0.01209   0.00563  -0.0364   0.5712   0.9902
   3.000   0.5682   0.01231   0.00560  -0.0414   0.5307   1.0000
   3.500   0.6120   0.01249   0.00565  -0.0396   0.4975   1.0000
   4.000   0.6553   0.01275   0.00581  -0.0376   0.4666   1.0000
   4.500   0.6976   0.01310   0.00604  -0.0353   0.4378   1.0000
   5.000   0.7391   0.01349   0.00633  -0.0327   0.4091   1.0000
   5.500   0.7800   0.01390   0.00671  -0.0300   0.3800   1.0000
   6.000   0.8200   0.01440   0.00713  -0.0270   0.3508   1.0000
   6.500   0.8588   0.01495   0.00759  -0.0239   0.3200   1.0000
   7.000   0.8969   0.01554   0.00813  -0.0206   0.2862   1.0000
   7.500   0.9337   0.01624   0.00877  -0.0172   0.2493   1.0000
   8.000   0.9685   0.01719   0.00960  -0.0137   0.2116   1.0000
   8.500   1.0008   0.01844   0.01066  -0.0099   0.1771   1.0000
   9.000   1.0320   0.01986   0.01195  -0.0062   0.1480   1.0000
   9.500   1.0625   0.02136   0.01343  -0.0025   0.1255   1.0000
  10.000   1.0884   0.02311   0.01510   0.0016   0.1094   1.0000
