  
       XFOIL         Version 6.99
  
 Calculated polar for: NACA 6624                                       
  
 1 1 Reynolds number fixed          Mach number fixed         
  
 xtrf =   1.000 (top)        1.000 (bottom)  
 Mach =   0.050     Re =     0.200 e 6     Ncrit =   9.000
  
   alpha    CL        CD       CDp       CM     Top_Xtr  Bot_Xtr
  ------ -------- --------- --------- -------- -------- --------
  -2.000   0.2332   0.02865   0.02109  -0.1415   0.7459   0.3199
  -1.500   0.3385   0.02599   0.01851  -0.1487   0.7507   0.3454
   0.500   0.5942   0.02298   0.01565  -0.1531   0.7160   0.4376
   1.000   0.6957   0.02108   0.01381  -0.1603   0.7130   0.4674
   1.500   0.7356   0.02126   0.01403  -0.1574   0.6969   0.4905
   2.000   0.7862   0.02121   0.01401  -0.1564   0.6824   0.5154
   2.500   0.8830   0.01985   0.01262  -0.1630   0.6742   0.5458
   3.000   0.9239   0.02017   0.01295  -0.1603   0.6568   0.5703
   3.500   0.9677   0.02050   0.01329  -0.1582   0.6396   0.5953
   4.000   1.0143   0.02083   0.01361  -0.1567   0.6229   0.6207
   4.500   1.0648   0.02109   0.01387  -0.1558   0.6068   0.6467
   5.000   1.1188   0.02130   0.01405  -0.1556   0.5913   0.6737
   5.500   1.1806   0.02140   0.01408  -0.1566   0.5762   0.7029
   6.000   1.2085   0.02227   0.01505  -0.1522   0.5597   0.7320
   6.500   1.2404   0.02312   0.01601  -0.1486   0.5440   0.7657
   7.000   1.2795   0.02366   0.01667  -0.1460   0.5297   0.8128
   7.500   1.3210   0.02360   0.01670  -0.1433   0.5159   1.0000
   8.000   1.3416   0.02518   0.01828  -0.1388   0.5006   1.0000
   8.500   1.3756   0.02644   0.01946  -0.1363   0.4864   1.0000
   9.000   1.4208   0.02731   0.02016  -0.1353   0.4730   1.0000
   9.500   1.4421   0.02892   0.02177  -0.1310   0.4588   1.0000
  10.000   1.4659   0.03062   0.02348  -0.1273   0.4450   1.0000
