  
       XFOIL         Version 6.99
  
 Calculated polar for: NACA 8310                                       
  
 1 1 Reynolds number fixed          Mach number fixed         
  
 xtrf =   1.000 (top)        1.000 (bottom)  
 Mach =   0.050     Re =     0.200 e 6     Ncrit =   9.000
  
   alpha    CL        CD       CDp       CM     Top_Xtr  Bot_Xtr
  ------ -------- --------- --------- -------- -------- --------
  -2.000   0.5870   0.03311   0.02736  -0.1575   0.6632   0.0691
  -1.500   0.6296   0.02777   0.02175  -0.1584   0.6150   0.0748
  -1.000   0.6848   0.02537   0.01868  -0.1591   0.5671   0.0895
   0.000   0.8008   0.02109   0.01300  -0.1601   0.5066   0.1038
   0.500   0.8647   0.01764   0.00844  -0.1601   0.4900   0.0770
   1.000   0.9189   0.01711   0.00757  -0.1598   0.4759   0.0925
   1.500   0.9732   0.01693   0.00722  -0.1597   0.4653   0.1163
   2.000   1.0280   0.01705   0.00723  -0.1598   0.4571   0.1503
   2.500   1.0818   0.01711   0.00740  -0.1598   0.4492   0.2031
   3.000   1.1321   0.01623   0.00763  -0.1591   0.4428   1.0000
   3.500   1.1855   0.01687   0.00812  -0.1589   0.4371   1.0000
   4.000   1.2391   0.01755   0.00868  -0.1589   0.4318   1.0000
   4.500   1.2945   0.01840   0.00933  -0.1594   0.4269   1.0000
   5.000   1.3454   0.01912   0.01015  -0.1590   0.4221   1.0000
   5.500   1.3975   0.01991   0.01098  -0.1590   0.4178   1.0000
   6.000   1.4512   0.02079   0.01184  -0.1592   0.4138   1.0000
   6.500   1.5036   0.02183   0.01296  -0.1594   0.4098   1.0000
   7.000   1.5515   0.02281   0.01415  -0.1587   0.4058   1.0000
   7.500   1.6007   0.02384   0.01537  -0.1584   0.4019   1.0000
   8.000   1.6528   0.02491   0.01652  -0.1585   0.3980   1.0000
   8.500   1.7018   0.02633   0.01817  -0.1583   0.3947   1.0000
   9.000   1.7430   0.02769   0.01991  -0.1568   0.3907   1.0000
   9.500   1.7866   0.02899   0.02152  -0.1556   0.3862   1.0000
  10.000   1.8268   0.02942   0.02208  -0.1535   0.3752   1.0000
