  
       XFOIL         Version 6.99
  
 Calculated polar for: NACA 3626                                       
  
 1 1 Reynolds number fixed          Mach number fixed         
  
 xtrf =   1.000 (top)        1.000 (bottom)  
 Mach =   0.050     Re =     0.200 e 6     Ncrit =   9.000
  
   alpha    CL        CD       CDp       CM     Top_Xtr  Bot_Xtr
  ------ -------- --------- --------- -------- -------- --------
  -2.000   0.1254   0.01768   0.01012  -0.0908   0.7442   0.4323
  -1.500   0.1743   0.01745   0.00985  -0.0892   0.7264   0.4508
  -1.000   0.2278   0.01715   0.00962  -0.0884   0.7088   0.4697
  -0.500   0.2834   0.01691   0.00939  -0.0880   0.6913   0.4893
   0.000   0.3397   0.01674   0.00918  -0.0877   0.6735   0.5097
   0.500   0.3959   0.01667   0.00902  -0.0875   0.6554   0.5309
   1.000   0.4453   0.01674   0.00902  -0.0860   0.6366   0.5521
   1.500   0.4894   0.01683   0.00919  -0.0835   0.6177   0.5726
   2.000   0.5343   0.01700   0.00938  -0.0813   0.5995   0.5933
   2.500   0.5816   0.01721   0.00958  -0.0795   0.5821   0.6153
   3.000   0.6311   0.01747   0.00978  -0.0783   0.5654   0.6383
   3.500   0.6845   0.01776   0.00997  -0.0777   0.5491   0.6621
   4.000   0.7122   0.01797   0.01034  -0.0723   0.5329   0.6848
   4.500   0.7519   0.01830   0.01074  -0.0693   0.5174   0.7094
   5.000   0.7991   0.01865   0.01107  -0.0677   0.5028   0.7361
   5.500   0.8356   0.01904   0.01155  -0.0642   0.4879   0.7650
   6.000   0.8696   0.01955   0.01219  -0.0603   0.4733   0.7981
   6.500   0.9098   0.01998   0.01269  -0.0574   0.4598   0.8375
   7.000   0.9384   0.02048   0.01333  -0.0522   0.4463   0.8932
   7.500   0.9908   0.02135   0.01431  -0.0524   0.4314   0.9706
   8.000   1.0452   0.02209   0.01490  -0.0540   0.4175   1.0000
   8.500   1.0784   0.02283   0.01547  -0.0512   0.4047   1.0000
   9.000   1.1025   0.02392   0.01658  -0.0472   0.3917   1.0000
   9.500   1.1387   0.02491   0.01744  -0.0450   0.3796   1.0000
  10.000   1.1660   0.02610   0.01859  -0.0417   0.3672   1.0000
