  
       XFOIL         Version 6.99
  
 Calculated polar for: NACA 3204                                       
  
 1 1 Reynolds number fixed          Mach number fixed         
  
 xtrf =   1.000 (top)        1.000 (bottom)  
 Mach =   0.050     Re =     0.200 e 6     Ncrit =   9.000
  
   alpha    CL        CD       CDp       CM     Top_Xtr  Bot_Xtr
  ------ -------- --------- --------- -------- -------- --------
  -2.000  -0.0134   0.02708   0.02188  -0.0425   1.0000   0.0427
  -1.500   0.0366   0.02583   0.02013  -0.0408   1.0000   0.0542
  -1.000   0.0990   0.01987   0.01391  -0.0440   0.9973   0.0700
  -0.500   0.1898   0.01488   0.00807  -0.0474   0.9879   0.0293
   0.000   0.2764   0.01205   0.00483  -0.0528   0.9731   0.0405
   0.500   0.3573   0.00974   0.00273  -0.0576   0.9470   0.1457
   1.000   0.4211   0.00747   0.00216  -0.0583   0.9027   1.0000
   1.500   0.4743   0.00752   0.00192  -0.0564   0.8228   1.0000
   2.000   0.5208   0.00803   0.00180  -0.0533   0.6870   1.0000
   2.500   0.5658   0.00922   0.00199  -0.0508   0.5014   1.0000
   3.000   0.6154   0.01028   0.00248  -0.0498   0.4122   1.0000
   3.500   0.6677   0.01107   0.00322  -0.0494   0.3783   1.0000
   4.000   0.7205   0.01187   0.00400  -0.0489   0.3584   1.0000
   4.500   0.7726   0.01244   0.00469  -0.0484   0.3238   1.0000
   5.000   0.8147   0.01564   0.00679  -0.0465   0.0241   1.0000
   5.500   0.8607   0.01836   0.00999  -0.0445   0.0173   1.0000
   6.000   0.9020   0.02375   0.01558  -0.0416   0.0134   1.0000
   6.500   0.9542   0.02811   0.02047  -0.0388   0.0175   1.0000
