  
       XFOIL         Version 6.99
  
 Calculated polar for: NACA 4720                                       
  
 1 1 Reynolds number fixed          Mach number fixed         
  
 xtrf =   1.000 (top)        1.000 (bottom)  
 Mach =   0.050     Re =     0.200 e 6     Ncrit =   9.000
  
   alpha    CL        CD       CDp       CM     Top_Xtr  Bot_Xtr
  ------ -------- --------- --------- -------- -------- --------
  -2.000   0.1263   0.02304   0.01606  -0.1170   0.8394   0.4137
  -1.500   0.2106   0.02192   0.01506  -0.1215   0.8358   0.4451
  -1.000   0.2685   0.02122   0.01444  -0.1213   0.8209   0.4736
   0.000   0.4091   0.01889   0.01238  -0.1245   0.8022   0.5332
   0.500   0.4691   0.01803   0.01162  -0.1242   0.7863   0.5623
   1.000   0.5344   0.01712   0.01077  -0.1249   0.7695   0.5921
   1.500   0.6068   0.01613   0.00985  -0.1268   0.7501   0.6206
   2.000   0.6899   0.01519   0.00888  -0.1307   0.7268   0.6481
   2.500   0.7619   0.01495   0.00852  -0.1329   0.6950   0.6735
   3.000   0.8305   0.01514   0.00853  -0.1348   0.6634   0.6979
   3.500   0.8821   0.01559   0.00886  -0.1336   0.6326   0.7209
   4.000   0.9343   0.01606   0.00917  -0.1325   0.6048   0.7437
   4.500   0.9715   0.01654   0.00965  -0.1287   0.5779   0.7662
   5.000   1.0108   0.01704   0.01012  -0.1253   0.5520   0.7893
   5.500   1.0497   0.01754   0.01059  -0.1220   0.5273   0.8130
   6.000   1.0857   0.01803   0.01106  -0.1180   0.5035   0.8377
   6.500   1.1203   0.01854   0.01156  -0.1140   0.4805   0.8670
   7.000   1.1498   0.01902   0.01206  -0.1089   0.4583   0.9082
   7.500   1.1843   0.01957   0.01262  -0.1055   0.4355   1.0000
   8.000   1.2233   0.02063   0.01360  -0.1036   0.4122   1.0000
   8.500   1.2590   0.02177   0.01466  -0.1010   0.3896   1.0000
   9.000   1.2917   0.02300   0.01582  -0.0979   0.3675   1.0000
   9.500   1.3217   0.02437   0.01711  -0.0944   0.3461   1.0000
  10.000   1.3493   0.02587   0.01855  -0.0907   0.3253   1.0000
