  
       XFOIL         Version 6.99
  
 Calculated polar for: NACA 8236                                       
  
 1 1 Reynolds number fixed          Mach number fixed         
  
 xtrf =   1.000 (top)        1.000 (bottom)  
 Mach =   0.050     Re =     0.200 e 6     Ncrit =   9.000
  
   alpha    CL        CD       CDp       CM     Top_Xtr  Bot_Xtr
  ------ -------- --------- --------- -------- -------- --------
  -2.000   0.2338   0.03161   0.02158  -0.0469   0.4418   0.1206
  -1.500   0.2547   0.03191   0.02170  -0.0424   0.4273   0.1240
  -1.000   0.2762   0.03207   0.02177  -0.0384   0.4125   0.1269
  -0.500   0.2897   0.03278   0.02248  -0.0336   0.3969   0.1303
   0.000   0.3039   0.03380   0.02342  -0.0292   0.3814   0.1344
   0.500   0.3209   0.03473   0.02433  -0.0255   0.3670   0.1383
   1.000   0.3431   0.03570   0.02526  -0.0226   0.3545   0.1432
   1.500   0.3740   0.03650   0.02586  -0.0207   0.3444   0.1493
   2.000   0.3956   0.03766   0.02714  -0.0183   0.3355   0.1558
   2.500   0.4365   0.03808   0.02739  -0.0178   0.3287   0.1651
   3.000   0.4616   0.03955   0.02892  -0.0161   0.3225   0.1758
   3.500   0.4990   0.04026   0.02960  -0.0157   0.3174   0.2004
   4.000   0.5383   0.03957   0.03054  -0.0152   0.3133   0.5949
   4.500   0.5604   0.04137   0.03291  -0.0128   0.3097   0.6976
   5.000   0.5892   0.04288   0.03476  -0.0106   0.3064   0.7800
   5.500   0.6218   0.04413   0.03621  -0.0082   0.3037   0.8567
   6.000   0.6762   0.04512   0.03716  -0.0086   0.3011   0.9293
   6.500   0.7322   0.04819   0.04024  -0.0131   0.2988   0.9717
   7.000   0.7811   0.05312   0.04529  -0.0197   0.2962   0.9908
   7.500   0.8193   0.05774   0.04999  -0.0247   0.2936   1.0000
   8.000   0.7993   0.06070   0.05297  -0.0188   0.2918   1.0000
   8.500   0.7884   0.06460   0.05691  -0.0150   0.2901   1.0000
   9.000   0.7836   0.06900   0.06134  -0.0124   0.2885   1.0000
   9.500   0.7678   0.07527   0.06769  -0.0101   0.2869   1.0000
