  
       XFOIL         Version 6.99
  
 Calculated polar for: NACA 2524                                       
  
 1 1 Reynolds number fixed          Mach number fixed         
  
 xtrf =   1.000 (top)        1.000 (bottom)  
 Mach =   0.050     Re =     0.200 e 6     Ncrit =   9.000
  
   alpha    CL        CD       CDp       CM     Top_Xtr  Bot_Xtr
  ------ -------- --------- --------- -------- -------- --------
  -2.000   0.0244   0.01606   0.00845  -0.0595   0.7213   0.4653
  -1.500   0.0779   0.01585   0.00824  -0.0587   0.7044   0.4887
  -1.000   0.1336   0.01568   0.00802  -0.0582   0.6876   0.5134
  -0.500   0.1814   0.01557   0.00798  -0.0564   0.6691   0.5382
   0.000   0.2310   0.01552   0.00797  -0.0548   0.6511   0.5644
   0.500   0.2817   0.01549   0.00798  -0.0535   0.6336   0.5920
   1.000   0.3341   0.01547   0.00800  -0.0524   0.6168   0.6207
   1.500   0.3861   0.01548   0.00805  -0.0513   0.5997   0.6509
   2.000   0.4318   0.01554   0.00823  -0.0489   0.5820   0.6827
   2.500   0.4792   0.01568   0.00843  -0.0470   0.5648   0.7172
   3.000   0.5280   0.01584   0.00868  -0.0451   0.5484   0.7520
   3.500   0.5781   0.01607   0.00893  -0.0434   0.5323   0.7890
   4.000   0.6211   0.01632   0.00927  -0.0404   0.5156   0.8270
   4.500   0.6644   0.01674   0.00979  -0.0373   0.4992   0.8640
   5.000   0.7118   0.01726   0.01031  -0.0350   0.4833   0.8995
   5.500   0.7732   0.01796   0.01092  -0.0356   0.4669   0.9274
   6.000   0.8480   0.01875   0.01156  -0.0393   0.4495   0.9488
   6.500   0.9296   0.01956   0.01233  -0.0449   0.4312   0.9654
   7.000   1.0118   0.02036   0.01309  -0.0509   0.4129   0.9813
   7.500   1.0942   0.02113   0.01381  -0.0573   0.3946   0.9956
   8.000   1.1058   0.02147   0.01413  -0.0505   0.3818   1.0000
   8.500   1.1050   0.02176   0.01423  -0.0409   0.3707   1.0000
   9.000   1.0905   0.02222   0.01478  -0.0291   0.3593   1.0000
   9.500   1.1056   0.02298   0.01545  -0.0228   0.3472   1.0000
  10.000   1.1282   0.02386   0.01621  -0.0180   0.3346   1.0000
