  
       XFOIL         Version 6.99
  
 Calculated polar for: NACA 3114                                       
  
 1 1 Reynolds number fixed          Mach number fixed         
  
 xtrf =   1.000 (top)        1.000 (bottom)  
 Mach =   0.050     Re =     0.200 e 6     Ncrit =   9.000
  
   alpha    CL        CD       CDp       CM     Top_Xtr  Bot_Xtr
  ------ -------- --------- --------- -------- -------- --------
  -2.000   0.1137   0.01887   0.01086  -0.0491   0.8096   0.0696
  -1.500   0.1683   0.01663   0.00855  -0.0472   0.7667   0.0651
  -1.000   0.2201   0.01560   0.00736  -0.0452   0.7249   0.0681
  -0.500   0.2691   0.01459   0.00626  -0.0431   0.6820   0.0724
   0.000   0.3173   0.01398   0.00549  -0.0410   0.6361   0.0790
   0.500   0.3657   0.01356   0.00474  -0.0391   0.5872   0.0910
   1.000   0.4022   0.01173   0.00437  -0.0357   0.5390   0.5880
   1.500   0.4959   0.01190   0.00520  -0.0402   0.4619   0.9794
   2.000   0.5892   0.01293   0.00538  -0.0485   0.3376   1.0000
   2.500   0.6200   0.01403   0.00578  -0.0445   0.2490   1.0000
   3.000   0.6544   0.01490   0.00628  -0.0409   0.2208   1.0000
   3.500   0.6907   0.01573   0.00685  -0.0375   0.2080   1.0000
   4.000   0.7308   0.01640   0.00741  -0.0346   0.1999   1.0000
   4.500   0.7704   0.01742   0.00818  -0.0319   0.1933   1.0000
   5.000   0.8140   0.01814   0.00889  -0.0297   0.1892   1.0000
   5.500   0.8590   0.01901   0.00970  -0.0279   0.1854   1.0000
   6.000   0.9056   0.01998   0.01060  -0.0265   0.1823   1.0000
   6.500   0.9545   0.02123   0.01175  -0.0257   0.1796   1.0000
   7.000   1.0051   0.02274   0.01325  -0.0252   0.1775   1.0000
   7.500   1.0526   0.02385   0.01449  -0.0242   0.1756   1.0000
   8.000   1.1001   0.02514   0.01590  -0.0232   0.1736   1.0000
   8.500   1.1474   0.02664   0.01754  -0.0224   0.1720   1.0000
   9.000   1.1935   0.02829   0.01935  -0.0215   0.1704   1.0000
   9.500   1.2382   0.03011   0.02135  -0.0205   0.1690   1.0000
  10.000   1.2810   0.03212   0.02356  -0.0194   0.1677   1.0000
