  
       XFOIL         Version 6.99
  
 Calculated polar for: NACA 1318                                       
  
 1 1 Reynolds number fixed          Mach number fixed         
  
 xtrf =   1.000 (top)        1.000 (bottom)  
 Mach =   0.050     Re =     0.200 e 6     Ncrit =   9.000
  
   alpha    CL        CD       CDp       CM     Top_Xtr  Bot_Xtr
  ------ -------- --------- --------- -------- -------- --------
  -2.000  -0.1107   0.01231   0.00604  -0.0245   0.8046   0.6146
  -1.500  -0.0573   0.01210   0.00584  -0.0230   0.7777   0.6532
  -1.000  -0.0054   0.01199   0.00574  -0.0212   0.7476   0.6906
  -0.500   0.0467   0.01195   0.00566  -0.0195   0.7173   0.7280
   0.000   0.0993   0.01201   0.00572  -0.0179   0.6865   0.7630
   0.500   0.1515   0.01214   0.00581  -0.0161   0.6554   0.7974
   1.000   0.2030   0.01238   0.00598  -0.0142   0.6253   0.8319
   1.500   0.2572   0.01276   0.00631  -0.0127   0.5953   0.8620
   2.000   0.3126   0.01326   0.00664  -0.0115   0.5679   0.8908
   2.500   0.3713   0.01373   0.00704  -0.0112   0.5401   0.9143
   3.000   0.4403   0.01428   0.00746  -0.0132   0.5136   0.9325
   3.500   0.5249   0.01489   0.00788  -0.0187   0.4879   0.9441
   4.000   0.6080   0.01538   0.00827  -0.0242   0.4629   0.9565
   4.500   0.6884   0.01580   0.00861  -0.0294   0.4388   0.9700
   5.000   0.7699   0.01617   0.00891  -0.0350   0.4152   0.9829
   5.500   0.8530   0.01652   0.00917  -0.0411   0.3917   0.9945
   6.000   0.9143   0.01685   0.00941  -0.0431   0.3705   1.0000
   6.500   0.9466   0.01716   0.00971  -0.0393   0.3522   1.0000
   7.000   0.9767   0.01755   0.01008  -0.0350   0.3341   1.0000
   7.500   1.0043   0.01801   0.01051  -0.0301   0.3160   1.0000
   8.000   1.0294   0.01851   0.01100  -0.0247   0.2980   1.0000
   8.500   1.0520   0.01908   0.01154  -0.0189   0.2801   1.0000
   9.000   1.0723   0.01973   0.01215  -0.0126   0.2623   1.0000
   9.500   1.0904   0.02049   0.01287  -0.0062   0.2448   1.0000
  10.000   1.1041   0.02138   0.01370   0.0009   0.2282   1.0000
