  
       XFOIL         Version 6.99
  
 Calculated polar for: NACA 4722                                       
  
 1 1 Reynolds number fixed          Mach number fixed         
  
 xtrf =   1.000 (top)        1.000 (bottom)  
 Mach =   0.050     Re =     0.200 e 6     Ncrit =   9.000
  
   alpha    CL        CD       CDp       CM     Top_Xtr  Bot_Xtr
  ------ -------- --------- --------- -------- -------- --------
  -2.000   0.1249   0.02224   0.01517  -0.1141   0.8156   0.4116
  -0.500   0.3227   0.01923   0.01245  -0.1173   0.7823   0.4869
   0.500   0.4655   0.01715   0.01050  -0.1211   0.7545   0.5405
   1.000   0.5396   0.01632   0.00968  -0.1237   0.7342   0.5678
   1.500   0.6177   0.01569   0.00899  -0.1271   0.7103   0.5950
   2.000   0.6976   0.01543   0.00856  -0.1311   0.6844   0.6215
   2.500   0.7592   0.01573   0.00877  -0.1318   0.6571   0.6452
   3.000   0.8074   0.01621   0.00921  -0.1299   0.6307   0.6669
   3.500   0.8542   0.01672   0.00967  -0.1279   0.6062   0.6882
   4.000   0.8991   0.01723   0.01013  -0.1255   0.5831   0.7093
   4.500   0.9421   0.01775   0.01061  -0.1229   0.5609   0.7304
   5.000   0.9833   0.01827   0.01110  -0.1200   0.5394   0.7516
   5.500   1.0228   0.01880   0.01161  -0.1169   0.5186   0.7732
   6.000   1.0613   0.01935   0.01215  -0.1137   0.4984   0.7953
   6.500   1.0982   0.01992   0.01272  -0.1103   0.4788   0.8185
   7.000   1.1339   0.02052   0.01332  -0.1068   0.4596   0.8437
   7.500   1.1655   0.02108   0.01392  -0.1025   0.4413   0.8724
   8.000   1.1939   0.02161   0.01449  -0.0975   0.4235   0.9174
   8.500   1.2310   0.02232   0.01514  -0.0952   0.4048   1.0000
   9.000   1.2673   0.02353   0.01630  -0.0932   0.3862   1.0000
   9.500   1.2996   0.02485   0.01758  -0.0905   0.3682   1.0000
  10.000   1.3295   0.02628   0.01898  -0.0874   0.3507   1.0000
