  
       XFOIL         Version 6.99
  
 Calculated polar for: NACA 2834                                       
  
 1 1 Reynolds number fixed          Mach number fixed         
  
 xtrf =   1.000 (top)        1.000 (bottom)  
 Mach =   0.050     Re =     0.200 e 6     Ncrit =   9.000
  
   alpha    CL        CD       CDp       CM     Top_Xtr  Bot_Xtr
  ------ -------- --------- --------- -------- -------- --------
  -2.000   0.0227   0.02136   0.01302  -0.0677   0.6227   0.4476
  -1.500   0.0424   0.02113   0.01279  -0.0612   0.6075   0.4580
  -1.000   0.0935   0.02118   0.01283  -0.0606   0.5937   0.4696
  -0.500   0.1170   0.02100   0.01258  -0.0548   0.5797   0.4811
   0.000   0.1657   0.02108   0.01273  -0.0537   0.5666   0.4931
   0.500   0.1961   0.02105   0.01258  -0.0494   0.5534   0.5056
   1.000   0.2447   0.02117   0.01281  -0.0483   0.5410   0.5183
   2.500   0.3635   0.02173   0.01332  -0.0407   0.5048   0.5595
   3.000   0.4164   0.02202   0.01367  -0.0405   0.4937   0.5740
   3.500   0.4480   0.02238   0.01404  -0.0367   0.4823   0.5890
   4.000   0.5054   0.02272   0.01439  -0.0374   0.4718   0.6044
   4.500   0.5308   0.02323   0.01500  -0.0327   0.4609   0.6199
   5.000   0.5961   0.02357   0.01525  -0.0347   0.4507   0.6366
   5.500   0.6110   0.02432   0.01620  -0.0286   0.4407   0.6521
   6.000   0.6606   0.02476   0.01660  -0.0280   0.4311   0.6693
   6.500   0.6887   0.02565   0.01765  -0.0242   0.4216   0.6853
   7.000   0.7265   0.02633   0.01832  -0.0221   0.4122   0.7033
   7.500   0.7657   0.02720   0.01927  -0.0201   0.4034   0.7194
   8.000   0.7902   0.02825   0.02040  -0.0164   0.3941   0.7373
   8.500   0.8452   0.02887   0.02096  -0.0165   0.3858   0.7537
   9.000   0.8482   0.03057   0.02289  -0.0102   0.3770   0.7703
   9.500   0.8919   0.03130   0.02356  -0.0090   0.3692   0.7879
  10.000   0.9045   0.03309   0.02553  -0.0043   0.3610   0.8036
