  
       XFOIL         Version 6.99
  
 Calculated polar for: NACA 1704                                       
  
 1 1 Reynolds number fixed          Mach number fixed         
  
 xtrf =   1.000 (top)        1.000 (bottom)  
 Mach =   0.050     Re =     0.200 e 6     Ncrit =   9.000
  
   alpha    CL        CD       CDp       CM     Top_Xtr  Bot_Xtr
  ------ -------- --------- --------- -------- -------- --------
  -2.000  -0.1146   0.00744   0.00228  -0.0334   1.0000   0.7734
  -1.500  -0.0635   0.00692   0.00182  -0.0312   1.0000   1.0000
  -1.000  -0.0103   0.00694   0.00157  -0.0310   1.0000   1.0000
  -0.500   0.0429   0.00701   0.00142  -0.0307   1.0000   1.0000
   0.000   0.0959   0.00710   0.00143  -0.0304   1.0000   1.0000
   0.500   0.1488   0.00723   0.00157  -0.0301   1.0000   1.0000
   1.000   0.2016   0.00740   0.00183  -0.0299   1.0000   1.0000
   1.500   0.2541   0.00762   0.00223  -0.0296   1.0000   1.0000
   2.000   0.3064   0.00790   0.00281  -0.0294   1.0000   1.0000
   2.500   0.4093   0.01217   0.00385  -0.0367   0.0396   1.0000
   3.000   0.4594   0.01508   0.00689  -0.0347   0.0293   1.0000
