  
       XFOIL         Version 6.99
  
 Calculated polar for: NACA 7502                                       
  
 1 1 Reynolds number fixed          Mach number fixed         
  
 xtrf =   1.000 (top)        1.000 (bottom)  
 Mach =   0.050     Re =     0.200 e 6     Ncrit =   9.000
  
   alpha    CL        CD       CDp       CM     Top_Xtr  Bot_Xtr
  ------ -------- --------- --------- -------- -------- --------
  -2.000   0.3885   0.03404   0.02959  -0.1689   0.9244   0.0450
  -1.500   0.5134   0.02692   0.02185  -0.1871   0.9239   0.0707
  -1.000   0.6379   0.01999   0.01347  -0.2003   0.9259   0.0239
  -0.500   0.7319   0.01649   0.00926  -0.2079   0.9249   0.0342
   0.000   0.8096   0.01410   0.00848  -0.2132   0.9220   1.0000
   0.500   0.8683   0.01424   0.00841  -0.2142   0.9133   1.0000
   1.000   0.9424   0.01042   0.00433  -0.2123   0.8700   1.0000
   1.500   0.9942   0.00995   0.00389  -0.2107   0.8423   1.0000
   2.000   0.9927   0.01387   0.00428  -0.1970   0.1740   1.0000
   2.500   1.0306   0.01604   0.00621  -0.1934   0.0225   1.0000
   3.000   1.0682   0.01820   0.00877  -0.1893   0.0243   1.0000
