  
       XFOIL         Version 6.99
  
 Calculated polar for: NACA 4624                                       
  
 1 1 Reynolds number fixed          Mach number fixed         
  
 xtrf =   1.000 (top)        1.000 (bottom)  
 Mach =   0.050     Re =     0.200 e 6     Ncrit =   9.000
  
   alpha    CL        CD       CDp       CM     Top_Xtr  Bot_Xtr
  ------ -------- --------- --------- -------- -------- --------
  -2.000   0.2052   0.01900   0.01160  -0.1157   0.7774   0.4019
  -1.500   0.2470   0.01870   0.01132  -0.1127   0.7613   0.4218
  -0.500   0.3944   0.01732   0.00999  -0.1184   0.7383   0.4702
   0.000   0.4446   0.01708   0.00976  -0.1169   0.7210   0.4930
   0.500   0.4990   0.01685   0.00956  -0.1162   0.7037   0.5166
   1.000   0.5548   0.01667   0.00940  -0.1158   0.6860   0.5408
   1.500   0.6093   0.01659   0.00932  -0.1151   0.6676   0.5650
   2.000   0.6612   0.01661   0.00932  -0.1140   0.6486   0.5891
   2.500   0.7115   0.01670   0.00939  -0.1127   0.6296   0.6136
   3.000   0.7614   0.01687   0.00951  -0.1113   0.6108   0.6384
   3.500   0.8128   0.01710   0.00969  -0.1103   0.5924   0.6641
   4.000   0.8587   0.01739   0.00996  -0.1083   0.5741   0.6905
   4.500   0.8943   0.01780   0.01044  -0.1045   0.5562   0.7179
   5.000   0.9332   0.01826   0.01096  -0.1014   0.5389   0.7479
   5.500   0.9733   0.01866   0.01147  -0.0985   0.5225   0.7815
   6.000   1.0145   0.01905   0.01192  -0.0957   0.5069   0.8252
   6.500   1.0448   0.01938   0.01243  -0.0905   0.4914   0.9058
   7.000   1.0874   0.02004   0.01309  -0.0894   0.4748   1.0000
   7.500   1.1260   0.02091   0.01384  -0.0873   0.4594   1.0000
   8.000   1.1666   0.02177   0.01455  -0.0854   0.4446   1.0000
   8.500   1.2042   0.02268   0.01532  -0.0831   0.4297   1.0000
   9.000   1.2282   0.02392   0.01660  -0.0789   0.4148   1.0000
   9.500   1.2598   0.02513   0.01776  -0.0760   0.4005   1.0000
  10.000   1.2945   0.02629   0.01881  -0.0735   0.3867   1.0000
  -2.000   0.2052   0.01900   0.01160  -0.1157   0.7774   0.4019
  -1.500   0.2470   0.01870   0.01132  -0.1127   0.7613   0.4218
  -0.500   0.3944   0.01732   0.00999  -0.1184   0.7383   0.4702
   0.000   0.4446   0.01708   0.00976  -0.1169   0.7210   0.4930
   0.500   0.4990   0.01685   0.00956  -0.1162   0.7037   0.5166
   1.000   0.5548   0.01667   0.00940  -0.1158   0.6860   0.5408
   1.500   0.6093   0.01659   0.00932  -0.1151   0.6676   0.5650
   2.000   0.6612   0.01661   0.00932  -0.1140   0.6486   0.5891
   2.500   0.7115   0.01670   0.00939  -0.1127   0.6296   0.6136
   3.000   0.7614   0.01687   0.00951  -0.1113   0.6108   0.6384
   3.500   0.8128   0.01710   0.00969  -0.1103   0.5924   0.6641
   4.000   0.8587   0.01739   0.00996  -0.1083   0.5741   0.6905
   4.500   0.8943   0.01780   0.01044  -0.1045   0.5562   0.7179
   5.000   0.9332   0.01826   0.01096  -0.1014   0.5389   0.7479
   5.500   0.9733   0.01866   0.01147  -0.0985   0.5225   0.7815
   6.000   1.0145   0.01905   0.01192  -0.0957   0.5069   0.8252
   6.500   1.0448   0.01938   0.01243  -0.0905   0.4914   0.9058
   7.000   1.0874   0.02004   0.01309  -0.0894   0.4748   1.0000
   7.500   1.1260   0.02091   0.01384  -0.0873   0.4594   1.0000
   8.000   1.1666   0.02177   0.01455  -0.0854   0.4446   1.0000
   8.500   1.2042   0.02268   0.01532  -0.0831   0.4297   1.0000
   9.000   1.2282   0.02392   0.01660  -0.0789   0.4148   1.0000
   9.500   1.2598   0.02513   0.01776  -0.0760   0.4005   1.0000
  10.000   1.2945   0.02629   0.01881  -0.0735   0.3867   1.0000
