  
       XFOIL         Version 6.99
  
 Calculated polar for: NACA 6414                                       
  
 1 1 Reynolds number fixed          Mach number fixed         
  
 xtrf =   1.000 (top)        1.000 (bottom)  
 Mach =   0.050     Re =     0.200 e 6     Ncrit =   9.000
  
   alpha    CL        CD       CDp       CM     Top_Xtr  Bot_Xtr
  ------ -------- --------- --------- -------- -------- --------
  -2.000   0.4694   0.01473   0.00668  -0.1525   0.7588   0.1632
  -1.500   0.5229   0.01432   0.00629  -0.1518   0.7380   0.1935
  -1.000   0.5769   0.01402   0.00600  -0.1513   0.7170   0.2332
  -0.500   0.6312   0.01377   0.00581  -0.1509   0.6971   0.2851
   0.000   0.6849   0.01348   0.00568  -0.1505   0.6778   0.3648
   0.500   0.7375   0.01206   0.00578  -0.1490   0.6602   1.0000
   1.000   0.7914   0.01242   0.00580  -0.1486   0.6431   1.0000
   1.500   0.8451   0.01282   0.00596  -0.1482   0.6275   1.0000
   2.000   0.8987   0.01325   0.00619  -0.1478   0.6131   1.0000
   2.500   0.9530   0.01372   0.00648  -0.1476   0.6004   1.0000
   3.000   1.0079   0.01420   0.00677  -0.1475   0.5884   1.0000
   3.500   1.0591   0.01471   0.00725  -0.1468   0.5763   1.0000
   4.000   1.1125   0.01527   0.00773  -0.1466   0.5656   1.0000
   4.500   1.1664   0.01580   0.00818  -0.1464   0.5552   1.0000
   5.000   1.2163   0.01641   0.00884  -0.1456   0.5445   1.0000
   5.500   1.2713   0.01704   0.00938  -0.1457   0.5350   1.0000
   6.000   1.3192   0.01764   0.01009  -0.1445   0.5242   1.0000
   6.500   1.3697   0.01834   0.01082  -0.1438   0.5144   1.0000
   7.000   1.4211   0.01895   0.01145  -0.1433   0.5041   1.0000
   7.500   1.4655   0.01970   0.01236  -0.1416   0.4932   1.0000
   8.000   1.5162   0.02038   0.01305  -0.1411   0.4827   1.0000
   8.500   1.5602   0.02100   0.01378  -0.1392   0.4707   1.0000
   9.000   1.5980   0.02164   0.01459  -0.1363   0.4570   1.0000
   9.500   1.6308   0.02208   0.01510  -0.1323   0.4403   1.0000
  10.000   1.6578   0.02265   0.01578  -0.1275   0.4240   1.0000
