  
       XFOIL         Version 6.99
  
 Calculated polar for: NACA 3514                                       
  
 1 1 Reynolds number fixed          Mach number fixed         
  
 xtrf =   1.000 (top)        1.000 (bottom)  
 Mach =   0.050     Re =     0.200 e 6     Ncrit =   9.000
  
   alpha    CL        CD       CDp       CM     Top_Xtr  Bot_Xtr
  ------ -------- --------- --------- -------- -------- --------
  -2.000   0.1486   0.01359   0.00690  -0.0954   0.8759   0.4585
  -1.500   0.2045   0.01307   0.00661  -0.0947   0.8610   0.5231
  -1.000   0.2604   0.01255   0.00634  -0.0940   0.8457   0.5953
  -0.500   0.3150   0.01203   0.00611  -0.0927   0.8298   0.6804
   0.000   0.3660   0.01153   0.00596  -0.0903   0.8128   0.7850
   0.500   0.4239   0.01122   0.00587  -0.0888   0.7951   0.9107
   1.000   0.5233   0.01107   0.00563  -0.0969   0.7763   0.9884
   1.500   0.5916   0.01101   0.00536  -0.0994   0.7552   1.0000
   2.000   0.6376   0.01112   0.00534  -0.0972   0.7307   1.0000
   2.500   0.6866   0.01126   0.00532  -0.0955   0.7062   1.0000
   3.000   0.7360   0.01147   0.00540  -0.0939   0.6807   1.0000
   3.500   0.7853   0.01171   0.00552  -0.0922   0.6534   1.0000
   4.000   0.8339   0.01202   0.00573  -0.0904   0.6244   1.0000
   4.500   0.8825   0.01237   0.00596  -0.0886   0.5944   1.0000
   5.000   0.9298   0.01278   0.00624  -0.0867   0.5623   1.0000
   5.500   0.9753   0.01325   0.00661  -0.0844   0.5279   1.0000
   6.000   1.0190   0.01378   0.00707  -0.0819   0.4912   1.0000
   6.500   1.0607   0.01440   0.00759  -0.0791   0.4525   1.0000
   7.000   1.0997   0.01514   0.00821  -0.0760   0.4121   1.0000
   7.500   1.1356   0.01600   0.00895  -0.0724   0.3694   1.0000
   8.000   1.1668   0.01706   0.00985  -0.0682   0.3251   1.0000
   8.500   1.1923   0.01825   0.01090  -0.0631   0.2793   1.0000
   9.000   1.2133   0.01977   0.01224  -0.0577   0.2343   1.0000
   9.500   1.2314   0.02167   0.01394  -0.0524   0.1929   1.0000
  10.000   1.2485   0.02385   0.01598  -0.0475   0.1582   1.0000
