  
       XFOIL         Version 6.99
  
 Calculated polar for: NACA 3306                                       
  
 1 1 Reynolds number fixed          Mach number fixed         
  
 xtrf =   1.000 (top)        1.000 (bottom)  
 Mach =   0.050     Re =     0.200 e 6     Ncrit =   9.000
  
   alpha    CL        CD       CDp       CM     Top_Xtr  Bot_Xtr
  ------ -------- --------- --------- -------- -------- --------
  -2.000   0.0107   0.01556   0.00832  -0.0527   0.9925   0.0434
  -1.500   0.0945   0.01321   0.00564  -0.0580   0.9836   0.0591
  -1.000   0.1761   0.01147   0.00417  -0.0635   0.9716   0.1273
  -0.500   0.2522   0.00852   0.00360  -0.0675   0.9599   1.0000
   0.000   0.3291   0.00835   0.00315  -0.0714   0.9387   1.0000
   0.500   0.3928   0.00818   0.00281  -0.0722   0.9079   1.0000
   1.000   0.4487   0.00809   0.00256  -0.0712   0.8681   1.0000
   1.500   0.5007   0.00812   0.00240  -0.0693   0.8175   1.0000
   2.000   0.5511   0.00836   0.00239  -0.0673   0.7538   1.0000
   2.500   0.6011   0.00881   0.00251  -0.0655   0.6812   1.0000
   3.000   0.6513   0.00943   0.00284  -0.0641   0.6131   1.0000
   3.500   0.7025   0.01009   0.00330  -0.0631   0.5613   1.0000
   4.000   0.7547   0.01075   0.00390  -0.0623   0.5231   1.0000
   4.500   0.8047   0.01133   0.00445  -0.0612   0.4712   1.0000
   5.000   0.8528   0.01194   0.00492  -0.0597   0.3967   1.0000
   5.500   0.8848   0.01545   0.00674  -0.0567   0.0605   1.0000
   6.000   0.9249   0.01832   0.00976  -0.0540   0.0359   1.0000
   6.500   0.9653   0.02123   0.01280  -0.0513   0.0291   1.0000
   7.000   1.0071   0.02657   0.01834  -0.0486   0.0261   1.0000
   7.500   1.0531   0.03066   0.02306  -0.0462   0.0240   1.0000
