  
       XFOIL         Version 6.99
  
 Calculated polar for: NACA 9528                                       
  
 1 1 Reynolds number fixed          Mach number fixed         
  
 xtrf =   1.000 (top)        1.000 (bottom)  
 Mach =   0.050     Re =     0.200 e 6     Ncrit =   9.000
  
   alpha    CL        CD       CDp       CM     Top_Xtr  Bot_Xtr
  ------ -------- --------- --------- -------- -------- --------
  -2.000   0.5241   0.02874   0.02044  -0.1873   0.6619   0.2263
  -1.000   0.5041   0.03464   0.02648  -0.1700   0.6346   0.2400
  -0.500   0.6894   0.02873   0.02036  -0.1890   0.6420   0.2655
   0.500   0.6721   0.03457   0.02639  -0.1722   0.6168   0.2833
   1.000   0.8521   0.02915   0.02077  -0.1905   0.6219   0.3145
   2.000   0.8456   0.03447   0.02628  -0.1752   0.5995   0.3386
   3.000   0.8830   0.03870   0.03070  -0.1674   0.5803   0.3723
   3.500   1.0296   0.03407   0.02596  -0.1799   0.5826   0.4114
   4.500   1.0822   0.03720   0.02923  -0.1738   0.5658   0.4595
   6.000   1.0150   0.05341   0.04598  -0.1508   0.5266   0.5191
   6.500   1.1181   0.04951   0.04220  -0.1561   0.5269   0.5832
   7.000   1.2386   0.04465   0.03764  -0.1635   0.5278   0.7146
