  
       XFOIL         Version 6.99
  
 Calculated polar for: NACA 9014                                       
  
 1 1 Reynolds number fixed          Mach number fixed         
  
 xtrf =   1.000 (top)        1.000 (bottom)  
 Mach =   0.050     Re =     0.200 e 6     Ncrit =   9.000
  
   alpha    CL        CD       CDp       CM     Top_Xtr  Bot_Xtr
  ------ -------- --------- --------- -------- -------- --------
  -2.000   0.6774   0.01121   0.00509  -0.0696   0.6331   1.0001
  -1.500   0.7221   0.01152   0.00524  -0.0674   0.5982   1.0001
  -1.000   0.7666   0.01190   0.00546  -0.0651   0.5617   1.0001
  -0.500   0.8109   0.01236   0.00575  -0.0630   0.5240   1.0001
   0.000   0.8548   0.01285   0.00613  -0.0609   0.4837   1.0001
   0.500   0.8980   0.01344   0.00658  -0.0588   0.4419   1.0001
   1.000   0.9400   0.01413   0.00711  -0.0567   0.3988   1.0001
   1.500   0.9803   0.01492   0.00775  -0.0544   0.3535   1.0001
   2.000   1.0189   0.01584   0.00851  -0.0520   0.3068   1.0001
   2.500   1.0547   0.01694   0.00943  -0.0493   0.2600   1.0001
   3.000   1.0870   0.01825   0.01054  -0.0463   0.2155   1.0001
   3.500   1.1156   0.01974   0.01184  -0.0428   0.1768   1.0001
   4.000   1.1393   0.02139   0.01335  -0.0386   0.1473   1.0001
   4.500   1.1625   0.02326   0.01515  -0.0349   0.1253   1.0001
   5.000   1.1851   0.02528   0.01714  -0.0314   0.1087   1.0001
   5.500   1.2066   0.02753   0.01939  -0.0283   0.0964   1.0001
   6.000   1.2277   0.02998   0.02188  -0.0255   0.0867   1.0001
   6.500   1.2480   0.03266   0.02462  -0.0230   0.0790   1.0001
   7.000   1.2691   0.03554   0.02744  -0.0210   0.0726   1.0001
   7.500   1.2883   0.03838   0.03051  -0.0191   0.0672   1.0001
   8.000   1.3095   0.04157   0.03375  -0.0176   0.0629   1.0001
   8.500   1.3250   0.04496   0.03735  -0.0162   0.0589   1.0001
   9.000   1.3450   0.04853   0.04098  -0.0151   0.0556   1.0001
   9.500   1.3516   0.05299   0.04580  -0.0139   0.0530   1.0001
  10.000   1.3654   0.05695   0.04982  -0.0134   0.0505   1.0001
  -2.000   0.6774   0.01121   0.00509  -0.0696   0.6331   1.0001
  -1.500   0.7221   0.01152   0.00524  -0.0674   0.5982   1.0001
