  
       XFOIL         Version 6.99
  
 Calculated polar for: NACA 1110                                       
  
 1 1 Reynolds number fixed          Mach number fixed         
  
 xtrf =   1.000 (top)        1.000 (bottom)  
 Mach =   0.050     Re =     0.200 e 6     Ncrit =   9.000
  
   alpha    CL        CD       CDp       CM     Top_Xtr  Bot_Xtr
  ------ -------- --------- --------- -------- -------- --------
  -2.000  -0.2189   0.01063   0.00454   0.0005   0.9977   0.4926
  -1.500  -0.1460   0.00960   0.00488  -0.0015   0.9844   0.8336
  -1.000  -0.0545   0.00982   0.00517  -0.0066   0.9716   0.9455
  -0.500   0.0796   0.00997   0.00516  -0.0214   0.9657   0.9869
   0.000   0.1936   0.00942   0.00447  -0.0323   0.9262   0.9979
   0.500   0.2490   0.00906   0.00394  -0.0317   0.8680   1.0000
   1.000   0.2947   0.00893   0.00356  -0.0290   0.8037   1.0000
   1.500   0.3411   0.00901   0.00335  -0.0267   0.7348   1.0000
   2.000   0.3878   0.00927   0.00326  -0.0245   0.6615   1.0000
   2.500   0.4341   0.00966   0.00330  -0.0224   0.5826   1.0000
   3.000   0.4791   0.01022   0.00344  -0.0202   0.4932   1.0000
   3.500   0.5230   0.01099   0.00374  -0.0179   0.3901   1.0000
   4.000   0.5656   0.01206   0.00424  -0.0157   0.2941   1.0000
   4.500   0.6102   0.01308   0.00493  -0.0138   0.2469   1.0000
   5.000   0.6570   0.01396   0.00570  -0.0122   0.2230   1.0000
   5.500   0.7048   0.01488   0.00656  -0.0108   0.2071   1.0000
   6.000   0.7534   0.01583   0.00750  -0.0095   0.1939   1.0000
   6.500   0.8023   0.01684   0.00856  -0.0084   0.1816   1.0000
   7.000   0.8510   0.01787   0.00967  -0.0073   0.1689   1.0000
   7.500   0.8990   0.01887   0.01075  -0.0062   0.1552   1.0000
   8.000   0.9460   0.01980   0.01183  -0.0050   0.1406   1.0000
   8.500   0.9917   0.02062   0.01282  -0.0037   0.1244   1.0000
   9.000   1.0359   0.02126   0.01362  -0.0022   0.1059   1.0000
   9.500   1.0791   0.02200   0.01454  -0.0005   0.0834   1.0000
  10.000   1.1164   0.02380   0.01639   0.0017   0.0646   1.0000
  -2.000  -0.2189   0.01063   0.00454   0.0005   0.9977   0.4926
  -1.500  -0.1460   0.00960   0.00488  -0.0015   0.9844   0.8336
  -1.000  -0.0545   0.00982   0.00517  -0.0066   0.9716   0.9455
  -0.500   0.0796   0.00997   0.00516  -0.0214   0.9657   0.9869
   0.000   0.1936   0.00942   0.00447  -0.0323   0.9262   0.9979
   0.500   0.2490   0.00906   0.00394  -0.0317   0.8680   1.0000
   1.000   0.2947   0.00893   0.00356  -0.0290   0.8037   1.0000
   1.500   0.3411   0.00901   0.00335  -0.0267   0.7348   1.0000
   2.000   0.3878   0.00927   0.00326  -0.0245   0.6615   1.0000
   2.500   0.4341   0.00966   0.00330  -0.0224   0.5826   1.0000
   3.000   0.4791   0.01022   0.00344  -0.0202   0.4932   1.0000
   3.500   0.5230   0.01099   0.00374  -0.0179   0.3901   1.0000
   4.000   0.5656   0.01206   0.00424  -0.0157   0.2941   1.0000
   4.500   0.6102   0.01308   0.00493  -0.0138   0.2469   1.0000
   5.000   0.6570   0.01396   0.00570  -0.0122   0.2230   1.0000
   5.500   0.7048   0.01488   0.00656  -0.0108   0.2071   1.0000
   6.000   0.7534   0.01583   0.00750  -0.0095   0.1939   1.0000
   6.500   0.8023   0.01684   0.00856  -0.0084   0.1816   1.0000
   7.000   0.8510   0.01787   0.00967  -0.0073   0.1689   1.0000
   7.500   0.8990   0.01887   0.01075  -0.0062   0.1552   1.0000
   8.000   0.9460   0.01980   0.01183  -0.0050   0.1406   1.0000
   8.500   0.9917   0.02062   0.01282  -0.0037   0.1244   1.0000
   9.000   1.0359   0.02126   0.01362  -0.0022   0.1059   1.0000
   9.500   1.0791   0.02200   0.01454  -0.0005   0.0834   1.0000
  10.000   1.1164   0.02380   0.01639   0.0017   0.0646   1.0000
