  
       XFOIL         Version 6.99
  
 Calculated polar for: NACA 2316                                       
  
 1 1 Reynolds number fixed          Mach number fixed         
  
 xtrf =   1.000 (top)        1.000 (bottom)  
 Mach =   0.050     Re =     0.200 e 6     Ncrit =   9.000
  
   alpha    CL        CD       CDp       CM     Top_Xtr  Bot_Xtr
  ------ -------- --------- --------- -------- -------- --------
  -2.000  -0.0059   0.01137   0.00551  -0.0449   0.8135   0.6486
  -1.500   0.0455   0.01114   0.00536  -0.0428   0.7849   0.7113
  -1.000   0.0972   0.01104   0.00527  -0.0406   0.7550   0.7663
  -0.500   0.1483   0.01108   0.00530  -0.0383   0.7220   0.8161
   0.000   0.2002   0.01127   0.00537  -0.0360   0.6893   0.8611
   0.500   0.2555   0.01162   0.00554  -0.0344   0.6559   0.8996
   1.000   0.3234   0.01215   0.00587  -0.0355   0.6207   0.9301
   1.500   0.4085   0.01274   0.00623  -0.0405   0.5855   0.9538
   2.000   0.4958   0.01315   0.00639  -0.0469   0.5532   0.9692
   2.500   0.5827   0.01350   0.00648  -0.0535   0.5251   0.9836
   3.000   0.6712   0.01376   0.00660  -0.0607   0.4997   0.9967
   3.500   0.7258   0.01398   0.00670  -0.0613   0.4800   1.0000
   4.000   0.7670   0.01427   0.00689  -0.0591   0.4632   1.0000
   4.500   0.8082   0.01465   0.00715  -0.0567   0.4474   1.0000
   5.000   0.8484   0.01502   0.00749  -0.0539   0.4318   1.0000
   5.500   0.8883   0.01543   0.00791  -0.0511   0.4164   1.0000
   6.000   0.9284   0.01591   0.00837  -0.0482   0.4012   1.0000
   6.500   0.9685   0.01642   0.00887  -0.0453   0.3859   1.0000
   7.000   1.0085   0.01695   0.00937  -0.0424   0.3704   1.0000
   7.500   1.0479   0.01749   0.00988  -0.0394   0.3543   1.0000
   8.000   1.0863   0.01804   0.01042  -0.0362   0.3376   1.0000
   8.500   1.1234   0.01859   0.01100  -0.0329   0.3201   1.0000
   9.000   1.1585   0.01915   0.01164  -0.0294   0.3017   1.0000
   9.500   1.1912   0.01977   0.01234  -0.0255   0.2819   1.0000
  10.000   1.2204   0.02052   0.01314  -0.0213   0.2611   1.0000
