  
       XFOIL         Version 6.99
  
 Calculated polar for: NACA 3212                                       
  
 1 1 Reynolds number fixed          Mach number fixed         
  
 xtrf =   1.000 (top)        1.000 (bottom)  
 Mach =   0.050     Re =     0.200 e 6     Ncrit =   9.000
  
   alpha    CL        CD       CDp       CM     Top_Xtr  Bot_Xtr
  ------ -------- --------- --------- -------- -------- --------
  -2.000   0.1149   0.01402   0.00634  -0.0607   0.8639   0.1035
  -1.500   0.1669   0.01297   0.00529  -0.0591   0.8321   0.1262
  -1.000   0.2180   0.01206   0.00440  -0.0574   0.7960   0.1715
  -0.500   0.2497   0.00950   0.00436  -0.0507   0.7574   0.8852
   0.000   0.3621   0.00980   0.00426  -0.0603   0.7055   0.9891
   0.500   0.4313   0.00998   0.00396  -0.0631   0.6476   1.0000
   1.000   0.4751   0.01027   0.00382  -0.0607   0.5854   1.0000
   1.500   0.5178   0.01075   0.00382  -0.0581   0.5179   1.0000
   2.000   0.5602   0.01137   0.00398  -0.0555   0.4561   1.0000
   2.500   0.6039   0.01205   0.00426  -0.0533   0.4130   1.0000
   3.000   0.6493   0.01273   0.00462  -0.0514   0.3852   1.0000
   3.500   0.6971   0.01338   0.00507  -0.0499   0.3668   1.0000
   4.000   0.7463   0.01405   0.00557  -0.0487   0.3527   1.0000
   4.500   0.7966   0.01465   0.00615  -0.0478   0.3412   1.0000
   5.000   0.8478   0.01541   0.00683  -0.0470   0.3324   1.0000
   5.500   0.8991   0.01609   0.00750  -0.0463   0.3234   1.0000
   6.000   0.9510   0.01695   0.00837  -0.0459   0.3164   1.0000
   6.500   1.0024   0.01769   0.00918  -0.0453   0.3085   1.0000
   7.000   1.0546   0.01872   0.01022  -0.0449   0.3019   1.0000
   7.500   1.1046   0.01953   0.01121  -0.0442   0.2945   1.0000
   8.000   1.1572   0.02071   0.01236  -0.0441   0.2874   1.0000
   8.500   1.2041   0.02153   0.01351  -0.0428   0.2795   1.0000
   9.000   1.2549   0.02264   0.01461  -0.0425   0.2711   1.0000
   9.500   1.2982   0.02308   0.01527  -0.0407   0.2593   1.0000
  10.000   1.3397   0.02371   0.01612  -0.0387   0.2472   1.0000
