  
       XFOIL         Version 6.99
  
 Calculated polar for: NACA 3606                                       
  
 1 1 Reynolds number fixed          Mach number fixed         
  
 xtrf =   1.000 (top)        1.000 (bottom)  
 Mach =   0.050     Re =     0.200 e 6     Ncrit =   9.000
  
   alpha    CL        CD       CDp       CM     Top_Xtr  Bot_Xtr
  ------ -------- --------- --------- -------- -------- --------
  -2.000   0.0460   0.01201   0.00545  -0.0832   1.0000   0.3532
  -1.500   0.1044   0.01149   0.00570  -0.0843   1.0000   0.6149
  -1.000   0.1417   0.01080   0.00582  -0.0800   1.0000   0.9573
   0.000   0.2777   0.01171   0.00625  -0.0869   0.9881   1.0000
   0.500   0.3545   0.01212   0.00657  -0.0918   0.9787   1.0000
   1.000   0.4363   0.01243   0.00687  -0.0976   0.9695   1.0000
   1.500   0.5113   0.01255   0.00709  -0.1018   0.9566   1.0000
   2.000   0.5875   0.01243   0.00714  -0.1057   0.9416   1.0000
   2.500   0.6773   0.01105   0.00606  -0.1101   0.9145   1.0000
   3.000   0.7384   0.00940   0.00459  -0.1072   0.8552   1.0000
   3.500   0.7834   0.00958   0.00384  -0.1014   0.5867   1.0000
   4.000   0.7938   0.01507   0.00631  -0.0937   0.0597   1.0000
   4.500   0.8373   0.01729   0.00859  -0.0910   0.0399   1.0000
   5.000   0.8825   0.02057   0.01201  -0.0884   0.0325   1.0000
   5.500   0.9349   0.02434   0.01613  -0.0866   0.0289   1.0000
   6.000   0.9862   0.03128   0.02392  -0.0836   0.0323   1.0000
