  
       XFOIL         Version 6.99
  
 Calculated polar for: NACA 3314                                       
  
 1 1 Reynolds number fixed          Mach number fixed         
  
 xtrf =   1.000 (top)        1.000 (bottom)  
 Mach =   0.050     Re =     0.200 e 6     Ncrit =   9.000
  
   alpha    CL        CD       CDp       CM     Top_Xtr  Bot_Xtr
  ------ -------- --------- --------- -------- -------- --------
  -2.000   0.1166   0.01176   0.00500  -0.0696   0.8221   0.3731
  -1.500   0.1558   0.01053   0.00493  -0.0652   0.7920   0.6968
  -1.000   0.2034   0.01027   0.00491  -0.0615   0.7609   0.8302
  -0.500   0.2623   0.01042   0.00495  -0.0600   0.7268   0.9103
   0.000   0.3430   0.01077   0.00499  -0.0636   0.6874   0.9598
   0.500   0.4454   0.01111   0.00491  -0.0726   0.6446   0.9873
   1.000   0.5238   0.01131   0.00478  -0.0777   0.6028   1.0000
   1.500   0.5666   0.01156   0.00474  -0.0756   0.5705   1.0000
   2.000   0.6100   0.01189   0.00482  -0.0734   0.5431   1.0000
   2.500   0.6546   0.01231   0.00501  -0.0714   0.5205   1.0000
   3.000   0.7000   0.01273   0.00529  -0.0695   0.5011   1.0000
   3.500   0.7465   0.01321   0.00563  -0.0677   0.4844   1.0000
   4.500   0.8413   0.01421   0.00647  -0.0646   0.4555   1.0000
   5.000   0.8896   0.01476   0.00701  -0.0632   0.4423   1.0000
   5.500   0.9387   0.01536   0.00758  -0.0620   0.4299   1.0000
   6.000   0.9892   0.01602   0.00815  -0.0611   0.4175   1.0000
   6.500   1.0368   0.01653   0.00878  -0.0596   0.4043   1.0000
   7.000   1.0847   0.01715   0.00945  -0.0583   0.3907   1.0000
   7.500   1.1319   0.01776   0.01011  -0.0569   0.3765   1.0000
   8.000   1.1778   0.01833   0.01073  -0.0552   0.3612   1.0000
   8.500   1.2219   0.01887   0.01133  -0.0533   0.3452   1.0000
   9.000   1.2634   0.01940   0.01196  -0.0510   0.3283   1.0000
   9.500   1.3016   0.01992   0.01262  -0.0481   0.3101   1.0000
  10.000   1.3360   0.02047   0.01331  -0.0447   0.2901   1.0000
