  
       XFOIL         Version 6.99
  
 Calculated polar for: NACA 6722                                       
  
 1 1 Reynolds number fixed          Mach number fixed         
  
 xtrf =   1.000 (top)        1.000 (bottom)  
 Mach =   0.050     Re =     0.200 e 6     Ncrit =   9.000
  
   alpha    CL        CD       CDp       CM     Top_Xtr  Bot_Xtr
  ------ -------- --------- --------- -------- -------- --------
  -1.500   0.3108   0.03060   0.02355  -0.1625   0.7948   0.3659
  -0.500   0.4467   0.02877   0.02187  -0.1661   0.7777   0.4157
   0.500   0.5694   0.02706   0.02034  -0.1671   0.7557   0.4661
   1.000   0.6342   0.02593   0.01929  -0.1680   0.7456   0.4924
   2.000   0.7809   0.02317   0.01664  -0.1723   0.7256   0.5479
   2.500   0.8555   0.02201   0.01549  -0.1748   0.7097   0.5752
   3.000   0.9405   0.02078   0.01419  -0.1792   0.6926   0.6027
   3.500   1.0214   0.02012   0.01341  -0.1830   0.6716   0.6282
   4.000   1.0894   0.02014   0.01332  -0.1848   0.6486   0.6504
   4.500   1.1453   0.02057   0.01365  -0.1845   0.6258   0.6704
   5.000   1.1906   0.02124   0.01425  -0.1825   0.6035   0.6898
   5.500   1.2324   0.02197   0.01491  -0.1799   0.5823   0.7092
   6.000   1.2685   0.02279   0.01571  -0.1765   0.5616   0.7283
   6.500   1.3017   0.02367   0.01658  -0.1727   0.5416   0.7473
   7.000   1.3342   0.02458   0.01751  -0.1688   0.5221   0.7663
   7.500   1.3662   0.02553   0.01848  -0.1650   0.5031   0.7854
   8.000   1.3985   0.02649   0.01946  -0.1614   0.4846   0.8049
   8.500   1.4303   0.02750   0.02047  -0.1578   0.4666   0.8252
   9.000   1.4619   0.02853   0.02151  -0.1542   0.4489   0.8471
   9.500   1.4921   0.02962   0.02257  -0.1505   0.4316   0.8725
  10.000   1.5122   0.03064   0.02369  -0.1450   0.4147   0.9206
