  
       XFOIL         Version 6.99
  
 Calculated polar for: NACA 5736                                       
  
 1 1 Reynolds number fixed          Mach number fixed         
  
 xtrf =   1.000 (top)        1.000 (bottom)  
 Mach =   0.050     Re =     0.200 e 6     Ncrit =   9.000
  
   alpha    CL        CD       CDp       CM     Top_Xtr  Bot_Xtr
  ------ -------- --------- --------- -------- -------- --------
  -2.000   0.1049   0.02490   0.01679  -0.1070   0.6545   0.3783
  -1.500   0.1582   0.02494   0.01664  -0.1076   0.6414   0.3886
  -1.000   0.2197   0.02467   0.01645  -0.1092   0.6290   0.3994
  -0.500   0.2584   0.02511   0.01683  -0.1072   0.6159   0.4100
   0.000   0.3213   0.02488   0.01657  -0.1091   0.6044   0.4213
   0.500   0.3560   0.02550   0.01722  -0.1065   0.5919   0.4322
   1.000   0.4132   0.02544   0.01709  -0.1075   0.5809   0.4443
   1.500   0.4518   0.02610   0.01781  -0.1055   0.5694   0.4555
   2.000   0.4997   0.02635   0.01798  -0.1052   0.5585   0.4681
   2.500   0.5503   0.02679   0.01848  -0.1051   0.5482   0.4805
   3.000   0.5834   0.02757   0.01921  -0.1025   0.5372   0.4929
   3.500   0.6570   0.02747   0.01910  -0.1061   0.5282   0.5075
   4.000   0.6648   0.02892   0.02067  -0.0997   0.5171   0.5196
   4.500   0.7314   0.02888   0.02057  -0.1022   0.5084   0.5343
   5.000   0.7473   0.03043   0.02226  -0.0973   0.4981   0.5475
   5.500   0.7934   0.03095   0.02277  -0.0968   0.4891   0.5618
   6.000   0.8405   0.03178   0.02361  -0.0965   0.4805   0.5772
   6.500   0.8565   0.03339   0.02533  -0.0922   0.4707   0.5906
   7.000   0.9287   0.03332   0.02516  -0.0952   0.4632   0.6075
   7.500   0.9222   0.03603   0.02806  -0.0882   0.4534   0.6203
   8.000   0.9664   0.03678   0.02886  -0.0874   0.4455   0.6353
   8.500   1.0045   0.03815   0.03019  -0.0865   0.4375   0.6512
   9.000   1.0060   0.04085   0.03312  -0.0809   0.4283   0.6634
   9.500   1.0790   0.04057   0.03262  -0.0841   0.4218   0.6815
  10.000   1.0491   0.04519   0.03761  -0.0756   0.4121   0.6917
