  
       XFOIL         Version 6.99
  
 Calculated polar for: NACA 8320                                       
  
 1 1 Reynolds number fixed          Mach number fixed         
  
 xtrf =   1.000 (top)        1.000 (bottom)  
 Mach =   0.050     Re =     0.200 e 6     Ncrit =   9.000
  
   alpha    CL        CD       CDp       CM     Top_Xtr  Bot_Xtr
  ------ -------- --------- --------- -------- -------- --------
  -2.000   0.5584   0.02205   0.01285  -0.1440   0.5095   0.0990
  -1.500   0.6048   0.02153   0.01191  -0.1422   0.4924   0.1060
  -1.000   0.6543   0.02132   0.01153  -0.1413   0.4792   0.1137
  -0.500   0.7035   0.02108   0.01115  -0.1403   0.4683   0.1224
   0.000   0.7568   0.02104   0.01098  -0.1401   0.4597   0.1334
   0.500   0.8069   0.02100   0.01092  -0.1393   0.4518   0.1462
   1.000   0.8661   0.02122   0.01096  -0.1404   0.4448   0.1634
   1.500   0.9137   0.02136   0.01119  -0.1392   0.4392   0.1829
   2.000   0.9646   0.02148   0.01143  -0.1389   0.4340   0.2089
   2.500   1.0193   0.02166   0.01168  -0.1393   0.4294   0.2510
   3.000   1.0805   0.02078   0.01239  -0.1405   0.4250   1.0000
   3.500   1.1225   0.02147   0.01302  -0.1385   0.4209   1.0000
   4.000   1.1694   0.02227   0.01372  -0.1376   0.4169   1.0000
   4.500   1.2197   0.02309   0.01442  -0.1373   0.4133   1.0000
   5.000   1.2751   0.02398   0.01515  -0.1381   0.4099   1.0000
   5.500   1.3351   0.02527   0.01628  -0.1399   0.4063   1.0000
   6.000   1.3682   0.02626   0.01738  -0.1368   0.4033   1.0000
   6.500   1.4023   0.02742   0.01863  -0.1340   0.4002   1.0000
   7.000   1.4385   0.02864   0.01989  -0.1317   0.3971   1.0000
   7.500   1.4801   0.02981   0.02107  -0.1305   0.3940   1.0000
   8.000   1.5340   0.03092   0.02208  -0.1314   0.3908   1.0000
   8.500   1.5860   0.03278   0.02393  -0.1324   0.3878   1.0000
   9.000   1.5863   0.03480   0.02622  -0.1248   0.3854   1.0000
   9.500   1.5838   0.03740   0.02909  -0.1178   0.3823   1.0000
  10.000   1.5856   0.04014   0.03202  -0.1120   0.3787   1.0000
