  
       XFOIL         Version 6.99
  
 Calculated polar for: NACA 9012                                       
  
 1 1 Reynolds number fixed          Mach number fixed         
  
 xtrf =   1.000 (top)        1.000 (bottom)  
 Mach =   0.050     Re =     0.200 e 6     Ncrit =   9.000
  
   alpha    CL        CD       CDp       CM     Top_Xtr  Bot_Xtr
  ------ -------- --------- --------- -------- -------- --------
  -2.000   0.6575   0.01041   0.00447  -0.0674   0.6717   1.0001
  -1.500   0.7065   0.01073   0.00463  -0.0658   0.6302   1.0001
  -1.000   0.7546   0.01114   0.00486  -0.0641   0.5843   1.0001
  -0.500   0.8016   0.01163   0.00519  -0.0624   0.5343   1.0001
   0.000   0.8475   0.01220   0.00561  -0.0606   0.4795   1.0001
   0.500   0.8915   0.01294   0.00613  -0.0587   0.4201   1.0001
   1.000   0.9336   0.01383   0.00679  -0.0567   0.3540   1.0001
   1.500   0.9729   0.01498   0.00763  -0.0545   0.2807   1.0001
   2.000   1.0090   0.01646   0.00874  -0.0520   0.2051   1.0001
   2.500   1.0424   0.01825   0.01016  -0.0493   0.1454   1.0001
   3.000   1.0737   0.02018   0.01187  -0.0462   0.1108   1.0001
   3.500   1.1056   0.02200   0.01365  -0.0434   0.0904   1.0001
   4.000   1.1337   0.02399   0.01562  -0.0400   0.0775   1.0001
   4.500   1.1617   0.02604   0.01772  -0.0368   0.0684   1.0001
   5.000   1.1900   0.02840   0.02017  -0.0339   0.0612   1.0001
   5.500   1.2215   0.03120   0.02292  -0.0320   0.0556   1.0001
   6.000   1.2486   0.03347   0.02547  -0.0294   0.0511   1.0001
   6.500   1.2834   0.03686   0.02888  -0.0283   0.0473   1.0001
   7.000   1.3021   0.03988   0.03231  -0.0252   0.0444   1.0001
   7.500   1.3219   0.04301   0.03560  -0.0230   0.0418   1.0001
   8.000   1.3370   0.04800   0.04091  -0.0208   0.0400   1.0001
   8.500   1.3272   0.05342   0.04690  -0.0172   0.0389   1.0001
   9.000   1.3104   0.05993   0.05392  -0.0150   0.0378   1.0001
   9.500   1.2891   0.06744   0.06185  -0.0145   0.0369   1.0001
  10.000   1.2653   0.07597   0.07074  -0.0156   0.0362   1.0001
