  
       XFOIL         Version 6.99
  
 Calculated polar for: NACA 5330                                       
  
 1 1 Reynolds number fixed          Mach number fixed         
  
 xtrf =   1.000 (top)        1.000 (bottom)  
 Mach =   0.050     Re =     0.200 e 6     Ncrit =   9.000
  
   alpha    CL        CD       CDp       CM     Top_Xtr  Bot_Xtr
  ------ -------- --------- --------- -------- -------- --------
  -2.000   0.2223   0.01986   0.01067  -0.0767   0.5158   0.3043
  -1.500   0.2537   0.01938   0.01048  -0.0726   0.5042   0.3628
  -1.000   0.2708   0.01898   0.01062  -0.0657   0.4931   0.4793
  -0.500   0.3127   0.01917   0.01090  -0.0631   0.4830   0.5560
   0.000   0.3444   0.01942   0.01128  -0.0587   0.4735   0.6008
   0.500   0.4065   0.01989   0.01159  -0.0599   0.4653   0.6400
   1.000   0.4349   0.02029   0.01217  -0.0551   0.4581   0.6703
   1.500   0.4791   0.02071   0.01261  -0.0532   0.4509   0.7013
   2.000   0.5439   0.02126   0.01307  -0.0549   0.4447   0.7333
   2.500   0.5725   0.02190   0.01392  -0.0504   0.4394   0.7639
   3.000   0.6119   0.02250   0.01462  -0.0477   0.4336   0.7958
   3.500   0.6634   0.02304   0.01514  -0.0471   0.4286   0.8281
   4.000   0.7161   0.02396   0.01607  -0.0466   0.4240   0.8621
   4.500   0.7350   0.02504   0.01735  -0.0404   0.4196   0.9028
   5.500   0.8687   0.02736   0.01956  -0.0461   0.4100   0.9556
   6.000   0.9714   0.02887   0.02090  -0.0562   0.4054   0.9656
   6.500   1.0233   0.03078   0.02299  -0.0592   0.4005   0.9820
   7.000   1.0945   0.03242   0.02466  -0.0652   0.3958   0.9946
   7.500   1.1440   0.03318   0.02533  -0.0666   0.3921   1.0000
   8.000   1.1826   0.03356   0.02549  -0.0649   0.3886   1.0000
   8.500   1.1132   0.03578   0.02795  -0.0476   0.3853   1.0000
   9.000   1.0328   0.04045   0.03294  -0.0321   0.3806   1.0000
   9.500   1.0020   0.04491   0.03754  -0.0248   0.3754   1.0000
  10.000   1.0639   0.04493   0.03739  -0.0262   0.3724   1.0000
