  
       XFOIL         Version 6.99
  
 Calculated polar for: NACA 8518                                       
  
 1 1 Reynolds number fixed          Mach number fixed         
  
 xtrf =   1.000 (top)        1.000 (bottom)  
 Mach =   0.050     Re =     0.200 e 6     Ncrit =   9.000
  
   alpha    CL        CD       CDp       CM     Top_Xtr  Bot_Xtr
  ------ -------- --------- --------- -------- -------- --------
  -2.000   0.6485   0.02103   0.01316  -0.2126   0.7553   0.2018
  -1.500   0.7268   0.02013   0.01231  -0.2168   0.7503   0.2292
  -1.000   0.7730   0.02028   0.01249  -0.2153   0.7403   0.2545
  -0.500   0.8404   0.01979   0.01202  -0.2175   0.7331   0.2871
   0.000   0.8999   0.01971   0.01195  -0.2183   0.7249   0.3222
   0.500   0.9531   0.01963   0.01198  -0.2180   0.7154   0.3587
   1.000   1.0184   0.01944   0.01184  -0.2199   0.7078   0.4035
   1.500   1.0642   0.01959   0.01212  -0.2181   0.6973   0.4486
   2.000   1.1251   0.01949   0.01214  -0.2193   0.6889   0.5076
   3.000   1.2201   0.01936   0.01273  -0.2162   0.6693   0.7449
   3.500   1.2677   0.01922   0.01268  -0.2144   0.6594   1.0000
   4.000   1.3068   0.01986   0.01324  -0.2116   0.6487   1.0000
   4.500   1.3731   0.01992   0.01312  -0.2138   0.6397   1.0000
   5.000   1.3967   0.02084   0.01406  -0.2082   0.6279   1.0000
   5.500   1.4760   0.02071   0.01373  -0.2128   0.6196   1.0000
   6.000   1.4868   0.02188   0.01499  -0.2049   0.6069   1.0000
   6.500   1.5368   0.02235   0.01541  -0.2042   0.5968   1.0000
   7.000   1.5777   0.02294   0.01597  -0.2019   0.5856   1.0000
   7.500   1.5998   0.02415   0.01725  -0.1966   0.5736   1.0000
   8.000   1.6731   0.02401   0.01697  -0.1999   0.5642   1.0000
   8.500   1.6746   0.02571   0.01882  -0.1913   0.5508   1.0000
   9.000   1.7007   0.02696   0.02013  -0.1870   0.5388   1.0000
   9.500   1.7610   0.02702   0.02010  -0.1880   0.5281   1.0000
  10.000   1.7602   0.02917   0.02242  -0.1799   0.5143   1.0000
