  
       XFOIL         Version 6.99
  
 Calculated polar for: NACA 7518                                       
  
 1 1 Reynolds number fixed          Mach number fixed         
  
 xtrf =   1.000 (top)        1.000 (bottom)  
 Mach =   0.050     Re =     0.200 e 6     Ncrit =   9.000
  
   alpha    CL        CD       CDp       CM     Top_Xtr  Bot_Xtr
  ------ -------- --------- --------- -------- -------- --------
  -2.000   0.5697   0.01898   0.01122  -0.1927   0.7672   0.2395
  -1.500   0.6432   0.01842   0.01061  -0.1959   0.7611   0.2716
  -1.000   0.6888   0.01838   0.01069  -0.1940   0.7491   0.3004
  -0.500   0.7566   0.01805   0.01034  -0.1962   0.7415   0.3384
   0.000   0.8068   0.01797   0.01040  -0.1952   0.7303   0.3749
   0.500   0.8650   0.01788   0.01039  -0.1957   0.7207   0.4182
   1.000   0.9235   0.01769   0.01029  -0.1961   0.7106   0.4681
   1.500   0.9723   0.01779   0.01057  -0.1948   0.6994   0.5226
   2.000   1.0379   0.01742   0.01036  -0.1966   0.6903   0.6022
   2.500   1.0743   0.01743   0.01086  -0.1927   0.6779   0.7305
   3.000   1.1390   0.01695   0.01049  -0.1938   0.6689   1.0000
   3.500   1.1800   0.01744   0.01091  -0.1912   0.6560   1.0000
   4.000   1.2283   0.01789   0.01126  -0.1900   0.6444   1.0000
   4.500   1.2923   0.01802   0.01121  -0.1916   0.6339   1.0000
   5.000   1.3264   0.01867   0.01188  -0.1877   0.6206   1.0000
   5.500   1.3752   0.01913   0.01227  -0.1866   0.6089   1.0000
   6.000   1.4301   0.01943   0.01246  -0.1866   0.5971   1.0000
   6.500   1.4558   0.02020   0.01329  -0.1812   0.5836   1.0000
   7.000   1.4970   0.02081   0.01387  -0.1788   0.5712   1.0000
   7.500   1.5535   0.02114   0.01409  -0.1792   0.5590   1.0000
   8.000   1.5704   0.02219   0.01525  -0.1726   0.5448   1.0000
   8.500   1.5988   0.02317   0.01627  -0.1683   0.5311   1.0000
   9.000   1.6362   0.02395   0.01703  -0.1656   0.5177   1.0000
   9.500   1.6779   0.02460   0.01762  -0.1636   0.5037   1.0000
  10.000   1.6872   0.02619   0.01934  -0.1566   0.4884   1.0000
