  
       XFOIL         Version 6.99
  
 Calculated polar for: NACA 8326                                       
  
 1 1 Reynolds number fixed          Mach number fixed         
  
 xtrf =   1.000 (top)        1.000 (bottom)  
 Mach =   0.050     Re =     0.200 e 6     Ncrit =   9.000
  
   alpha    CL        CD       CDp       CM     Top_Xtr  Bot_Xtr
  ------ -------- --------- --------- -------- -------- --------
  -2.000   0.4568   0.02365   0.01371  -0.1194   0.4795   0.1335
  -1.500   0.5045   0.02366   0.01362  -0.1183   0.4694   0.1406
  -1.000   0.5494   0.02353   0.01342  -0.1168   0.4606   0.1483
  -0.500   0.6071   0.02367   0.01334  -0.1175   0.4533   0.1583
   0.000   0.6490   0.02380   0.01359  -0.1157   0.4465   0.1683
   0.500   0.6988   0.02389   0.01365  -0.1152   0.4404   0.1805
   1.000   0.7631   0.02411   0.01377  -0.1173   0.4352   0.1971
   1.500   0.8025   0.02448   0.01429  -0.1152   0.4309   0.2142
   2.000   0.8483   0.02481   0.01475  -0.1143   0.4266   0.2375
   2.500   0.8992   0.02500   0.01503  -0.1144   0.4224   0.2770
   3.000   0.9467   0.02394   0.01595  -0.1123   0.4187   0.9066
   3.500   1.0154   0.02508   0.01698  -0.1161   0.4151   1.0000
   4.000   1.0432   0.02612   0.01798  -0.1125   0.4120   1.0000
   4.500   1.0776   0.02722   0.01903  -0.1101   0.4087   1.0000
   5.000   1.1186   0.02824   0.01994  -0.1089   0.4054   1.0000
   5.500   1.1720   0.02915   0.02066  -0.1097   0.4023   1.0000
   6.000   1.2393   0.03047   0.02178  -0.1129   0.3993   1.0000
   6.500   1.2466   0.03236   0.02383  -0.1070   0.3971   1.0000
   7.000   1.2492   0.03473   0.02638  -0.1010   0.3941   1.0000
   7.500   1.2516   0.03744   0.02922  -0.0957   0.3907   1.0000
   8.000   1.2603   0.04025   0.03213  -0.0917   0.3877   1.0000
   8.500   1.2856   0.04256   0.03443  -0.0898   0.3851   1.0000
   9.000   1.3399   0.04387   0.03562  -0.0911   0.3827   1.0000
