  
       XFOIL         Version 6.99
  
 Calculated polar for: NACA 1738                                       
  
 1 1 Reynolds number fixed          Mach number fixed         
  
 xtrf =   1.000 (top)        1.000 (bottom)  
 Mach =   0.050     Re =     0.200 e 6     Ncrit =   9.000
  
   alpha    CL        CD       CDp       CM     Top_Xtr  Bot_Xtr
  ------ -------- --------- --------- -------- -------- --------
  -2.000  -0.0637   0.02418   0.01553  -0.0364   0.5713   0.4524
  -1.500  -0.0381   0.02415   0.01558  -0.0313   0.5594   0.4610
  -1.000  -0.0129   0.02411   0.01532  -0.0263   0.5487   0.4710
  -0.500   0.0058   0.02400   0.01539  -0.0200   0.5374   0.4799
   0.000   0.0560   0.02400   0.01524  -0.0195   0.5268   0.4909
   0.500   0.0455   0.02391   0.01523  -0.0079   0.5170   0.5000
   1.000   0.0801   0.02391   0.01528  -0.0045   0.5069   0.5102
   1.500   0.1090   0.02407   0.01532  -0.0003   0.4974   0.5216
   2.000   0.1313   0.02422   0.01565   0.0050   0.4874   0.5322
   2.500   0.1966   0.02429   0.01552   0.0028   0.4780   0.5456
   3.000   0.1960   0.02477   0.01622   0.0117   0.4689   0.5562
   3.500   0.2372   0.02498   0.01642   0.0135   0.4600   0.5692
   4.000   0.2752   0.02538   0.01682   0.0156   0.4513   0.5823
   4.500   0.2963   0.02600   0.01759   0.0204   0.4423   0.5951
   5.000   0.3614   0.02603   0.01744   0.0182   0.4342   0.6103
   5.500   0.3639   0.02718   0.01887   0.0253   0.4257   0.6231
   6.000   0.4018   0.02760   0.01924   0.0271   0.4176   0.6384
   6.500   0.4489   0.02822   0.01994   0.0275   0.4100   0.6536
   7.000   0.4537   0.02958   0.02142   0.0333   0.4016   0.6687
   7.500   0.5119   0.02975   0.02160   0.0323   0.3946   0.6853
   8.000   0.5182   0.03153   0.02351   0.0372   0.3868   0.7014
   8.500   0.5424   0.03270   0.02484   0.0400   0.3791   0.7182
   9.000   0.6172   0.03257   0.02452   0.0369   0.3728   0.7372
   9.500   0.5769   0.03618   0.02859   0.0461   0.3645   0.7538
  10.000   0.6253   0.03660   0.02895   0.0459   0.3581   0.7735
