  
       XFOIL         Version 6.99
  
 Calculated polar for: NACA 8610                                       
  
 1 1 Reynolds number fixed          Mach number fixed         
  
 xtrf =   1.000 (top)        1.000 (bottom)  
 Mach =   0.050     Re =     0.200 e 6     Ncrit =   9.000
  
   alpha    CL        CD       CDp       CM     Top_Xtr  Bot_Xtr
  ------ -------- --------- --------- -------- -------- --------
  -1.500   0.5518   0.03602   0.02875  -0.2221   0.8655   0.1486
  -1.000   0.6311   0.03586   0.02875  -0.2271   0.8625   0.2128
  -0.500   0.6699   0.03650   0.02956  -0.2250   0.8518   0.2685
   0.000   0.7493   0.03627   0.02950  -0.2294   0.8493   0.3521
   0.500   0.7865   0.03701   0.03042  -0.2268   0.8374   0.4148
   1.000   0.8646   0.03663   0.03022  -0.2306   0.8349   0.5014
   1.500   0.9031   0.03727   0.03104  -0.2278   0.8224   0.5649
   2.500   1.0218   0.03693   0.03103  -0.2287   0.8074   0.6968
   3.500   1.1124   0.03661   0.03117  -0.2246   0.7842   1.0000
   4.000   1.1851   0.03555   0.03013  -0.2270   0.7794   1.0000
   4.500   1.2629   0.03403   0.02866  -0.2300   0.7766   1.0000
   5.000   1.3135   0.03352   0.02828  -0.2285   0.7642   1.0000
   5.500   1.3968   0.03097   0.02591  -0.2318   0.7625   1.0000
   6.500   1.5219   0.02421   0.01943  -0.2282   0.7217   1.0000
   7.000   1.5566   0.02384   0.01918  -0.2233   0.6828   1.0000
   7.500   1.6265   0.02140   0.01627  -0.2230   0.5852   1.0000
   8.000   1.6248   0.02413   0.01831  -0.2125   0.4767   1.0000
   8.500   1.5985   0.02872   0.02224  -0.1995   0.3587   1.0000
   9.000   1.5615   0.03499   0.02749  -0.1866   0.2057   1.0000
   9.500   1.5361   0.04129   0.03290  -0.1764   0.0926   1.0000
  10.000   1.5329   0.04617   0.03763  -0.1694   0.0663   1.0000
