  
       XFOIL         Version 6.99
  
 Calculated polar for: NACA 8506                                       
  
 1 1 Reynolds number fixed          Mach number fixed         
  
 xtrf =   1.000 (top)        1.000 (bottom)  
 Mach =   0.050     Re =     0.200 e 6     Ncrit =   9.000
  
   alpha    CL        CD       CDp       CM     Top_Xtr  Bot_Xtr
  ------ -------- --------- --------- -------- -------- --------
  -2.000   0.6635   0.02155   0.01480  -0.2283   0.8755   0.0473
  -1.000   0.8130   0.01797   0.01075  -0.2362   0.8668   0.1207
   0.000   0.9373   0.01683   0.01009  -0.2392   0.8534   0.3569
   0.500   0.9908   0.01643   0.01031  -0.2392   0.8438   0.6074
   1.000   1.0516   0.01547   0.00958  -0.2395   0.8391   1.0000
   1.500   1.1022   0.01577   0.00979  -0.2386   0.8282   1.0000
   2.000   1.1556   0.01596   0.00994  -0.2382   0.8184   1.0000
   2.500   1.2200   0.01560   0.00962  -0.2397   0.8123   1.0000
   3.000   1.2706   0.01590   0.01001  -0.2387   0.8008   1.0000
   3.500   1.3224   0.01615   0.01046  -0.2380   0.7895   1.0000
   4.000   1.3761   0.01630   0.01082  -0.2375   0.7781   1.0000
   4.500   1.4336   0.01424   0.00882  -0.2348   0.7388   1.0000
   5.000   1.4667   0.01365   0.00806  -0.2278   0.6522   1.0000
   5.500   1.4191   0.01780   0.01011  -0.2068   0.3289   1.0000
   6.000   1.3707   0.02416   0.01472  -0.1899   0.0532   1.0000
   6.500   1.3772   0.02752   0.01828  -0.1818   0.0350   1.0000
   7.000   1.3778   0.03153   0.02251  -0.1736   0.0296   1.0000
   7.500   1.3880   0.03515   0.02629  -0.1670   0.0251   1.0000
   8.000   1.4102   0.03906   0.03033  -0.1612   0.0229   1.0000
   8.500   1.4335   0.03874   0.03076  -0.1494   0.0209   1.0000
