  
       XFOIL         Version 6.99
  
 Calculated polar for: NACA 6320                                       
  
 1 1 Reynolds number fixed          Mach number fixed         
  
 xtrf =   1.000 (top)        1.000 (bottom)  
 Mach =   0.050     Re =     0.200 e 6     Ncrit =   9.000
  
   alpha    CL        CD       CDp       CM     Top_Xtr  Bot_Xtr
  ------ -------- --------- --------- -------- -------- --------
  -2.000   0.4041   0.01785   0.00857  -0.1163   0.5757   0.1493
  -1.500   0.4504   0.01763   0.00827  -0.1144   0.5501   0.1632
  -1.000   0.4977   0.01753   0.00806  -0.1127   0.5282   0.1801
  -0.500   0.5457   0.01743   0.00790  -0.1113   0.5100   0.2016
   0.000   0.5952   0.01739   0.00781  -0.1103   0.4947   0.2309
   0.500   0.6420   0.01714   0.00776  -0.1089   0.4819   0.2822
   1.000   0.6744   0.01584   0.00836  -0.1036   0.4728   0.8309
   1.500   0.7780   0.01656   0.00900  -0.1122   0.4614   0.9833
   2.000   0.8636   0.01725   0.00940  -0.1189   0.4526   1.0000
   2.500   0.8986   0.01766   0.00969  -0.1154   0.4460   1.0000
   3.000   0.9419   0.01818   0.01001  -0.1134   0.4402   1.0000
   3.500   0.9884   0.01888   0.01056  -0.1121   0.4345   1.0000
   4.000   1.0293   0.01947   0.01113  -0.1097   0.4289   1.0000
   4.500   1.0771   0.02013   0.01169  -0.1086   0.4239   1.0000
   5.000   1.1324   0.02093   0.01232  -0.1091   0.4192   1.0000
   5.500   1.1768   0.02182   0.01323  -0.1076   0.4145   1.0000
   6.000   1.2188   0.02266   0.01413  -0.1058   0.4099   1.0000
   6.500   1.2657   0.02350   0.01495  -0.1048   0.4055   1.0000
   7.000   1.3214   0.02437   0.01571  -0.1056   0.4010   1.0000
   7.500   1.3675   0.02565   0.01702  -0.1048   0.3970   1.0000
   8.000   1.3988   0.02679   0.01834  -0.1015   0.3929   1.0000
   8.500   1.4344   0.02787   0.01951  -0.0989   0.3882   1.0000
   9.000   1.4825   0.02887   0.02050  -0.0986   0.3842   1.0000
   9.500   1.5432   0.03042   0.02197  -0.1007   0.3801   1.0000
  10.000   1.5451   0.03197   0.02383  -0.0928   0.3761   1.0000
