  
       XFOIL         Version 6.99
  
 Calculated polar for: NACA 5222                                       
  
 1 1 Reynolds number fixed          Mach number fixed         
  
 xtrf =   1.000 (top)        1.000 (bottom)  
 Mach =   0.050     Re =     0.200 e 6     Ncrit =   9.000
  
   alpha    CL        CD       CDp       CM     Top_Xtr  Bot_Xtr
  ------ -------- --------- --------- -------- -------- --------
  -2.000   0.3022   0.01850   0.00931  -0.0799   0.5725   0.1244
  -1.500   0.3448   0.01803   0.00876  -0.0772   0.5450   0.1342
  -1.000   0.3842   0.01765   0.00832  -0.0739   0.5150   0.1462
  -0.500   0.4204   0.01735   0.00790  -0.0702   0.4847   0.1619
   0.000   0.4550   0.01710   0.00756  -0.0662   0.4524   0.1894
   0.500   0.4713   0.01562   0.00767  -0.0592   0.4251   0.6335
   1.000   0.5015   0.01582   0.00823  -0.0533   0.3983   0.7781
   1.500   0.5370   0.01645   0.00889  -0.0484   0.3771   0.8638
   2.000   0.5870   0.01740   0.00965  -0.0465   0.3608   0.9258
   2.500   0.6723   0.01871   0.01062  -0.0523   0.3462   0.9631
   3.000   0.7840   0.01991   0.01160  -0.0638   0.3347   0.9815
   3.500   0.9041   0.02111   0.01249  -0.0772   0.3261   0.9966
   4.000   0.9412   0.02152   0.01284  -0.0751   0.3212   1.0000
   4.500   0.9564   0.02187   0.01309  -0.0685   0.3173   1.0000
   5.000   0.9856   0.02245   0.01349  -0.0643   0.3133   1.0000
   5.500   1.0225   0.02323   0.01418  -0.0616   0.3099   1.0000
   6.000   1.0462   0.02385   0.01483  -0.0563   0.3071   1.0000
   6.500   1.0784   0.02464   0.01562  -0.0528   0.3042   1.0000
   7.000   1.1175   0.02554   0.01649  -0.0506   0.3013   1.0000
   7.500   1.1623   0.02649   0.01737  -0.0496   0.2984   1.0000
   8.000   1.2209   0.02776   0.01852  -0.0511   0.2952   1.0000
   8.500   1.2627   0.02923   0.02005  -0.0500   0.2931   1.0000
   9.000   1.2899   0.03056   0.02152  -0.0464   0.2912   1.0000
   9.500   1.3179   0.03209   0.02320  -0.0433   0.2891   1.0000
  10.000   1.3428   0.03377   0.02501  -0.0400   0.2866   1.0000
