  
       XFOIL         Version 6.99
  
 Calculated polar for: NACA 1630                                       
  
 1 1 Reynolds number fixed          Mach number fixed         
  
 xtrf =   1.000 (top)        1.000 (bottom)  
 Mach =   0.050     Re =     0.200 e 6     Ncrit =   9.000
  
   alpha    CL        CD       CDp       CM     Top_Xtr  Bot_Xtr
  ------ -------- --------- --------- -------- -------- --------
  -2.000  -0.0770   0.01864   0.01057  -0.0352   0.6479   0.4739
  -1.500  -0.0357   0.01861   0.01054  -0.0324   0.6301   0.4883
  -1.000   0.0133   0.01852   0.01043  -0.0311   0.6136   0.5028
  -0.500   0.0580   0.01849   0.01026  -0.0289   0.5973   0.5185
   0.000   0.1009   0.01849   0.01040  -0.0264   0.5807   0.5336
   0.500   0.1488   0.01852   0.01038  -0.0249   0.5656   0.5497
   1.000   0.1917   0.01860   0.01040  -0.0223   0.5504   0.5666
   1.500   0.2348   0.01869   0.01061  -0.0199   0.5355   0.5828
   2.000   0.2863   0.01883   0.01063  -0.0191   0.5216   0.6008
   2.500   0.3205   0.01895   0.01086  -0.0150   0.5074   0.6185
   3.000   0.3674   0.01914   0.01109  -0.0133   0.4942   0.6364
   3.500   0.4071   0.01926   0.01120  -0.0104   0.4810   0.6557
   4.000   0.4458   0.01956   0.01157  -0.0073   0.4683   0.6755
   4.500   0.4937   0.01977   0.01177  -0.0058   0.4559   0.6953
   5.000   0.5184   0.02004   0.01219  -0.0003   0.4439   0.7162
   5.500   0.5714   0.02041   0.01243   0.0001   0.4322   0.7389
   6.000   0.5925   0.02087   0.01314   0.0061   0.4207   0.7619
   6.500   0.6411   0.02135   0.01360   0.0073   0.4098   0.7855
   7.000   0.6655   0.02198   0.01442   0.0124   0.3986   0.8111
   7.500   0.7082   0.02261   0.01506   0.0145   0.3883   0.8376
   8.000   0.7321   0.02342   0.01602   0.0195   0.3776   0.8667
   8.500   0.7713   0.02430   0.01690   0.0221   0.3678   0.8955
   9.000   0.8010   0.02542   0.01811   0.0256   0.3574   0.9257
   9.500   0.8555   0.02682   0.01948   0.0244   0.3471   0.9480
  10.000   0.9248   0.02829   0.02089   0.0198   0.3360   0.9621
