  
       XFOIL         Version 6.99
  
 Calculated polar for: NACA 1334                                       
  
 1 1 Reynolds number fixed          Mach number fixed         
  
 xtrf =   1.000 (top)        1.000 (bottom)  
 Mach =   0.050     Re =     0.200 e 6     Ncrit =   9.000
  
   alpha    CL        CD       CDp       CM     Top_Xtr  Bot_Xtr
  ------ -------- --------- --------- -------- -------- --------
  -2.000  -0.0927   0.02100   0.01265  -0.0219   0.5655   0.4902
  -1.500  -0.0595   0.02092   0.01242  -0.0178   0.5526   0.5040
  -1.000  -0.0215   0.02101   0.01263  -0.0147   0.5392   0.5172
  -0.500   0.0180   0.02096   0.01244  -0.0118   0.5272   0.5312
   0.000   0.0527   0.02112   0.01271  -0.0081   0.5152   0.5447
   0.500   0.0932   0.02108   0.01259  -0.0054   0.5040   0.5588
   1.000   0.1294   0.02132   0.01289  -0.0020   0.4933   0.5730
   1.500   0.1662   0.02132   0.01290   0.0012   0.4828   0.5872
   2.000   0.2100   0.02162   0.01317   0.0031   0.4733   0.6026
   2.500   0.2379   0.02171   0.01338   0.0080   0.4635   0.6171
   3.000   0.2962   0.02203   0.01352   0.0071   0.4545   0.6341
   3.500   0.3081   0.02223   0.01398   0.0147   0.4461   0.6490
   4.000   0.3428   0.02243   0.01413   0.0181   0.4378   0.6668
   4.500   0.3944   0.02293   0.01470   0.0184   0.4298   0.6847
   5.000   0.4142   0.02345   0.01538   0.0240   0.4215   0.7024
   5.500   0.4625   0.02378   0.01564   0.0248   0.4142   0.7223
   6.000   0.4960   0.02457   0.01662   0.0278   0.4066   0.7409
   6.500   0.5220   0.02528   0.01746   0.0319   0.3989   0.7616
   7.000   0.5816   0.02562   0.01766   0.0308   0.3920   0.7834
   7.500   0.5908   0.02695   0.01930   0.0371   0.3848   0.8053
   8.000   0.6202   0.02786   0.02033   0.0403   0.3777   0.8273
   8.500   0.6898   0.02829   0.02060   0.0381   0.3711   0.8487
   9.000   0.6703   0.03046   0.02313   0.0473   0.3642   0.8747
   9.500   0.7030   0.03153   0.02422   0.0499   0.3575   0.8986
  10.000   0.7643   0.03265   0.02526   0.0482   0.3512   0.9162
