  
       XFOIL         Version 6.99
  
 Calculated polar for: NACA 1810                                       
  
 1 1 Reynolds number fixed          Mach number fixed         
  
 xtrf =   1.000 (top)        1.000 (bottom)  
 Mach =   0.050     Re =     0.200 e 6     Ncrit =   9.000
  
   alpha    CL        CD       CDp       CM     Top_Xtr  Bot_Xtr
  ------ -------- --------- --------- -------- -------- --------
  -2.000  -0.1836   0.01048   0.00480  -0.0238   1.0000   0.6822
  -1.500  -0.1350   0.01053   0.00507  -0.0220   1.0000   0.7531
  -1.000  -0.0891   0.01070   0.00539  -0.0197   1.0000   0.8131
  -0.500  -0.0473   0.01087   0.00573  -0.0167   0.9998   0.8679
   0.000   0.0332   0.01098   0.00594  -0.0211   0.9840   0.9224
   0.500   0.1247   0.01083   0.00586  -0.0279   0.9654   0.9779
   1.000   0.2268   0.01049   0.00556  -0.0373   0.9465   1.0000
   1.500   0.3158   0.00987   0.00502  -0.0435   0.9205   1.0000
   2.000   0.3898   0.00917   0.00437  -0.0461   0.8746   1.0000
   2.500   0.4725   0.00870   0.00371  -0.0500   0.7823   1.0000
   3.000   0.5235   0.00923   0.00373  -0.0483   0.6720   1.0000
   3.500   0.5682   0.00995   0.00400  -0.0458   0.5665   1.0000
   4.000   0.6126   0.01081   0.00439  -0.0434   0.4563   1.0000
   4.500   0.6568   0.01188   0.00493  -0.0413   0.3353   1.0000
   5.000   0.6999   0.01335   0.00574  -0.0394   0.2034   1.0000
   5.500   0.7427   0.01517   0.00699  -0.0375   0.1181   1.0000
   6.000   0.7879   0.01682   0.00853  -0.0356   0.0852   1.0000
   6.500   0.8328   0.01860   0.01027  -0.0338   0.0686   1.0000
   7.000   0.8786   0.02057   0.01227  -0.0320   0.0580   1.0000
   7.500   0.9249   0.02305   0.01490  -0.0304   0.0506   1.0000
   8.000   0.9710   0.02667   0.01857  -0.0292   0.0452   1.0000
   8.500   1.0147   0.02913   0.02154  -0.0270   0.0413   1.0000
   9.000   1.0550   0.03245   0.02517  -0.0249   0.0383   1.0000
   9.500   1.0819   0.03939   0.03267  -0.0219   0.0367   1.0000
  10.000   1.0934   0.04464   0.03887  -0.0165   0.0353   1.0000
