  
       XFOIL         Version 6.99
  
 Calculated polar for: NACA 3332                                       
  
 1 1 Reynolds number fixed          Mach number fixed         
  
 xtrf =   1.000 (top)        1.000 (bottom)  
 Mach =   0.050     Re =     0.200 e 6     Ncrit =   9.000
  
   alpha    CL        CD       CDp       CM     Top_Xtr  Bot_Xtr
  ------ -------- --------- --------- -------- -------- --------
  -2.000   0.0345   0.01926   0.01106  -0.0435   0.5432   0.5022
  -1.500   0.0708   0.01943   0.01117  -0.0398   0.5300   0.5257
  -1.000   0.1092   0.01957   0.01124  -0.0365   0.5176   0.5477
  -0.500   0.1477   0.01978   0.01154  -0.0333   0.5056   0.5675
   0.000   0.1919   0.01993   0.01163  -0.0313   0.4948   0.5869
   0.500   0.2291   0.02026   0.01191  -0.0280   0.4850   0.6063
   1.000   0.2692   0.02043   0.01216  -0.0252   0.4755   0.6247
   1.500   0.3224   0.02081   0.01249  -0.0251   0.4671   0.6438
   2.000   0.3482   0.02110   0.01284  -0.0199   0.4592   0.6629
   2.500   0.3986   0.02138   0.01314  -0.0191   0.4517   0.6825
   3.000   0.4446   0.02192   0.01372  -0.0178   0.4449   0.7036
   3.500   0.4740   0.02247   0.01440  -0.0136   0.4382   0.7275
   4.000   0.5226   0.02290   0.01483  -0.0125   0.4318   0.7517
   4.500   0.5784   0.02361   0.01557  -0.0130   0.4260   0.7734
   5.000   0.5974   0.02445   0.01664  -0.0074   0.4201   0.7966
   5.500   0.6357   0.02509   0.01733  -0.0050   0.4141   0.8216
   6.000   0.6983   0.02564   0.01778  -0.0064   0.4090   0.8469
   6.500   0.7138   0.02698   0.01934  -0.0006   0.4038   0.8745
   7.000   0.7297   0.02841   0.02095   0.0050   0.3980   0.9028
   7.500   0.7819   0.02939   0.02189   0.0049   0.3929   0.9269
   8.000   0.8728   0.03062   0.02296  -0.0021   0.3875   0.9393
   8.500   0.8912   0.03357   0.02620  -0.0006   0.3814   0.9579
   9.000   0.9546   0.03530   0.02793  -0.0051   0.3756   0.9717
   9.500   1.0759   0.03552   0.02788  -0.0168   0.3706   0.9761
  10.000   1.0775   0.03998   0.03271  -0.0158   0.3643   0.9912
