  
       XFOIL         Version 6.99
  
 Calculated polar for: NACA 4818                                       
  
 1 1 Reynolds number fixed          Mach number fixed         
  
 xtrf =   1.000 (top)        1.000 (bottom)  
 Mach =   0.050     Re =     0.200 e 6     Ncrit =   9.000
  
   alpha    CL        CD       CDp       CM     Top_Xtr  Bot_Xtr
  ------ -------- --------- --------- -------- -------- --------
  -1.500   0.2203   0.02346   0.01695  -0.1341   0.8897   0.4739
  -1.000   0.2891   0.02257   0.01615  -0.1360   0.8757   0.5078
  -0.500   0.3557   0.02157   0.01534  -0.1374   0.8609   0.5394
   0.000   0.4181   0.02061   0.01451  -0.1377   0.8429   0.5713
   0.500   0.4763   0.01971   0.01373  -0.1372   0.8210   0.6018
   1.000   0.5443   0.01847   0.01264  -0.1380   0.8038   0.6314
   1.500   0.6300   0.01686   0.01108  -0.1419   0.7871   0.6624
   2.000   0.7364   0.01525   0.00938  -0.1501   0.7620   0.6912
   2.500   0.8275   0.01488   0.00882  -0.1560   0.7217   0.7146
   3.000   0.8876   0.01533   0.00908  -0.1560   0.6803   0.7353
   3.500   0.9337   0.01597   0.00959  -0.1533   0.6420   0.7549
   4.000   0.9745   0.01662   0.01013  -0.1496   0.6070   0.7721
   4.500   1.0140   0.01727   0.01065  -0.1457   0.5735   0.7896
   5.000   1.0514   0.01790   0.01121  -0.1417   0.5409   0.8079
   5.500   1.0897   0.01853   0.01170  -0.1380   0.5096   0.8263
   6.000   1.1255   0.01913   0.01228  -0.1339   0.4785   0.8447
   6.500   1.1593   0.01975   0.01279  -0.1296   0.4488   0.8626
   7.000   1.1909   0.02034   0.01337  -0.1249   0.4197   0.8806
   7.500   1.2207   0.02100   0.01398  -0.1200   0.3910   0.8994
   8.000   1.2496   0.02177   0.01468  -0.1152   0.3635   0.9194
   8.500   1.2748   0.02249   0.01542  -0.1098   0.3362   0.9425
   9.000   1.2977   0.02331   0.01619  -0.1044   0.3102   1.0000
   9.500   1.3347   0.02491   0.01774  -0.1025   0.2820   1.0000
  10.000   1.3667   0.02674   0.01948  -0.0998   0.2556   1.0000
