  
       XFOIL         Version 6.99
  
 Calculated polar for: NACA 8620                                       
  
 1 1 Reynolds number fixed          Mach number fixed         
  
 xtrf =   1.000 (top)        1.000 (bottom)  
 Mach =   0.050     Re =     0.200 e 6     Ncrit =   9.000
  
   alpha    CL        CD       CDp       CM     Top_Xtr  Bot_Xtr
  ------ -------- --------- --------- -------- -------- --------
  -2.000   0.3984   0.03861   0.03117  -0.1958   0.7688   0.2325
  -1.000   0.4774   0.03976   0.03243  -0.1920   0.7417   0.2713
  -0.500   0.5511   0.03885   0.03150  -0.1947   0.7379   0.2993
   0.000   0.6291   0.03759   0.03038  -0.1980   0.7358   0.3297
   0.500   0.7085   0.03618   0.02902  -0.2013   0.7343   0.3628
   2.000   0.8559   0.03613   0.02926  -0.1984   0.7027   0.4511
   2.500   0.9330   0.03426   0.02743  -0.2009   0.7011   0.4895
   3.000   1.0137   0.03216   0.02546  -0.2040   0.6999   0.5268
   3.500   1.0999   0.02994   0.02329  -0.2080   0.6987   0.5661
   4.500   1.2170   0.02856   0.02203  -0.2082   0.6789   0.6323
   5.000   1.2640   0.02844   0.02199  -0.2066   0.6650   0.6635
   5.500   1.3094   0.02854   0.02216  -0.2050   0.6500   0.6966
   6.500   1.4512   0.02619   0.01988  -0.2093   0.6264   0.7899
   7.000   1.4857   0.02617   0.02003  -0.2055   0.6090   1.0000
   7.500   1.5326   0.02683   0.02054  -0.2046   0.5915   1.0000
   8.000   1.5730   0.02779   0.02139  -0.2026   0.5738   1.0000
   8.500   1.6089   0.02895   0.02248  -0.2000   0.5562   1.0000
   9.000   1.6423   0.03022   0.02368  -0.1970   0.5391   1.0000
   9.500   1.6742   0.03156   0.02497  -0.1939   0.5223   1.0000
  10.000   1.7057   0.03292   0.02626  -0.1907   0.5057   1.0000
