  
       XFOIL         Version 6.99
  
 Calculated polar for: NACA 8808                                       
  
 1 1 Reynolds number fixed          Mach number fixed         
  
 xtrf =   1.000 (top)        1.000 (bottom)  
 Mach =   0.050     Re =     0.200 e 6     Ncrit =   9.000
  
   alpha    CL        CD       CDp       CM     Top_Xtr  Bot_Xtr
  ------ -------- --------- --------- -------- -------- --------
  -2.000   0.3761   0.04354   0.03679  -0.2229   0.9927   0.1130
  -1.500   0.4616   0.04505   0.03860  -0.2307   0.9940   0.2179
  -1.000   0.5294   0.04638   0.04019  -0.2344   0.9933   0.3276
  -0.500   0.5908   0.04776   0.04177  -0.2365   0.9914   0.4190
   0.000   0.6518   0.04937   0.04355  -0.2383   0.9894   0.4964
   0.500   0.7139   0.05141   0.04573  -0.2403   0.9879   0.5623
   1.000   0.7480   0.05224   0.04675  -0.2367   0.9803   0.6066
   1.500   0.8101   0.05477   0.04945  -0.2383   0.9775   0.6482
   2.000   0.8312   0.05509   0.04997  -0.2324   0.9610   0.6726
   3.000   0.9553   0.05464   0.04980  -0.2336   0.9231   0.7215
   3.500   1.0171   0.05330   0.04865  -0.2340   0.9033   0.7450
   4.000   1.0813   0.05183   0.04742  -0.2347   0.8891   0.7644
   4.500   1.1667   0.04708   0.04290  -0.2377   0.8669   0.7881
   5.000   1.1993   0.04417   0.04028  -0.2315   0.8154   0.8052
   5.500   1.3635   0.03135   0.02558  -0.2451   0.4627   0.8308
   6.000   1.3520   0.03627   0.02793  -0.2327   0.0827   0.8407
   6.500   1.3823   0.03861   0.03020  -0.2276   0.0520   0.8543
   7.000   1.4127   0.04101   0.03273  -0.2226   0.0417   0.8668
   7.500   1.4576   0.04372   0.03547  -0.2200   0.0350   0.8787
   8.000   1.5153   0.04579   0.03779  -0.2197   0.0298   0.8911
   8.500   1.6501   0.05224   0.04474  -0.2328   0.0269   0.9052
   9.000   1.7196   0.06407   0.05765  -0.2343   0.0265   0.9153
