  
       XFOIL         Version 6.99
  
 Calculated polar for: NACA 9036                                       
  
 1 1 Reynolds number fixed          Mach number fixed         
  
 xtrf =   1.000 (top)        1.000 (bottom)  
 Mach =   0.050     Re =     0.200 e 6     Ncrit =   9.000
  
   alpha    CL        CD       CDp       CM     Top_Xtr  Bot_Xtr
  ------ -------- --------- --------- -------- -------- --------
  -2.000   0.3622   0.02346   0.01485   0.0020   0.4623   0.5788
  -1.500   0.3705   0.02416   0.01573   0.0091   0.4525   0.5931
  -1.000   0.4245   0.02426   0.01579   0.0087   0.4437   0.6095
  -0.500   0.4441   0.02513   0.01678   0.0133   0.4345   0.6260
   0.000   0.4825   0.02550   0.01723   0.0151   0.4255   0.6435
   0.500   0.5229   0.02619   0.01788   0.0162   0.4172   0.6625
   1.000   0.5426   0.02709   0.01902   0.0202   0.4081   0.6820
   1.500   0.6134   0.02715   0.01896   0.0170   0.4004   0.7042
   2.000   0.6030   0.02899   0.02107   0.0245   0.3917   0.7258
   2.500   0.6490   0.02942   0.02158   0.0246   0.3841   0.7508
   3.000   0.6680   0.03093   0.02331   0.0278   0.3763   0.7765
   3.500   0.6874   0.03234   0.02488   0.0308   0.3682   0.8047
   4.000   0.7493   0.03252   0.02500   0.0291   0.3616   0.8356
   4.500   0.7203   0.03599   0.02887   0.0372   0.3532   0.8688
   5.000   0.7697   0.03657   0.02941   0.0370   0.3468   0.9025
   5.500   0.7709   0.04023   0.03329   0.0402   0.3389   0.9348
   6.000   0.8208   0.04266   0.03571   0.0363   0.3313   0.9566
   6.500   0.8833   0.04525   0.03827   0.0298   0.3241   0.9714
   7.000   0.9139   0.05033   0.04349   0.0244   0.3154   0.9830
   7.500   1.0252   0.04998   0.04287   0.0134   0.3096   0.9907
   8.000   0.9923   0.06009   0.05341   0.0113   0.2997   1.0002
   8.500   1.0313   0.05778   0.05082   0.0131   0.2958   1.0004
   9.000   0.8155   0.07685   0.07048   0.0293   0.2821   1.0004
   9.500   0.9100   0.07108   0.06440   0.0271   0.2807   1.0004
  -2.000   0.3622   0.02346   0.01485   0.0020   0.4623   0.5788
  -1.500   0.3705   0.02416   0.01573   0.0091   0.4525   0.5931
  -1.000   0.4245   0.02426   0.01579   0.0087   0.4437   0.6095
  -0.500   0.4441   0.02513   0.01678   0.0133   0.4345   0.6260
   0.000   0.4825   0.02550   0.01723   0.0151   0.4255   0.6435
   0.500   0.5229   0.02619   0.01788   0.0162   0.4172   0.6625
   1.000   0.5426   0.02709   0.01902   0.0202   0.4081   0.6820
   1.500   0.6134   0.02715   0.01896   0.0170   0.4004   0.7042
   2.000   0.6030   0.02899   0.02107   0.0245   0.3917   0.7258
   2.500   0.6490   0.02942   0.02158   0.0246   0.3841   0.7508
   3.000   0.6680   0.03093   0.02331   0.0278   0.3763   0.7765
   3.500   0.6874   0.03234   0.02488   0.0308   0.3682   0.8047
   4.000   0.7493   0.03252   0.02500   0.0291   0.3616   0.8356
   4.500   0.7203   0.03599   0.02887   0.0372   0.3532   0.8688
   5.000   0.7697   0.03657   0.02941   0.0370   0.3468   0.9025
   5.500   0.7709   0.04023   0.03329   0.0402   0.3389   0.9348
   6.000   0.8208   0.04266   0.03571   0.0363   0.3313   0.9566
   6.500   0.8833   0.04525   0.03827   0.0298   0.3241   0.9714
   7.000   0.9139   0.05033   0.04349   0.0244   0.3154   0.9830
   7.500   1.0252   0.04998   0.04287   0.0134   0.3096   0.9907
   8.000   0.9923   0.06009   0.05341   0.0113   0.2997   1.0002
   8.500   1.0313   0.05778   0.05082   0.0131   0.2958   1.0004
   9.000   0.8155   0.07685   0.07048   0.0293   0.2821   1.0004
   9.500   0.9100   0.07108   0.06440   0.0271   0.2807   1.0004
