  
       XFOIL         Version 6.99
  
 Calculated polar for: NACA 6712                                       
  
 1 1 Reynolds number fixed          Mach number fixed         
  
 xtrf =   1.000 (top)        1.000 (bottom)  
 Mach =   0.050     Re =     0.200 e 6     Ncrit =   9.000
  
   alpha    CL        CD       CDp       CM     Top_Xtr  Bot_Xtr
  ------ -------- --------- --------- -------- -------- --------
  -2.000   0.2079   0.03291   0.02601  -0.1631   0.9742   0.2532
  -1.500   0.2982   0.03295   0.02621  -0.1702   0.9507   0.3267
  -1.000   0.3941   0.03315   0.02657  -0.1778   0.9351   0.4022
  -0.500   0.4687   0.03309   0.02668  -0.1814   0.9213   0.4663
   0.000   0.5363   0.03298   0.02674  -0.1835   0.9079   0.5252
   0.500   0.6008   0.03288   0.02680  -0.1849   0.8949   0.5782
   1.500   0.7289   0.03247   0.02666  -0.1868   0.8703   0.6648
   2.000   0.8075   0.03180   0.02610  -0.1901   0.8640   0.7010
   2.500   0.8687   0.03101   0.02543  -0.1903   0.8507   0.7325
   3.000   0.9309   0.02995   0.02451  -0.1905   0.8375   0.7628
   4.500   1.1192   0.02499   0.02017  -0.1902   0.7929   0.8564
   5.000   1.1537   0.02327   0.01871  -0.1843   0.7621   0.9507
   5.500   1.2220   0.02107   0.01651  -0.1847   0.7167   1.0000
   6.000   1.3557   0.01694   0.01173  -0.1962   0.6281   1.0000
   6.500   1.3890   0.01834   0.01266  -0.1917   0.5465   1.0000
   7.000   1.4070   0.02021   0.01417  -0.1848   0.4715   1.0000
   7.500   1.4209   0.02237   0.01593  -0.1775   0.3927   1.0000
   8.000   1.4319   0.02491   0.01800  -0.1702   0.3053   1.0000
   8.500   1.4412   0.02788   0.02040  -0.1631   0.2113   1.0000
   9.000   1.4515   0.03111   0.02312  -0.1565   0.1379   1.0000
  10.000   1.4803   0.03727   0.02901  -0.1450   0.0834   1.0000
