  
       XFOIL         Version 6.99
  
 Calculated polar for: NACA 2724                                       
  
 1 1 Reynolds number fixed          Mach number fixed         
  
 xtrf =   1.000 (top)        1.000 (bottom)  
 Mach =   0.050     Re =     0.200 e 6     Ncrit =   9.000
  
   alpha    CL        CD       CDp       CM     Top_Xtr  Bot_Xtr
  ------ -------- --------- --------- -------- -------- --------
  -2.000   0.0205   0.01597   0.00878  -0.0692   0.7789   0.4764
  -1.500   0.0853   0.01547   0.00829  -0.0703   0.7569   0.4981
  -1.000   0.1497   0.01514   0.00793  -0.0714   0.7330   0.5200
  -0.500   0.2105   0.01500   0.00773  -0.0719   0.7079   0.5418
   0.000   0.2630   0.01503   0.00773  -0.0708   0.6818   0.5632
   0.500   0.3149   0.01514   0.00781  -0.0697   0.6568   0.5848
   1.000   0.3658   0.01530   0.00795  -0.0684   0.6332   0.6067
   1.500   0.4157   0.01551   0.00813  -0.0668   0.6106   0.6288
   2.000   0.4647   0.01575   0.00834  -0.0652   0.5889   0.6511
   2.500   0.5131   0.01603   0.00857  -0.0634   0.5680   0.6734
   3.000   0.5611   0.01636   0.00884  -0.0616   0.5478   0.6959
   3.500   0.6088   0.01668   0.00913  -0.0596   0.5282   0.7174
   4.000   0.6516   0.01695   0.00944  -0.0568   0.5090   0.7388
   4.500   0.6915   0.01723   0.00978  -0.0535   0.4903   0.7607
   5.000   0.7309   0.01754   0.01013  -0.0501   0.4723   0.7834
   5.500   0.7691   0.01787   0.01048  -0.0465   0.4551   0.8069
   6.000   0.8071   0.01825   0.01084  -0.0430   0.4385   0.8317
   6.500   0.8449   0.01867   0.01124  -0.0394   0.4220   0.8586
   7.000   0.8724   0.01912   0.01183  -0.0340   0.4060   0.8902
   7.500   0.9051   0.01968   0.01246  -0.0295   0.3904   0.9270
   8.000   0.9601   0.02049   0.01326  -0.0302   0.3735   0.9677
   8.500   1.0246   0.02139   0.01408  -0.0337   0.3561   1.0000
   9.000   1.0535   0.02203   0.01452  -0.0305   0.3420   1.0000
   9.500   1.0794   0.02301   0.01554  -0.0267   0.3278   1.0000
  10.000   1.1102   0.02416   0.01664  -0.0238   0.3138   1.0000
