  
       XFOIL         Version 6.99
  
 Calculated polar for: NACA 9128                                       
  
 1 1 Reynolds number fixed          Mach number fixed         
  
 xtrf =   1.000 (top)        1.000 (bottom)  
 Mach =   0.050     Re =     0.200 e 6     Ncrit =   9.000
  
   alpha    CL        CD       CDp       CM     Top_Xtr  Bot_Xtr
  ------ -------- --------- --------- -------- -------- --------
  -2.000   0.4975   0.03850   0.03104  -0.0661   0.4560   0.0320
  -1.500   0.5196   0.03936   0.03150  -0.0594   0.4403   0.0326
  -0.500   0.5644   0.03522   0.02702  -0.0507   0.4085   0.0338
   0.000   0.5896   0.03485   0.02642  -0.0466   0.3904   0.0351
   0.500   0.6131   0.03623   0.02748  -0.0417   0.3706   0.0363
   1.000   0.6337   0.03538   0.02653  -0.0380   0.3482   0.0370
   1.500   0.6469   0.03592   0.02689  -0.0336   0.3192   0.0383
   2.000   0.6464   0.03831   0.02896  -0.0281   0.2780   0.0398
   2.500   0.6305   0.04267   0.03286  -0.0220   0.2271   0.0404
   3.000   0.6242   0.04532   0.03532  -0.0183   0.1999   0.0413
   3.500   0.6308   0.04835   0.03820  -0.0157   0.1886   0.0433
   4.000   0.6431   0.05125   0.04095  -0.0136   0.1821   0.0450
   4.500   0.6617   0.05424   0.04376  -0.0119   0.1778   0.0484
   5.000   0.6877   0.05572   0.04529  -0.0113   0.1745   0.0521
   5.500   0.7139   0.05767   0.04720  -0.0107   0.1718   0.0582
   6.000   0.7435   0.05948   0.04885  -0.0100   0.1694   0.0658
   6.500   0.7768   0.06106   0.05040  -0.0097   0.1676   0.0758
   7.000   0.8116   0.06224   0.05180  -0.0103   0.1659   0.1001
   7.500   0.8467   0.06378   0.05345  -0.0108   0.1646   0.1180
   8.000   0.8810   0.06569   0.05524  -0.0111   0.1634   0.1303
   8.500   0.9145   0.06776   0.05720  -0.0112   0.1624   0.1399
   9.000   0.9450   0.06797   0.05969  -0.0102   0.1615   1.0000
   9.500   0.9783   0.07227   0.06156  -0.0113   0.1607   0.1274
  10.000   1.0095   0.07459   0.06386  -0.0115   0.1600   0.1112
