  
       XFOIL         Version 6.99
  
 Calculated polar for: NACA 8824                                       
  
 1 1 Reynolds number fixed          Mach number fixed         
  
 xtrf =   1.000 (top)        1.000 (bottom)  
 Mach =   0.050     Re =     0.200 e 6     Ncrit =   9.000
  
   alpha    CL        CD       CDp       CM     Top_Xtr  Bot_Xtr
  ------ -------- --------- --------- -------- -------- --------
  -1.500   0.4078   0.03815   0.03144  -0.2132   0.7902   0.3349
  -1.000   0.4942   0.03670   0.03004  -0.2187   0.7877   0.3566
   0.000   0.6475   0.03448   0.02794  -0.2262   0.7722   0.3999
   0.500   0.7420   0.03250   0.02597  -0.2329   0.7693   0.4243
   1.000   0.8153   0.03178   0.02524  -0.2361   0.7549   0.4469
   2.000   0.9959   0.02876   0.02219  -0.2483   0.7316   0.4952
   2.500   1.0630   0.02842   0.02186  -0.2503   0.7124   0.5159
   3.000   1.1263   0.02838   0.02178  -0.2516   0.6925   0.5367
   3.500   1.1870   0.02859   0.02191  -0.2527   0.6725   0.5581
   4.000   1.2384   0.02884   0.02216  -0.2516   0.6533   0.5761
   4.500   1.2930   0.02911   0.02236  -0.2512   0.6348   0.5942
   5.000   1.3472   0.02963   0.02275  -0.2511   0.6158   0.6144
   5.500   1.3680   0.03073   0.02398  -0.2442   0.5968   0.6260
   6.000   1.4094   0.03176   0.02497  -0.2419   0.5783   0.6444
   6.500   1.4414   0.03241   0.02562  -0.2369   0.5619   0.6547
   7.000   1.4910   0.03312   0.02619  -0.2361   0.5447   0.6727
   7.500   1.5011   0.03459   0.02781  -0.2275   0.5279   0.6805
   8.000   1.5409   0.03588   0.02907  -0.2253   0.5111   0.6983
   8.500   1.5697   0.03652   0.02964  -0.2199   0.4963   0.7055
   9.000   1.5872   0.03822   0.03143  -0.2135   0.4801   0.7176
   9.500   1.6117   0.03980   0.03305  -0.2086   0.4645   0.7292
  10.000   1.6430   0.04092   0.03411  -0.2047   0.4498   0.7413
