  
       XFOIL         Version 6.99
  
 Calculated polar for: NACA 8404                                       
  
 1 1 Reynolds number fixed          Mach number fixed         
  
 xtrf =   1.000 (top)        1.000 (bottom)  
 Mach =   0.050     Re =     0.200 e 6     Ncrit =   9.000
  
   alpha    CL        CD       CDp       CM     Top_Xtr  Bot_Xtr
  ------ -------- --------- --------- -------- -------- --------
  -2.000   0.5725   0.03032   0.02590  -0.1860   0.8790   0.0407
  -1.500   0.6654   0.02529   0.02025  -0.1954   0.8667   0.0520
  -1.000   0.7526   0.01874   0.01290  -0.2019   0.8541   0.0259
  -0.500   0.8266   0.01452   0.00766  -0.2053   0.8398   0.0233
   0.000   0.8853   0.01298   0.00572  -0.2055   0.8200   0.0625
   0.500   0.9435   0.01192   0.00466  -0.2057   0.8007   0.1575
   1.000   0.9978   0.01149   0.00451  -0.2055   0.7769   0.3157
   2.500   1.1511   0.01130   0.00460  -0.2024   0.7020   1.0000
   3.000   1.2030   0.01176   0.00495  -0.2017   0.6789   1.0000
   3.500   1.2544   0.01229   0.00549  -0.2011   0.6575   1.0000
   4.000   1.3029   0.01274   0.00599  -0.1994   0.6264   1.0000
   4.500   1.2778   0.01797   0.00804  -0.1843   0.0959   1.0000
   5.000   1.2997   0.02123   0.01161  -0.1779   0.0155   1.0000
   5.500   1.3162   0.02430   0.01509  -0.1708   0.0146   1.0000
   6.000   1.3211   0.02794   0.01893  -0.1618   0.0148   1.0000
   6.500   1.3603   0.03318   0.02417  -0.1580   0.0174   1.0000
