  
       XFOIL         Version 6.99
  
 Calculated polar for: NACA 7526                                       
  
 1 1 Reynolds number fixed          Mach number fixed         
  
 xtrf =   1.000 (top)        1.000 (bottom)  
 Mach =   0.050     Re =     0.200 e 6     Ncrit =   9.000
  
   alpha    CL        CD       CDp       CM     Top_Xtr  Bot_Xtr
  ------ -------- --------- --------- -------- -------- --------
  -2.000   0.4597   0.02232   0.01405  -0.1650   0.6885   0.2781
  -1.500   0.5195   0.02198   0.01376  -0.1659   0.6802   0.2956
  -1.000   0.6155   0.02144   0.01313  -0.1735   0.6744   0.3185
  -0.500   0.6134   0.02198   0.01382  -0.1632   0.6617   0.3308
   0.000   0.7131   0.02134   0.01310  -0.1714   0.6561   0.3572
   0.500   0.7110   0.02233   0.01416  -0.1613   0.6435   0.3721
   1.000   0.7973   0.02173   0.01348  -0.1669   0.6372   0.4003
   1.500   0.8089   0.02273   0.01469  -0.1596   0.6255   0.4198
   2.000   0.8844   0.02231   0.01423  -0.1632   0.6184   0.4511
   2.500   0.9059   0.02328   0.01535  -0.1579   0.6077   0.4759
   3.000   0.9696   0.02314   0.01521  -0.1595   0.5997   0.5117
   3.500   1.0018   0.02393   0.01613  -0.1561   0.5900   0.5456
   4.000   1.0503   0.02412   0.01647  -0.1553   0.5811   0.5889
   4.500   1.0965   0.02452   0.01704  -0.1542   0.5726   0.6437
   5.000   1.1231   0.02520   0.01805  -0.1498   0.5626   0.7208
   5.500   1.1808   0.02453   0.01772  -0.1494   0.5555   1.0000
   6.000   1.1839   0.02646   0.01965  -0.1423   0.5441   1.0000
   6.500   1.2786   0.02580   0.01865  -0.1489   0.5378   1.0000
   7.000   1.2527   0.02878   0.02180  -0.1378   0.5255   1.0000
   7.500   1.3423   0.02802   0.02076  -0.1433   0.5193   1.0000
   8.000   1.3145   0.03152   0.02445  -0.1326   0.5069   1.0000
   8.500   1.4013   0.03063   0.02330  -0.1374   0.5008   1.0000
   9.000   1.3694   0.03476   0.02764  -0.1271   0.4884   1.0000
   9.500   1.4551   0.03367   0.02631  -0.1315   0.4823   1.0000
  10.000   1.4168   0.03862   0.03151  -0.1213   0.4697   1.0000
