  
       XFOIL         Version 6.99
  
 Calculated polar for: NACA 4728                                       
  
 1 1 Reynolds number fixed          Mach number fixed         
  
 xtrf =   1.000 (top)        1.000 (bottom)  
 Mach =   0.050     Re =     0.200 e 6     Ncrit =   9.000
  
   alpha    CL        CD       CDp       CM     Top_Xtr  Bot_Xtr
  ------ -------- --------- --------- -------- -------- --------
  -2.000   0.1144   0.01991   0.01240  -0.1044   0.7458   0.4059
  -1.500   0.1774   0.01930   0.01186  -0.1054   0.7286   0.4223
  -1.000   0.2477   0.01869   0.01123  -0.1079   0.7112   0.4395
  -0.500   0.3206   0.01825   0.01069  -0.1110   0.6931   0.4580
   0.000   0.3907   0.01810   0.01045  -0.1135   0.6745   0.4765
   0.500   0.4559   0.01809   0.01041  -0.1153   0.6557   0.4943
   1.000   0.5221   0.01815   0.01037  -0.1173   0.6377   0.5132
   1.500   0.5655   0.01854   0.01070  -0.1151   0.6192   0.5312
   2.000   0.6074   0.01894   0.01120  -0.1125   0.6017   0.5484
   2.500   0.6598   0.01927   0.01148  -0.1121   0.5856   0.5673
   3.000   0.7177   0.01962   0.01167  -0.1126   0.5698   0.5874
   3.500   0.7480   0.02020   0.01244  -0.1080   0.5539   0.6044
   4.000   0.7959   0.02069   0.01291  -0.1068   0.5392   0.6233
   4.500   0.8471   0.02119   0.01328  -0.1061   0.5247   0.6435
   5.000   0.8775   0.02192   0.01419  -0.1018   0.5103   0.6602
   5.500   0.9264   0.02249   0.01469  -0.1008   0.4969   0.6787
   6.000   0.9623   0.02324   0.01543  -0.0978   0.4832   0.6982
   6.500   0.9991   0.02399   0.01627  -0.0948   0.4701   0.7155
   7.000   1.0481   0.02451   0.01668  -0.0939   0.4575   0.7339
   7.500   1.0718   0.02553   0.01784  -0.0893   0.4446   0.7524
   8.000   1.1178   0.02620   0.01843  -0.0882   0.4328   0.7723
   8.500   1.1402   0.02720   0.01959  -0.0834   0.4206   0.7911
   9.000   1.1759   0.02807   0.02048  -0.0808   0.4092   0.8112
   9.500   1.2045   0.02901   0.02149  -0.0772   0.3977   0.8327
  10.000   1.2296   0.03020   0.02279  -0.0734   0.3866   0.8567
