  
       XFOIL         Version 6.99
  
 Calculated polar for: NACA 6408                                       
  
 1 1 Reynolds number fixed          Mach number fixed         
  
 xtrf =   1.000 (top)        1.000 (bottom)  
 Mach =   0.050     Re =     0.200 e 6     Ncrit =   9.000
  
   alpha    CL        CD       CDp       CM     Top_Xtr  Bot_Xtr
  ------ -------- --------- --------- -------- -------- --------
  -2.000   0.4642   0.01490   0.00760  -0.1582   0.8733   0.0691
  -1.500   0.5220   0.01377   0.00628  -0.1579   0.8565   0.0921
  -1.000   0.5777   0.01281   0.00537  -0.1575   0.8370   0.1346
  -0.500   0.6348   0.01207   0.00478  -0.1574   0.8175   0.2102
   0.000   0.6893   0.01141   0.00449  -0.1570   0.7945   0.3521
   0.500   0.7388   0.01008   0.00418  -0.1549   0.7721   1.0000
   1.000   0.7929   0.01027   0.00406  -0.1542   0.7464   1.0000
   1.500   0.8467   0.01053   0.00408  -0.1536   0.7207   1.0000
   2.000   0.9004   0.01087   0.00421  -0.1530   0.6963   1.0000
   2.500   0.9541   0.01126   0.00440  -0.1525   0.6738   1.0000
   3.000   1.0069   0.01171   0.00477  -0.1520   0.6524   1.0000
   3.500   1.0601   0.01219   0.00518  -0.1515   0.6334   1.0000
   4.000   1.1134   0.01272   0.00568  -0.1512   0.6166   1.0000
   4.500   1.1666   0.01329   0.00625  -0.1508   0.6010   1.0000
   5.000   1.2193   0.01388   0.00694  -0.1504   0.5861   1.0000
   5.500   1.2715   0.01450   0.00769  -0.1499   0.5715   1.0000
   6.000   1.3176   0.01485   0.00812  -0.1478   0.5424   1.0000
   6.500   1.3582   0.01514   0.00847  -0.1447   0.5021   1.0000
   7.000   1.3956   0.01564   0.00905  -0.1411   0.4533   1.0000
   7.500   1.4160   0.01696   0.00999  -0.1346   0.3287   1.0000
   8.000   1.3770   0.02293   0.01410  -0.1203   0.0729   1.0000
   8.500   1.3742   0.02660   0.01776  -0.1118   0.0475   1.0000
   9.000   1.3786   0.03002   0.02142  -0.1054   0.0397   1.0000
   9.500   1.3779   0.03425   0.02583  -0.0992   0.0347   1.0000
  10.000   1.3853   0.03822   0.02997  -0.0943   0.0310   1.0000
