  
       XFOIL         Version 6.99
  
 Calculated polar for: NACA 5618                                       
  
 1 1 Reynolds number fixed          Mach number fixed         
  
 xtrf =   1.000 (top)        1.000 (bottom)  
 Mach =   0.050     Re =     0.200 e 6     Ncrit =   9.000
  
   alpha    CL        CD       CDp       CM     Top_Xtr  Bot_Xtr
  ------ -------- --------- --------- -------- -------- --------
  -2.000   0.2419   0.02399   0.01678  -0.1393   0.8219   0.3473
  -1.500   0.3242   0.02288   0.01574  -0.1434   0.8193   0.3860
   0.000   0.5069   0.02119   0.01440  -0.1445   0.7904   0.4943
   0.500   0.5876   0.01979   0.01316  -0.1479   0.7863   0.5347
   1.000   0.6815   0.01835   0.01182  -0.1539   0.7834   0.5764
   1.500   0.7326   0.01792   0.01148  -0.1522   0.7686   0.6108
   2.500   0.8857   0.01607   0.00976  -0.1582   0.7458   0.6863
   3.000   0.9422   0.01557   0.00936  -0.1576   0.7272   0.7231
   3.500   0.9840   0.01536   0.00928  -0.1542   0.7039   0.7634
   4.000   1.0263   0.01510   0.00917  -0.1507   0.6796   0.8182
   4.500   1.0770   0.01468   0.00883  -0.1488   0.6548   1.0000
   5.000   1.1240   0.01509   0.00904  -0.1473   0.6268   1.0000
   5.500   1.1744   0.01556   0.00927  -0.1462   0.5996   1.0000
   6.000   1.2179   0.01625   0.00977  -0.1440   0.5728   1.0000
   6.500   1.2548   0.01705   0.01045  -0.1405   0.5463   1.0000
   7.000   1.2930   0.01789   0.01113  -0.1374   0.5211   1.0000
   7.500   1.3251   0.01884   0.01200  -0.1333   0.4963   1.0000
   8.000   1.3526   0.01992   0.01304  -0.1286   0.4713   1.0000
   8.500   1.3801   0.02109   0.01413  -0.1241   0.4467   1.0000
   9.000   1.4073   0.02238   0.01530  -0.1198   0.4227   1.0000
   9.500   1.4292   0.02387   0.01681  -0.1149   0.3982   1.0000
  10.000   1.4499   0.02554   0.01846  -0.1100   0.3736   1.0000
