  
       XFOIL         Version 6.99
  
 Calculated polar for: NACA 4804                                       
  
 1 1 Reynolds number fixed          Mach number fixed         
  
 xtrf =   1.000 (top)        1.000 (bottom)  
 Mach =   0.050     Re =     0.200 e 6     Ncrit =   9.000
  
   alpha    CL        CD       CDp       CM     Top_Xtr  Bot_Xtr
  ------ -------- --------- --------- -------- -------- --------
  -2.000   0.2555   0.01603   0.01006  -0.1536   1.0000   0.5379
  -1.500   0.3050   0.01624   0.01061  -0.1514   1.0000   0.7287
  -1.000   0.3478   0.01671   0.01103  -0.1480   1.0000   0.7917
  -0.500   0.3949   0.01697   0.01126  -0.1459   1.0000   0.8359
   0.000   0.4458   0.01702   0.01135  -0.1448   1.0000   0.8752
   0.500   0.4972   0.01695   0.01139  -0.1440   1.0000   0.9156
   1.000   0.5368   0.01691   0.01151  -0.1409   1.0000   1.0000
   1.500   0.5965   0.01744   0.01222  -0.1425   1.0000   1.0000
   2.000   0.6539   0.01802   0.01324  -0.1435   1.0000   1.0000
   2.500   0.8483   0.01891   0.01045  -0.1656   0.0234   1.0000
   3.000   0.9257   0.02455   0.01636  -0.1680   0.0252   1.0000
