  
       XFOIL         Version 6.99
  
 Calculated polar for: NACA 3710                                       
  
 1 1 Reynolds number fixed          Mach number fixed         
  
 xtrf =   1.000 (top)        1.000 (bottom)  
 Mach =   0.050     Re =     0.200 e 6     Ncrit =   9.000
  
   alpha    CL        CD       CDp       CM     Top_Xtr  Bot_Xtr
  ------ -------- --------- --------- -------- -------- --------
  -2.000  -0.0182   0.01561   0.00919  -0.0802   1.0000   0.4698
  -1.500   0.0539   0.01592   0.00980  -0.0840   0.9955   0.5644
  -1.000   0.1333   0.01634   0.01044  -0.0889   0.9863   0.6475
  -0.500   0.2088   0.01672   0.01093  -0.0928   0.9752   0.7122
   0.000   0.2819   0.01686   0.01121  -0.0962   0.9631   0.7639
   0.500   0.3538   0.01674   0.01127  -0.0990   0.9503   0.8134
   1.000   0.4220   0.01630   0.01106  -0.1007   0.9363   0.8696
   1.500   0.4910   0.01554   0.01049  -0.1023   0.9203   1.0000
   2.000   0.5739   0.01490   0.00989  -0.1072   0.9052   1.0000
   2.500   0.6566   0.01379   0.00886  -0.1113   0.8888   1.0000
   3.000   0.7281   0.01241   0.00760  -0.1125   0.8641   1.0000
   3.500   0.7908   0.01118   0.00647  -0.1117   0.8199   1.0000
   4.000   0.8809   0.01022   0.00501  -0.1161   0.6809   1.0000
   4.500   0.9233   0.01153   0.00555  -0.1128   0.5432   1.0000
   5.000   0.9567   0.01296   0.00635  -0.1083   0.4137   1.0000
   5.500   0.9876   0.01479   0.00738  -0.1038   0.2632   1.0000
   6.000   1.0186   0.01720   0.00891  -0.0999   0.1297   1.0000
   6.500   1.0535   0.01939   0.01078  -0.0962   0.0863   1.0000
   7.000   1.0921   0.02127   0.01268  -0.0931   0.0680   1.0000
   7.500   1.1306   0.02343   0.01488  -0.0901   0.0570   1.0000
   8.000   1.1727   0.02621   0.01766  -0.0878   0.0497   1.0000
   8.500   1.2159   0.02845   0.02005  -0.0858   0.0439   1.0000
   9.000   1.2636   0.03244   0.02433  -0.0845   0.0400   1.0000
   9.500   1.3018   0.03542   0.02767  -0.0817   0.0364   1.0000
  10.000   1.3390   0.04036   0.03288  -0.0795   0.0343   1.0000
