  
       XFOIL         Version 6.99
  
 Calculated polar for: NACA 1610                                       
  
 1 1 Reynolds number fixed          Mach number fixed         
  
 xtrf =   1.000 (top)        1.000 (bottom)  
 Mach =   0.050     Re =     0.200 e 6     Ncrit =   9.000
  
   alpha    CL        CD       CDp       CM     Top_Xtr  Bot_Xtr
  ------ -------- --------- --------- -------- -------- --------
  -2.000  -0.2162   0.01069   0.00496  -0.0142   1.0000   0.6501
  -1.500  -0.1434   0.01055   0.00517  -0.0176   0.9917   0.7517
  -1.000  -0.0703   0.01042   0.00538  -0.0202   0.9784   0.8555
  -0.500   0.0172   0.01046   0.00552  -0.0256   0.9669   0.9556
   0.000   0.1387   0.01038   0.00540  -0.0390   0.9598   1.0000
   0.500   0.2322   0.01002   0.00502  -0.0467   0.9439   1.0000
   1.000   0.3042   0.00959   0.00459  -0.0495   0.9179   1.0000
   1.500   0.3629   0.00919   0.00418  -0.0489   0.8840   1.0000
   2.000   0.4132   0.00895   0.00388  -0.0466   0.8384   1.0000
   2.500   0.4614   0.00891   0.00370  -0.0439   0.7786   1.0000
   3.000   0.5084   0.00913   0.00366  -0.0410   0.7010   1.0000
   3.500   0.5536   0.00965   0.00379  -0.0382   0.6078   1.0000
   4.000   0.5977   0.01040   0.00412  -0.0355   0.5086   1.0000
   4.500   0.6410   0.01132   0.00459  -0.0330   0.4000   1.0000
   5.000   0.6832   0.01253   0.00526  -0.0306   0.2761   1.0000
   5.500   0.7238   0.01424   0.00631  -0.0284   0.1550   1.0000
   6.000   0.7656   0.01602   0.00775  -0.0261   0.0998   1.0000
   6.500   0.8081   0.01783   0.00948  -0.0239   0.0767   1.0000
   7.000   0.8517   0.01969   0.01136  -0.0219   0.0632   1.0000
   7.500   0.8956   0.02207   0.01375  -0.0200   0.0546   1.0000
   8.000   0.9411   0.02415   0.01594  -0.0183   0.0481   1.0000
   8.500   0.9851   0.02746   0.01960  -0.0165   0.0435   1.0000
   9.000   1.0268   0.03035   0.02277  -0.0146   0.0398   1.0000
   9.500   1.0604   0.03628   0.02911  -0.0123   0.0375   1.0000
  10.000   1.0803   0.04071   0.03444  -0.0079   0.0357   1.0000
