  
       XFOIL         Version 6.99
  
 Calculated polar for: NACA 5640                                       
  
 1 1 Reynolds number fixed          Mach number fixed         
  
 xtrf =   1.000 (top)        1.000 (bottom)  
 Mach =   0.050     Re =     0.200 e 6     Ncrit =   9.000
  
   alpha    CL        CD       CDp       CM     Top_Xtr  Bot_Xtr
  ------ -------- --------- --------- -------- -------- --------
  -2.000  -0.0111   0.02890   0.02034  -0.0744   0.6105   0.3653
  -1.500  -0.0101   0.03007   0.02165  -0.0669   0.5977   0.3715
  -1.000   0.0659   0.02928   0.02068  -0.0709   0.5903   0.3819
  -0.500   0.0837   0.03003   0.02150  -0.0663   0.5793   0.3894
   0.000   0.1366   0.03003   0.02151  -0.0668   0.5704   0.3989
   0.500   0.2155   0.02943   0.02070  -0.0714   0.5634   0.4101
   1.000   0.2011   0.03126   0.02275  -0.0623   0.5512   0.4170
   1.500   0.2933   0.03035   0.02165  -0.0685   0.5452   0.4297
   2.000   0.2664   0.03289   0.02435  -0.0583   0.5328   0.4367
   2.500   0.3391   0.03241   0.02387  -0.0616   0.5264   0.4487
   3.000   0.3558   0.03407   0.02550  -0.0578   0.5170   0.4584
   3.500   0.3804   0.03521   0.02679  -0.0550   0.5079   0.4689
   4.000   0.4769   0.03403   0.02543  -0.0615   0.5031   0.4839
   4.500   0.4162   0.03899   0.03062  -0.0487   0.4897   0.4901
   5.000   0.4989   0.03791   0.02956  -0.0530   0.4850   0.5049
   6.000   0.5102   0.04333   0.03518  -0.0448   0.4664   0.5270
   6.500   0.6136   0.04125   0.03295  -0.0512   0.4633   0.5447
   7.000   0.5040   0.05111   0.04313  -0.0364   0.4467   0.5486
   7.500   0.6066   0.04824   0.04025  -0.0420   0.4449   0.5672
   8.000   0.7218   0.04538   0.03715  -0.0495   0.4423   0.5866
   8.500   0.3840   0.07530   0.06784  -0.0203   0.4051   0.5746
   9.000   0.4733   0.07202   0.06453  -0.0236   0.4053   0.5938
   9.500   0.5724   0.06819   0.06065  -0.0277   0.4056   0.6147
