  
       XFOIL         Version 6.99
  
 Calculated polar for: NACA 8606                                       
  
 1 1 Reynolds number fixed          Mach number fixed         
  
 xtrf =   1.000 (top)        1.000 (bottom)  
 Mach =   0.050     Re =     0.200 e 6     Ncrit =   9.000
  
   alpha    CL        CD       CDp       CM     Top_Xtr  Bot_Xtr
  ------ -------- --------- --------- -------- -------- --------
  -2.000   0.3354   0.04576   0.04121  -0.1878   0.9011   0.0891
  -1.500   0.5855   0.03332   0.02621  -0.2294   0.9083   0.0643
  -0.500   0.7068   0.03331   0.02650  -0.2338   0.8975   0.2440
   0.000   0.7836   0.03345   0.02694  -0.2385   0.8948   0.3970
   0.500   0.8156   0.03446   0.02821  -0.2350   0.8852   0.5011
   1.000   0.8874   0.03468   0.02861  -0.2382   0.8820   0.6257
   1.500   0.9221   0.03552   0.02967  -0.2349   0.8716   0.7145
   2.000   0.9922   0.03508   0.02950  -0.2375   0.8685   1.0000
   2.500   1.0309   0.03598   0.03040  -0.2350   0.8570   1.0000
   3.000   1.0754   0.03674   0.03125  -0.2334   0.8460   1.0000
   3.500   1.1469   0.03654   0.03118  -0.2362   0.8414   1.0000
   4.000   1.1970   0.03678   0.03168  -0.2352   0.8304   1.0000
   4.500   1.4042   0.01567   0.00950  -0.2442   0.5414   1.0000
   5.000   1.3437   0.02176   0.01371  -0.2230   0.2410   1.0000
   5.500   1.3233   0.02720   0.01795  -0.2102   0.0451   1.0000
   6.000   1.3376   0.03034   0.02126  -0.2030   0.0336   1.0000
   6.500   1.3507   0.03418   0.02525  -0.1954   0.0294   1.0000
   7.000   1.3903   0.03695   0.02815  -0.1916   0.0244   1.0000
