  
       XFOIL         Version 6.99
  
 Calculated polar for: NACA 7320                                       
  
 1 1 Reynolds number fixed          Mach number fixed         
  
 xtrf =   1.000 (top)        1.000 (bottom)  
 Mach =   0.050     Re =     0.200 e 6     Ncrit =   9.000
  
   alpha    CL        CD       CDp       CM     Top_Xtr  Bot_Xtr
  ------ -------- --------- --------- -------- -------- --------
  -2.000   0.4848   0.01956   0.01017  -0.1308   0.5407   0.1195
  -1.500   0.5320   0.01932   0.00970  -0.1292   0.5194   0.1289
  -1.000   0.5792   0.01918   0.00940  -0.1276   0.5013   0.1399
  -0.500   0.6272   0.01910   0.00926  -0.1262   0.4864   0.1530
   0.000   0.6786   0.01913   0.00922  -0.1256   0.4751   0.1693
   0.500   0.7286   0.01914   0.00925  -0.1247   0.4653   0.1894
   1.000   0.7833   0.01934   0.00938  -0.1248   0.4574   0.2175
   1.500   0.8316   0.01925   0.00950  -0.1238   0.4497   0.2602
   2.000   0.9023   0.01800   0.01012  -0.1265   0.4429   1.0000
   2.500   0.9526   0.01869   0.01057  -0.1258   0.4376   1.0000
   3.000   0.9985   0.01930   0.01108  -0.1244   0.4325   1.0000
   3.500   1.0482   0.01994   0.01154  -0.1237   0.4273   1.0000
   4.000   1.1060   0.02076   0.01213  -0.1247   0.4225   1.0000
   4.500   1.1538   0.02164   0.01298  -0.1239   0.4187   1.0000
   5.000   1.1974   0.02247   0.01384  -0.1224   0.4147   1.0000
   5.500   1.2437   0.02330   0.01463  -0.1214   0.4104   1.0000
   6.000   1.2963   0.02413   0.01535  -0.1216   0.4064   1.0000
   6.500   1.3582   0.02545   0.01652  -0.1237   0.4027   1.0000
   7.000   1.3916   0.02654   0.01777  -0.1207   0.3997   1.0000
   7.500   1.4225   0.02770   0.01907  -0.1173   0.3957   1.0000
   8.000   1.4569   0.02887   0.02031  -0.1147   0.3920   1.0000
   8.500   1.5008   0.03002   0.02147  -0.1138   0.3887   1.0000
   9.000   1.5614   0.03131   0.02268  -0.1159   0.3853   1.0000
   9.500   1.5782   0.03322   0.02478  -0.1109   0.3819   1.0000
  10.000   1.5767   0.03549   0.02733  -0.1035   0.3784   1.0000
