  
       XFOIL         Version 6.99
  
 Calculated polar for: NACA 8532                                       
  
 1 1 Reynolds number fixed          Mach number fixed         
  
 xtrf =   1.000 (top)        1.000 (bottom)  
 Mach =   0.050     Re =     0.200 e 6     Ncrit =   9.000
  
   alpha    CL        CD       CDp       CM     Top_Xtr  Bot_Xtr
  ------ -------- --------- --------- -------- -------- --------
  -1.500   0.3621   0.03095   0.02253  -0.1426   0.6252   0.2733
  -1.000   0.4704   0.02916   0.02061  -0.1510   0.6230   0.2889
  -0.500   0.4127   0.03347   0.02506  -0.1358   0.6066   0.2927
   0.000   0.5163   0.03139   0.02296  -0.1430   0.6047   0.3097
   0.500   0.6278   0.02953   0.02102  -0.1519   0.6024   0.3284
   1.000   0.3399   0.04869   0.04054  -0.1115   0.5583   0.3123
   1.500   0.4303   0.04586   0.03777  -0.1156   0.5591   0.3302
   2.000   0.5280   0.04283   0.03472  -0.1206   0.5597   0.3501
   2.500   0.6403   0.03932   0.03113  -0.1277   0.5605   0.3733
   3.000   0.7921   0.03457   0.02623  -0.1404   0.5628   0.4029
   4.000   0.8384   0.03794   0.02976  -0.1342   0.5459   0.4376
