  
       XFOIL         Version 6.99
  
 Calculated polar for: NACA 4640                                       
  
 1 1 Reynolds number fixed          Mach number fixed         
  
 xtrf =   1.000 (top)        1.000 (bottom)  
 Mach =   0.050     Re =     0.200 e 6     Ncrit =   9.000
  
   alpha    CL        CD       CDp       CM     Top_Xtr  Bot_Xtr
  ------ -------- --------- --------- -------- -------- --------
  -2.000  -0.0597   0.02778   0.01929  -0.0569   0.6001   0.3844
  -1.500   0.0202   0.02693   0.01815  -0.0617   0.5919   0.3948
  -1.000   0.0115   0.02784   0.01928  -0.0521   0.5797   0.4011
  -0.500   0.0811   0.02741   0.01872  -0.0551   0.5712   0.4117
   0.000   0.0889   0.02816   0.01949  -0.0485   0.5604   0.4196
   0.500   0.1401   0.02817   0.01954  -0.0487   0.5514   0.4292
   1.000   0.1848   0.02850   0.01974  -0.0480   0.5426   0.4395
   1.500   0.1987   0.02928   0.02068  -0.0427   0.5323   0.4483
   2.000   0.2856   0.02873   0.01998  -0.0483   0.5255   0.4611
   2.500   0.2632   0.03073   0.02209  -0.0382   0.5145   0.4688
   3.000   0.3258   0.03054   0.02196  -0.0401   0.5072   0.4809
   3.500   0.3542   0.03165   0.02304  -0.0376   0.4987   0.4921
   4.000   0.3686   0.03295   0.02448  -0.0333   0.4894   0.5026
   4.500   0.4568   0.03220   0.02360  -0.0386   0.4837   0.5174
   5.000   0.4159   0.03587   0.02746  -0.0279   0.4725   0.5254
   5.500   0.4794   0.03564   0.02729  -0.0299   0.4663   0.5397
   6.000   0.5204   0.03669   0.02830  -0.0296   0.4592   0.5532
   6.500   0.4953   0.04038   0.03223  -0.0220   0.4488   0.5635
   7.000   0.5889   0.03890   0.03065  -0.0272   0.4445   0.5806
   7.500   0.4904   0.04747   0.03957  -0.0135   0.4302   0.5866
   8.000   0.5816   0.04540   0.03746  -0.0180   0.4269   0.6051
   8.500   0.6945   0.04284   0.03467  -0.0250   0.4237   0.6247
   9.000   0.5579   0.05474   0.04700  -0.0096   0.4079   0.6280
   9.500   0.6697   0.05091   0.04315  -0.0153   0.4064   0.6521
