  
       XFOIL         Version 6.99
  
 Calculated polar for: NACA 3320                                       
  
 1 1 Reynolds number fixed          Mach number fixed         
  
 xtrf =   1.000 (top)        1.000 (bottom)  
 Mach =   0.050     Re =     0.200 e 6     Ncrit =   9.000
  
   alpha    CL        CD       CDp       CM     Top_Xtr  Bot_Xtr
  ------ -------- --------- --------- -------- -------- --------
  -2.000   0.0953   0.01303   0.00620  -0.0613   0.6869   0.5623
  -1.500   0.1423   0.01295   0.00621  -0.0588   0.6596   0.6307
  -1.000   0.1907   0.01296   0.00624  -0.0565   0.6320   0.6838
  -0.500   0.2402   0.01308   0.00631  -0.0544   0.6062   0.7306
   0.000   0.2900   0.01329   0.00643  -0.0524   0.5817   0.7745
   0.500   0.3399   0.01358   0.00667  -0.0503   0.5585   0.8149
   1.000   0.3908   0.01400   0.00702  -0.0483   0.5379   0.8547
   1.500   0.4440   0.01450   0.00741  -0.0468   0.5190   0.8906
   2.000   0.5073   0.01513   0.00797  -0.0474   0.5019   0.9209
   2.500   0.5847   0.01588   0.00859  -0.0511   0.4860   0.9461
   3.000   0.6782   0.01653   0.00905  -0.0588   0.4719   0.9575
   3.500   0.7661   0.01704   0.00938  -0.0657   0.4588   0.9707
   4.000   0.8523   0.01749   0.00981  -0.0724   0.4467   0.9842
   4.500   0.9410   0.01799   0.01012  -0.0797   0.4358   0.9956
   5.000   0.9930   0.01828   0.01048  -0.0801   0.4260   1.0000
   5.500   1.0300   0.01873   0.01077  -0.0774   0.4179   1.0000
   6.000   1.0576   0.01919   0.01134  -0.0727   0.4098   1.0000
   6.500   1.0914   0.01965   0.01174  -0.0690   0.4017   1.0000
   7.000   1.1257   0.02033   0.01241  -0.0654   0.3939   1.0000
   7.500   1.1557   0.02086   0.01299  -0.0609   0.3854   1.0000
   8.000   1.1999   0.02162   0.01362  -0.0591   0.3775   1.0000
   8.500   1.2230   0.02222   0.01440  -0.0534   0.3691   1.0000
   9.000   1.2673   0.02286   0.01492  -0.0517   0.3608   1.0000
   9.500   1.2921   0.02368   0.01592  -0.0466   0.3522   1.0000
  10.000   1.3324   0.02429   0.01647  -0.0443   0.3436   1.0000
