  
       XFOIL         Version 6.99
  
 Calculated polar for: NACA 4516                                       
  
 1 1 Reynolds number fixed          Mach number fixed         
  
 xtrf =   1.000 (top)        1.000 (bottom)  
 Mach =   0.050     Re =     0.200 e 6     Ncrit =   9.000
  
   alpha    CL        CD       CDp       CM     Top_Xtr  Bot_Xtr
  ------ -------- --------- --------- -------- -------- --------
  -2.000   0.2589   0.01498   0.00786  -0.1201   0.8263   0.3819
  -1.500   0.3238   0.01441   0.00737  -0.1213   0.8163   0.4327
  -1.000   0.3804   0.01400   0.00712  -0.1209   0.8022   0.4840
  -0.500   0.4346   0.01370   0.00699  -0.1202   0.7870   0.5414
   0.000   0.4894   0.01337   0.00687  -0.1194   0.7718   0.6083
   0.500   0.5432   0.01301   0.00678  -0.1182   0.7566   0.6919
   1.000   0.5926   0.01262   0.00674  -0.1156   0.7410   0.8112
   1.500   0.6739   0.01239   0.00663  -0.1195   0.7247   0.9746
   2.000   0.7412   0.01247   0.00652  -0.1219   0.7066   1.0000
   2.500   0.7910   0.01265   0.00654  -0.1206   0.6878   1.0000
   3.000   0.8411   0.01288   0.00664  -0.1193   0.6683   1.0000
   3.500   0.8910   0.01315   0.00679  -0.1179   0.6482   1.0000
   4.000   0.9406   0.01345   0.00700  -0.1165   0.6276   1.0000
   4.500   0.9899   0.01378   0.00724  -0.1150   0.6063   1.0000
   5.000   1.0388   0.01415   0.00750  -0.1134   0.5847   1.0000
   5.500   1.0880   0.01457   0.00780  -0.1120   0.5626   1.0000
   6.000   1.1303   0.01504   0.00827  -0.1093   0.5383   1.0000
   6.500   1.1727   0.01554   0.00872  -0.1067   0.5136   1.0000
   7.000   1.2141   0.01613   0.00921  -0.1039   0.4886   1.0000
   7.500   1.2491   0.01677   0.00985  -0.1000   0.4618   1.0000
   8.000   1.2825   0.01752   0.01050  -0.0959   0.4357   1.0000
   8.500   1.3074   0.01836   0.01134  -0.0905   0.4082   1.0000
   9.000   1.3324   0.01943   0.01234  -0.0854   0.3809   1.0000
   9.500   1.3542   0.02070   0.01359  -0.0802   0.3521   1.0000
  10.000   1.3739   0.02223   0.01509  -0.0751   0.3230   1.0000
  -2.000   0.2589   0.01498   0.00786  -0.1201   0.8263   0.3819
  -1.500   0.3238   0.01441   0.00737  -0.1213   0.8163   0.4327
  -1.000   0.3804   0.01400   0.00712  -0.1209   0.8022   0.4840
  -0.500   0.4346   0.01370   0.00699  -0.1202   0.7870   0.5414
   0.000   0.4894   0.01337   0.00687  -0.1194   0.7718   0.6083
   0.500   0.5432   0.01301   0.00678  -0.1182   0.7566   0.6919
   1.000   0.5926   0.01262   0.00674  -0.1156   0.7410   0.8112
   1.500   0.6739   0.01239   0.00663  -0.1195   0.7247   0.9746
   2.000   0.7412   0.01247   0.00652  -0.1219   0.7066   1.0000
   2.500   0.7910   0.01265   0.00654  -0.1206   0.6878   1.0000
   3.000   0.8411   0.01288   0.00664  -0.1193   0.6683   1.0000
   3.500   0.8910   0.01315   0.00679  -0.1179   0.6482   1.0000
   4.000   0.9406   0.01345   0.00700  -0.1165   0.6276   1.0000
   4.500   0.9899   0.01378   0.00724  -0.1150   0.6063   1.0000
   5.000   1.0388   0.01415   0.00750  -0.1134   0.5847   1.0000
   5.500   1.0880   0.01457   0.00780  -0.1120   0.5626   1.0000
   6.000   1.1303   0.01504   0.00827  -0.1093   0.5383   1.0000
   6.500   1.1727   0.01554   0.00872  -0.1067   0.5136   1.0000
   7.000   1.2141   0.01613   0.00921  -0.1039   0.4886   1.0000
   7.500   1.2491   0.01677   0.00985  -0.1000   0.4618   1.0000
   8.000   1.2825   0.01752   0.01050  -0.0959   0.4357   1.0000
   8.500   1.3074   0.01836   0.01134  -0.0905   0.4082   1.0000
   9.000   1.3324   0.01943   0.01234  -0.0854   0.3809   1.0000
   9.500   1.3542   0.02070   0.01359  -0.0802   0.3521   1.0000
  10.000   1.3739   0.02223   0.01509  -0.0751   0.3230   1.0000
  -2.000   0.2589   0.01498   0.00786  -0.1201   0.8263   0.3819
  -1.500   0.3238   0.01441   0.00737  -0.1213   0.8163   0.4327
  -1.000   0.3804   0.01400   0.00712  -0.1209   0.8022   0.4840
  -0.500   0.4346   0.01370   0.00699  -0.1202   0.7870   0.5414
   0.000   0.4894   0.01337   0.00687  -0.1194   0.7718   0.6083
   0.500   0.5432   0.01301   0.00678  -0.1182   0.7566   0.6919
   1.000   0.5926   0.01262   0.00674  -0.1156   0.7410   0.8112
   1.500   0.6739   0.01239   0.00663  -0.1195   0.7247   0.9746
   2.000   0.7412   0.01247   0.00652  -0.1219   0.7066   1.0000
   2.500   0.7910   0.01265   0.00654  -0.1206   0.6878   1.0000
   3.000   0.8411   0.01288   0.00664  -0.1193   0.6683   1.0000
   3.500   0.8910   0.01315   0.00679  -0.1179   0.6482   1.0000
   4.000   0.9406   0.01345   0.00700  -0.1165   0.6276   1.0000
   4.500   0.9899   0.01378   0.00724  -0.1150   0.6063   1.0000
   5.000   1.0388   0.01415   0.00750  -0.1134   0.5847   1.0000
   5.500   1.0880   0.01457   0.00780  -0.1120   0.5626   1.0000
   6.000   1.1303   0.01504   0.00827  -0.1093   0.5383   1.0000
   6.500   1.1727   0.01554   0.00872  -0.1067   0.5136   1.0000
   7.000   1.2141   0.01613   0.00921  -0.1039   0.4886   1.0000
   7.500   1.2491   0.01677   0.00985  -0.1000   0.4618   1.0000
   8.000   1.2825   0.01752   0.01050  -0.0959   0.4357   1.0000
   8.500   1.3074   0.01836   0.01134  -0.0905   0.4082   1.0000
   9.000   1.3324   0.01943   0.01234  -0.0854   0.3809   1.0000
   9.500   1.3542   0.02070   0.01359  -0.0802   0.3521   1.0000
  10.000   1.3739   0.02223   0.01509  -0.0751   0.3230   1.0000
