  
       XFOIL         Version 6.99
  
 Calculated polar for: NACA 7816                                       
  
 1 1 Reynolds number fixed          Mach number fixed         
  
 xtrf =   1.000 (top)        1.000 (bottom)  
 Mach =   0.050     Re =     0.200 e 6     Ncrit =   9.000
  
   alpha    CL        CD       CDp       CM     Top_Xtr  Bot_Xtr
  ------ -------- --------- --------- -------- -------- --------
  -2.000   0.3115   0.04157   0.03501  -0.2017   0.9102   0.3127
  -1.500   0.4030   0.04191   0.03545  -0.2089   0.9057   0.3558
  -1.000   0.4759   0.04143   0.03508  -0.2124   0.8939   0.3945
  -0.500   0.5466   0.04088   0.03464  -0.2153   0.8823   0.4328
   0.000   0.6160   0.04024   0.03408  -0.2179   0.8708   0.4709
   0.500   0.6823   0.03940   0.03341  -0.2196   0.8592   0.5057
   1.500   0.8070   0.03729   0.03158  -0.2210   0.8326   0.5715
   2.000   0.8681   0.03616   0.03057  -0.2212   0.8181   0.6025
   2.500   0.9274   0.03486   0.02943  -0.2206   0.8042   0.6287
   3.000   0.9867   0.03342   0.02811  -0.2197   0.7909   0.6530
   3.500   1.0528   0.03156   0.02634  -0.2198   0.7779   0.6753
   4.000   1.1302   0.02915   0.02397  -0.2220   0.7626   0.6958
   4.500   1.2169   0.02667   0.02141  -0.2261   0.7387   0.7152
   5.000   1.2973   0.02517   0.01975  -0.2296   0.7036   0.7336
   5.500   1.3550   0.02510   0.01949  -0.2292   0.6623   0.7511
   6.000   1.3921   0.02564   0.01989  -0.2248   0.6222   0.7644
   6.500   1.4261   0.02649   0.02061  -0.2203   0.5832   0.7789
   7.000   1.4580   0.02753   0.02153  -0.2155   0.5447   0.7939
   7.500   1.4881   0.02871   0.02258  -0.2107   0.5066   0.8086
   8.000   1.5161   0.03002   0.02378  -0.2056   0.4690   0.8229
   8.500   1.5417   0.03150   0.02516  -0.2004   0.4314   0.8367
   9.000   1.5657   0.03317   0.02674  -0.1950   0.3934   0.8499
   9.500   1.5870   0.03512   0.02859  -0.1895   0.3549   0.8624
  10.000   1.6073   0.03729   0.03069  -0.1841   0.3164   0.8742
