  
       XFOIL         Version 6.99
  
 Calculated polar for: NACA 8338                                       
  
 1 1 Reynolds number fixed          Mach number fixed         
  
 xtrf =   1.000 (top)        1.000 (bottom)  
 Mach =   0.050     Re =     0.200 e 6     Ncrit =   9.000
  
   alpha    CL        CD       CDp       CM     Top_Xtr  Bot_Xtr
  ------ -------- --------- --------- -------- -------- --------
  -2.000   0.1924   0.03183   0.02152  -0.0669   0.4484   0.1992
  -1.500   0.2319   0.03176   0.02150  -0.0656   0.4427   0.2063
  -1.000   0.2962   0.03175   0.02129  -0.0678   0.4375   0.2159
  -0.500   0.3069   0.03257   0.02232  -0.0626   0.4329   0.2229
   0.000   0.3365   0.03325   0.02308  -0.0603   0.4285   0.2322
   0.500   0.3818   0.03347   0.02328  -0.0600   0.4247   0.2442
   1.000   0.4498   0.03344   0.02313  -0.0629   0.4212   0.2607
   1.500   0.4544   0.03488   0.02490  -0.0577   0.4178   0.2755
   2.000   0.4557   0.03682   0.02711  -0.0526   0.4139   0.2945
   2.500   0.4709   0.03796   0.02897  -0.0497   0.4106   0.3926
   3.000   0.5033   0.03866   0.03047  -0.0480   0.4078   0.5867
   3.500   0.5621   0.03903   0.03097  -0.0492   0.4053   0.6610
   5.000  -0.2366   0.13732   0.12908  -0.0040   0.3778   0.2511
   5.500  -0.1929   0.13973   0.13157  -0.0050   0.3749   0.2689
   6.000  -0.1407   0.14249   0.13458  -0.0067   0.3734   0.3033
   6.500  -0.0836   0.14567   0.13947  -0.0082   0.3726   0.6108
   7.000  -0.1217   0.14895   0.14302  -0.0061   0.3605   0.6504
   7.500  -0.0805   0.15141   0.14604  -0.0051   0.3588   0.7632
   8.000  -0.0356   0.15464   0.14971  -0.0025   0.3578   0.8906
   8.500  -0.0497   0.15938   0.15462  -0.0048   0.3469   0.9681
   9.000   0.0080   0.16248   0.15754  -0.0095   0.3448   1.0000
   9.500   0.0602   0.16587   0.16071  -0.0112   0.3437   1.0000
  10.000   0.0365   0.16975   0.16458  -0.0111   0.3341   1.0000
