  
       XFOIL         Version 6.99
  
 Calculated polar for: NACA 9030                                       
  
 1 1 Reynolds number fixed          Mach number fixed         
  
 xtrf =   1.000 (top)        1.000 (bottom)  
 Mach =   0.050     Re =     0.200 e 6     Ncrit =   9.000
  
   alpha    CL        CD       CDp       CM     Top_Xtr  Bot_Xtr
  ------ -------- --------- --------- -------- -------- --------
  -2.000   0.4857   0.01940   0.01130  -0.0230   0.4883   0.6435
  -1.500   0.5226   0.01965   0.01169  -0.0198   0.4760   0.6658
  -1.000   0.5699   0.01984   0.01187  -0.0185   0.4642   0.6900
  -0.500   0.5952   0.02020   0.01241  -0.0134   0.4523   0.7153
   0.000   0.6509   0.02054   0.01268  -0.0138   0.4409   0.7433
   0.500   0.6701   0.02112   0.01352  -0.0080   0.4296   0.7728
   1.000   0.7192   0.02159   0.01398  -0.0072   0.4190   0.8043
   1.500   0.7396   0.02234   0.01496  -0.0019   0.4080   0.8391
   2.000   0.7823   0.02300   0.01560  -0.0001   0.3980   0.8753
   2.500   0.8064   0.02406   0.01681   0.0044   0.3873   0.9111
   3.000   0.8614   0.02521   0.01791   0.0031   0.3769   0.9406
   3.500   0.9223   0.02665   0.01936  -0.0006   0.3655   0.9627
   4.000   0.9942   0.02836   0.02107  -0.0071   0.3540   0.9772
   4.500   1.0825   0.02948   0.02196  -0.0157   0.3431   0.9894
   5.000   1.1328   0.03171   0.02437  -0.0205   0.3320   1.0003
   5.500   1.1447   0.03176   0.02417  -0.0154   0.3248   1.0003
   6.000   1.1046   0.03345   0.02605  -0.0038   0.3176   1.0003
   6.500   1.1207   0.03442   0.02689  -0.0002   0.3099   1.0003
   7.000   1.1206   0.03662   0.02916   0.0044   0.3019   1.0003
   7.500   1.1394   0.03829   0.03078   0.0063   0.2940   1.0003
   8.000   1.1494   0.04089   0.03343   0.0085   0.2862   1.0003
   8.500   1.1656   0.04323   0.03576   0.0098   0.2784   1.0003
   9.000   1.1777   0.04618   0.03876   0.0109   0.2709   1.0003
   9.500   1.1872   0.04940   0.04202   0.0118   0.2632   1.0003
  10.000   1.2017   0.05254   0.04517   0.0122   0.2562   1.0003
  -2.000   0.4857   0.01940   0.01130  -0.0230   0.4883   0.6435
  -1.500   0.5226   0.01965   0.01169  -0.0198   0.4760   0.6658
  -1.000   0.5699   0.01984   0.01187  -0.0185   0.4642   0.6900
  -0.500   0.5952   0.02020   0.01241  -0.0134   0.4523   0.7153
   0.000   0.6509   0.02054   0.01268  -0.0138   0.4409   0.7433
   0.500   0.6701   0.02112   0.01352  -0.0080   0.4296   0.7728
   1.000   0.7192   0.02159   0.01398  -0.0072   0.4190   0.8043
   1.500   0.7396   0.02234   0.01496  -0.0019   0.4080   0.8391
   2.000   0.7823   0.02300   0.01560  -0.0001   0.3980   0.8753
   2.500   0.8064   0.02406   0.01681   0.0044   0.3873   0.9111
   3.000   0.8614   0.02521   0.01791   0.0031   0.3769   0.9406
   3.500   0.9223   0.02665   0.01936  -0.0006   0.3655   0.9627
   4.000   0.9942   0.02836   0.02107  -0.0071   0.3540   0.9772
   4.500   1.0825   0.02948   0.02196  -0.0157   0.3431   0.9894
   5.000   1.1328   0.03171   0.02437  -0.0205   0.3320   1.0003
   5.500   1.1447   0.03176   0.02417  -0.0154   0.3248   1.0003
   6.000   1.1046   0.03345   0.02605  -0.0038   0.3176   1.0003
   6.500   1.1207   0.03442   0.02689  -0.0002   0.3099   1.0003
   7.000   1.1206   0.03662   0.02916   0.0044   0.3019   1.0003
   7.500   1.1394   0.03829   0.03078   0.0063   0.2940   1.0003
   8.000   1.1494   0.04089   0.03343   0.0085   0.2862   1.0003
   8.500   1.1656   0.04323   0.03576   0.0098   0.2784   1.0003
   9.000   1.1777   0.04618   0.03876   0.0109   0.2709   1.0003
   9.500   1.1872   0.04940   0.04202   0.0118   0.2632   1.0003
  10.000   1.2017   0.05254   0.04517   0.0122   0.2562   1.0003
