  
       XFOIL         Version 6.99
  
 Calculated polar for: NACA 8210                                       
  
 1 1 Reynolds number fixed          Mach number fixed         
  
 xtrf =   1.000 (top)        1.000 (bottom)  
 Mach =   0.050     Re =     0.200 e 6     Ncrit =   9.000
  
   alpha    CL        CD       CDp       CM     Top_Xtr  Bot_Xtr
  ------ -------- --------- --------- -------- -------- --------
  -2.000   0.4879   0.03997   0.03320  -0.1175   0.3468   0.0296
  -1.500   0.5537   0.03781   0.03049  -0.1200   0.3338   0.0315
  -1.000   0.6023   0.03387   0.02629  -0.1215   0.3250   0.0344
  -0.500   0.6670   0.03253   0.02441  -0.1224   0.3180   0.0401
   0.000   0.7201   0.02963   0.02116  -0.1237   0.3129   0.0462
   0.500   0.7808   0.02805   0.01918  -0.1241   0.3089   0.0521
   1.000   0.8402   0.02856   0.01920  -0.1233   0.3050   0.0625
   1.500   0.8965   0.02584   0.01618  -0.1245   0.3017   0.0770
   2.000   0.9538   0.02462   0.01462  -0.1252   0.2987   0.0936
   2.500   1.0099   0.02390   0.01367  -0.1255   0.2963   0.1350
   3.000   1.0647   0.02281   0.01250  -0.1258   0.2935   0.1980
   3.500   1.1213   0.02329   0.01269  -0.1237   0.2911   0.0849
   4.000   1.1751   0.02338   0.01274  -0.1236   0.2889   0.0990
   4.500   1.2285   0.02380   0.01313  -0.1237   0.2869   0.1268
   5.000   1.2826   0.02451   0.01371  -0.1240   0.2851   0.1744
