  
       XFOIL         Version 6.99
  
 Calculated polar for: NACA 0018                                       
  
 1 1 Reynolds number fixed          Mach number fixed         
  
 xtrf =   1.000 (top)        1.000 (bottom)  
 Mach =   0.050     Re =     0.200 e 6     Ncrit =   9.000
  
   alpha    CL        CD       CDp       CM     Top_Xtr  Bot_Xtr
  ------ -------- --------- --------- -------- -------- --------
  -2.000  -0.2116   0.01268   0.00631  -0.0064   0.8462   0.5934
  -1.500  -0.1581   0.01237   0.00600  -0.0049   0.8187   0.6269
  -1.000  -0.1049   0.01214   0.00585  -0.0033   0.7892   0.6593
  -0.500  -0.0527   0.01201   0.00573  -0.0016   0.7572   0.6923
   0.000   0.0000   0.01197   0.00569  -0.0000   0.7253   0.7253
   0.500   0.0527   0.01201   0.00573   0.0016   0.6923   0.7572
   1.000   0.1049   0.01214   0.00584   0.0033   0.6593   0.7892
   1.500   0.1581   0.01237   0.00600   0.0049   0.6269   0.8187
   2.000   0.2116   0.01268   0.00631   0.0064   0.5934   0.8462
   2.500   0.2650   0.01310   0.00659   0.0079   0.5619   0.8728
   3.000   0.3197   0.01354   0.00698   0.0091   0.5285   0.8963
   3.500   0.3815   0.01411   0.00742   0.0087   0.4958   0.9155
   4.000   0.4479   0.01471   0.00788   0.0072   0.4619   0.9326
   4.500   0.5337   0.01536   0.00841   0.0014   0.4245   0.9417
   5.000   0.6110   0.01592   0.00886  -0.0030   0.3888   0.9547
   6.000   0.7637   0.01711   0.00975  -0.0121   0.3193   0.9808
   6.500   0.8423   0.01777   0.01024  -0.0174   0.2852   0.9922
   7.000   0.9160   0.01833   0.01074  -0.0220   0.2532   1.0000
   7.500   0.9411   0.01899   0.01126  -0.0173   0.2325   1.0000
   8.000   0.9640   0.01962   0.01188  -0.0119   0.2132   1.0000
   8.500   0.9829   0.02037   0.01258  -0.0058   0.1962   1.0000
   9.000   0.9980   0.02121   0.01337   0.0010   0.1814   1.0000
   9.500   1.0101   0.02214   0.01424   0.0083   0.1685   1.0000
  10.000   1.0189   0.02317   0.01518   0.0161   0.1571   1.0000
  -2.000  -0.2116   0.01268   0.00631  -0.0064   0.8462   0.5934
  -1.500  -0.1581   0.01237   0.00600  -0.0049   0.8187   0.6269
  -1.000  -0.1049   0.01214   0.00585  -0.0033   0.7892   0.6593
  -0.500  -0.0527   0.01201   0.00573  -0.0016   0.7572   0.6923
   0.000   0.0000   0.01197   0.00569  -0.0000   0.7253   0.7253
   0.500   0.0527   0.01201   0.00573   0.0016   0.6923   0.7572
   1.000   0.1049   0.01214   0.00584   0.0033   0.6593   0.7892
   1.500   0.1581   0.01237   0.00600   0.0049   0.6269   0.8187
   2.000   0.2116   0.01268   0.00631   0.0064   0.5934   0.8462
   2.500   0.2650   0.01310   0.00659   0.0079   0.5619   0.8728
   3.000   0.3197   0.01354   0.00698   0.0091   0.5285   0.8963
   3.500   0.3815   0.01411   0.00742   0.0087   0.4958   0.9155
   4.000   0.4479   0.01471   0.00788   0.0072   0.4619   0.9326
   4.500   0.5337   0.01536   0.00841   0.0014   0.4245   0.9417
   5.000   0.6110   0.01592   0.00886  -0.0030   0.3888   0.9547
   6.000   0.7637   0.01711   0.00975  -0.0121   0.3193   0.9808
   6.500   0.8423   0.01777   0.01024  -0.0174   0.2852   0.9922
   7.000   0.9160   0.01833   0.01074  -0.0220   0.2532   1.0000
   7.500   0.9411   0.01899   0.01126  -0.0173   0.2325   1.0000
   8.000   0.9640   0.01962   0.01188  -0.0119   0.2132   1.0000
   8.500   0.9829   0.02037   0.01258  -0.0058   0.1962   1.0000
   9.000   0.9980   0.02121   0.01337   0.0010   0.1814   1.0000
   9.500   1.0101   0.02214   0.01424   0.0083   0.1685   1.0000
  10.000   1.0189   0.02317   0.01518   0.0161   0.1571   1.0000
  -2.000  -0.2116   0.01268   0.00631  -0.0064   0.8462   0.5934
  -1.500  -0.1581   0.01237   0.00600  -0.0049   0.8187   0.6269
  -1.000  -0.1049   0.01214   0.00585  -0.0033   0.7892   0.6593
  -0.500  -0.0527   0.01201   0.00573  -0.0016   0.7572   0.6923
   0.000   0.0000   0.01197   0.00569  -0.0000   0.7253   0.7253
   0.500   0.0527   0.01201   0.00573   0.0016   0.6923   0.7572
   1.000   0.1049   0.01214   0.00584   0.0033   0.6593   0.7892
   1.500   0.1581   0.01237   0.00600   0.0049   0.6269   0.8187
   2.000   0.2116   0.01268   0.00631   0.0064   0.5934   0.8462
   2.500   0.2650   0.01310   0.00659   0.0079   0.5619   0.8728
   3.000   0.3197   0.01354   0.00698   0.0091   0.5285   0.8963
   3.500   0.3815   0.01411   0.00742   0.0087   0.4958   0.9155
   4.000   0.4479   0.01471   0.00788   0.0072   0.4619   0.9326
   4.500   0.5337   0.01536   0.00841   0.0014   0.4245   0.9417
   5.000   0.6110   0.01592   0.00886  -0.0030   0.3888   0.9547
   6.000   0.7637   0.01711   0.00975  -0.0121   0.3193   0.9808
   6.500   0.8423   0.01777   0.01024  -0.0174   0.2852   0.9922
   7.000   0.9160   0.01833   0.01074  -0.0220   0.2532   1.0000
   7.500   0.9411   0.01899   0.01126  -0.0173   0.2325   1.0000
   8.000   0.9640   0.01962   0.01188  -0.0119   0.2132   1.0000
   8.500   0.9829   0.02037   0.01258  -0.0058   0.1962   1.0000
   9.000   0.9980   0.02121   0.01337   0.0010   0.1814   1.0000
   9.500   1.0100   0.02214   0.01424   0.0083   0.1685   1.0000
  10.000   1.0189   0.02317   0.01518   0.0161   0.1571   1.0000
