  
       XFOIL         Version 6.99
  
 Calculated polar for: NACA 2712                                       
  
 1 1 Reynolds number fixed          Mach number fixed         
  
 xtrf =   1.000 (top)        1.000 (bottom)  
 Mach =   0.050     Re =     0.200 e 6     Ncrit =   9.000
  
   alpha    CL        CD       CDp       CM     Top_Xtr  Bot_Xtr
  ------ -------- --------- --------- -------- -------- --------
  -2.000  -0.0878   0.01467   0.00842  -0.0558   0.9773   0.5499
  -1.500  -0.0099   0.01470   0.00868  -0.0602   0.9663   0.6180
  -1.000   0.0684   0.01470   0.00885  -0.0644   0.9549   0.6779
  -0.500   0.1477   0.01451   0.00882  -0.0685   0.9432   0.7295
   0.000   0.2189   0.01409   0.00855  -0.0707   0.9286   0.7753
   0.500   0.2883   0.01345   0.00810  -0.0721   0.9136   0.8178
   1.000   0.3565   0.01262   0.00746  -0.0729   0.8983   0.8621
   1.500   0.4199   0.01161   0.00664  -0.0722   0.8813   0.9133
   2.500   0.5709   0.01004   0.00515  -0.0778   0.8142   1.0000
   3.000   0.6367   0.00973   0.00462  -0.0789   0.7454   1.0000
   3.500   0.6938   0.01013   0.00453  -0.0784   0.6600   1.0000
   4.000   0.7411   0.01086   0.00487  -0.0763   0.5834   1.0000
   4.500   0.7858   0.01163   0.00531  -0.0739   0.5097   1.0000
   5.000   0.8289   0.01248   0.00582  -0.0713   0.4352   1.0000
   5.500   0.8703   0.01347   0.00646  -0.0686   0.3574   1.0000
   6.000   0.9104   0.01464   0.00724  -0.0659   0.2758   1.0000
   6.500   0.9489   0.01610   0.00827  -0.0631   0.1976   1.0000
   7.000   0.9869   0.01771   0.00956  -0.0603   0.1411   1.0000
   7.500   1.0229   0.01953   0.01113  -0.0571   0.1092   1.0000
   8.000   1.0613   0.02114   0.01275  -0.0542   0.0898   1.0000
   8.500   1.0977   0.02298   0.01459  -0.0512   0.0770   1.0000
   9.000   1.1340   0.02502   0.01666  -0.0482   0.0677   1.0000
   9.500   1.1711   0.02740   0.01904  -0.0456   0.0609   1.0000
  10.000   1.2064   0.02939   0.02114  -0.0426   0.0552   1.0000
