  
       XFOIL         Version 6.99
  
 Calculated polar for: NACA 9330                                       
  
 1 1 Reynolds number fixed          Mach number fixed         
  
 xtrf =   1.000 (top)        1.000 (bottom)  
 Mach =   0.050     Re =     0.200 e 6     Ncrit =   9.000
  
   alpha    CL        CD       CDp       CM     Top_Xtr  Bot_Xtr
  ------ -------- --------- --------- -------- -------- --------
  -2.000   0.4361   0.02850   0.01844  -0.1131   0.4543   0.1336
  -1.500   0.4842   0.02835   0.01818  -0.1126   0.4476   0.1388
  -1.000   0.5253   0.02858   0.01835  -0.1110   0.4412   0.1450
  -0.500   0.5784   0.02848   0.01812  -0.1113   0.4359   0.1517
   0.000   0.6348   0.02881   0.01831  -0.1122   0.4314   0.1602
   0.500   0.6712   0.02919   0.01884  -0.1102   0.4273   0.1675
   1.000   0.7150   0.02975   0.01934  -0.1093   0.4233   0.1769
   1.500   0.7655   0.02996   0.01959  -0.1096   0.4195   0.1884
   2.000   0.8348   0.03016   0.01968  -0.1127   0.4158   0.2036
   2.500   0.8655   0.03113   0.02081  -0.1102   0.4131   0.2175
   3.000   0.8912   0.03237   0.02222  -0.1072   0.4102   0.2333
   3.500   0.9216   0.03348   0.02353  -0.1051   0.4073   0.2562
   4.500   1.0035   0.03358   0.02584  -0.1026   0.4016   1.0000
   5.000   1.0649   0.03456   0.02651  -0.1049   0.3991   1.0000
   5.500   1.0790   0.03714   0.02912  -0.1012   0.3968   1.0000
   6.000   1.0361   0.04214   0.03446  -0.0917   0.3941   1.0000
   7.000   0.2231   0.14855   0.14074  -0.0612   0.3705   0.2054
   7.500   0.2684   0.15111   0.14336  -0.0621   0.3677   0.2232
   8.000   0.3217   0.15421   0.14655  -0.0633   0.3663   0.2507
   8.500   0.3711   0.15705   0.15177  -0.0627   0.3655   0.8374
