  
       XFOIL         Version 6.99
  
 Calculated polar for: NACA 4228                                       
  
 1 1 Reynolds number fixed          Mach number fixed         
  
 xtrf =   1.000 (top)        1.000 (bottom)  
 Mach =   0.050     Re =     0.200 e 6     Ncrit =   9.000
  
   alpha    CL        CD       CDp       CM     Top_Xtr  Bot_Xtr
  ------ -------- --------- --------- -------- -------- --------
  -2.000   0.1263   0.01691   0.00934  -0.0475   0.5543   0.5486
  -1.500   0.1669   0.01701   0.00938  -0.0443   0.5358   0.5734
  -1.000   0.2072   0.01712   0.00942  -0.0411   0.5171   0.5976
  -0.500   0.2465   0.01726   0.00946  -0.0378   0.4982   0.6212
   0.000   0.2843   0.01744   0.00954  -0.0343   0.4794   0.6454
   0.500   0.3175   0.01764   0.00968  -0.0299   0.4606   0.6705
   1.000   0.3463   0.01786   0.00993  -0.0248   0.4420   0.6964
   1.500   0.3780   0.01824   0.01032  -0.0204   0.4237   0.7247
   2.000   0.4122   0.01876   0.01085  -0.0166   0.4064   0.7555
   2.500   0.4483   0.01938   0.01146  -0.0131   0.3906   0.7862
   3.000   0.4870   0.02004   0.01204  -0.0103   0.3768   0.8153
   3.500   0.5219   0.02076   0.01280  -0.0068   0.3649   0.8458
   4.000   0.5626   0.02162   0.01362  -0.0042   0.3551   0.8773
   4.500   0.6037   0.02252   0.01448  -0.0019   0.3467   0.9090
   5.000   0.6610   0.02363   0.01545  -0.0026   0.3392   0.9359
   5.500   0.7267   0.02494   0.01674  -0.0058   0.3318   0.9560
   6.000   0.8262   0.02624   0.01778  -0.0152   0.3253   0.9630
   6.500   0.9039   0.02768   0.01924  -0.0213   0.3203   0.9761
   7.000   0.9856   0.02902   0.02057  -0.0284   0.3153   0.9862
   7.500   1.0716   0.03012   0.02154  -0.0360   0.3106   0.9949
   8.000   1.1536   0.03127   0.02253  -0.0425   0.3068   1.0000
   8.500   1.1296   0.03195   0.02333  -0.0312   0.3049   1.0000
   9.000   1.1188   0.03296   0.02444  -0.0221   0.3027   1.0000
   9.500   1.1200   0.03424   0.02579  -0.0153   0.3000   1.0000
  10.000   1.1341   0.03558   0.02714  -0.0107   0.2972   1.0000
  -2.000   0.1263   0.01691   0.00934  -0.0475   0.5543   0.5486
  -1.500   0.1669   0.01701   0.00938  -0.0443   0.5358   0.5734
  -1.000   0.2072   0.01712   0.00942  -0.0411   0.5171   0.5976
  -0.500   0.2465   0.01726   0.00946  -0.0378   0.4982   0.6212
   0.000   0.2843   0.01744   0.00954  -0.0343   0.4794   0.6454
   0.500   0.3175   0.01764   0.00968  -0.0299   0.4606   0.6705
   1.000   0.3463   0.01786   0.00993  -0.0248   0.4420   0.6964
   1.500   0.3780   0.01824   0.01032  -0.0204   0.4237   0.7247
   2.000   0.4122   0.01876   0.01085  -0.0166   0.4064   0.7555
   2.500   0.4483   0.01938   0.01146  -0.0131   0.3906   0.7862
   3.000   0.4870   0.02004   0.01204  -0.0103   0.3768   0.8153
   3.500   0.5219   0.02076   0.01280  -0.0068   0.3649   0.8458
   4.000   0.5626   0.02162   0.01362  -0.0042   0.3551   0.8773
   4.500   0.6037   0.02252   0.01448  -0.0019   0.3467   0.9090
   5.000   0.6610   0.02363   0.01545  -0.0026   0.3392   0.9359
   5.500   0.7267   0.02494   0.01674  -0.0058   0.3318   0.9560
   6.000   0.8262   0.02624   0.01778  -0.0152   0.3253   0.9630
   6.500   0.9039   0.02768   0.01924  -0.0213   0.3203   0.9761
   7.000   0.9856   0.02902   0.02057  -0.0284   0.3153   0.9862
   7.500   1.0716   0.03012   0.02154  -0.0360   0.3106   0.9949
   8.000   1.1536   0.03127   0.02253  -0.0425   0.3068   1.0000
   8.500   1.1296   0.03195   0.02333  -0.0312   0.3049   1.0000
   9.000   1.1188   0.03296   0.02444  -0.0221   0.3027   1.0000
   9.500   1.1200   0.03424   0.02579  -0.0153   0.3000   1.0000
  10.000   1.1341   0.03558   0.02714  -0.0107   0.2972   1.0000
  -2.000   0.1263   0.01691   0.00934  -0.0475   0.5543   0.5486
  -1.500   0.1669   0.01701   0.00938  -0.0443   0.5358   0.5734
  -1.000   0.2072   0.01712   0.00942  -0.0411   0.5171   0.5976
  -0.500   0.2465   0.01726   0.00946  -0.0378   0.4982   0.6212
   0.000   0.2843   0.01744   0.00954  -0.0343   0.4794   0.6454
   0.500   0.3175   0.01764   0.00968  -0.0299   0.4606   0.6705
   1.000   0.3463   0.01786   0.00993  -0.0248   0.4420   0.6964
   1.500   0.3780   0.01824   0.01032  -0.0204   0.4237   0.7247
   2.000   0.4122   0.01876   0.01085  -0.0166   0.4064   0.7555
   2.500   0.4483   0.01938   0.01146  -0.0131   0.3906   0.7862
   3.000   0.4870   0.02004   0.01204  -0.0103   0.3768   0.8153
   3.500   0.5219   0.02076   0.01280  -0.0068   0.3649   0.8458
   4.000   0.5626   0.02162   0.01362  -0.0042   0.3551   0.8773
   4.500   0.6037   0.02252   0.01448  -0.0019   0.3467   0.9090
   5.000   0.6610   0.02363   0.01545  -0.0026   0.3392   0.9359
   5.500   0.7267   0.02494   0.01674  -0.0058   0.3318   0.9560
   6.000   0.8262   0.02624   0.01778  -0.0152   0.3253   0.9630
   6.500   0.9039   0.02768   0.01924  -0.0213   0.3203   0.9761
   7.000   0.9856   0.02902   0.02057  -0.0284   0.3153   0.9862
   7.500   1.0716   0.03012   0.02154  -0.0360   0.3106   0.9949
   8.000   1.1536   0.03127   0.02253  -0.0425   0.3068   1.0000
   8.500   1.1296   0.03195   0.02333  -0.0312   0.3049   1.0000
   9.000   1.1188   0.03296   0.02444  -0.0221   0.3027   1.0000
   9.500   1.1200   0.03424   0.02579  -0.0153   0.3000   1.0000
  10.000   1.1341   0.03558   0.02714  -0.0107   0.2972   1.0000
