  
       XFOIL         Version 6.99
  
 Calculated polar for: NACA 9814                                       
  
 1 1 Reynolds number fixed          Mach number fixed         
  
 xtrf =   1.000 (top)        1.000 (bottom)  
 Mach =   0.050     Re =     0.200 e 6     Ncrit =   9.000
  
   alpha    CL        CD       CDp       CM     Top_Xtr  Bot_Xtr
  ------ -------- --------- --------- -------- -------- --------
  -1.000   0.5381   0.05717   0.05093  -0.2479   0.9030   0.2929
  -0.500   0.6177   0.05705   0.05087  -0.2529   0.8914   0.3411
   0.000   0.6898   0.05682   0.05075  -0.2564   0.8802   0.3856
   0.500   0.7573   0.05647   0.05054  -0.2589   0.8693   0.4279
   2.000   0.9623   0.05428   0.04870  -0.2657   0.8433   0.5451
   2.500   1.0143   0.05305   0.04765  -0.2645   0.8300   0.5735
   3.000   1.0727   0.05172   0.04642  -0.2643   0.8183   0.6037
   3.500   1.1260   0.05029   0.04514  -0.2629   0.8056   0.6274
   4.000   1.1789   0.04875   0.04373  -0.2611   0.7933   0.6481
   4.500   1.2323   0.04713   0.04224  -0.2592   0.7810   0.6673
   6.000   1.4396   0.03888   0.03419  -0.2616   0.7386   0.7184
   6.500   1.5162   0.03633   0.03155  -0.2643   0.7037   0.7357
   7.000   1.5699   0.03568   0.03075  -0.2632   0.6571   0.7514
   7.500   1.6110   0.03609   0.03094  -0.2600   0.6092   0.7666
   8.000   1.6395   0.03745   0.03218  -0.2547   0.5605   0.7811
   8.500   1.6635   0.03906   0.03360  -0.2488   0.5119   0.7946
   9.000   1.6823   0.04102   0.03543  -0.2421   0.4610   0.8069
   9.500   1.6979   0.04342   0.03766  -0.2353   0.4075   0.8188
  10.000   1.7091   0.04629   0.04031  -0.2281   0.3504   0.8302
