  
       XFOIL         Version 6.99
  
 Calculated polar for: NACA 4130                                       
  
 1 1 Reynolds number fixed          Mach number fixed         
  
 xtrf =   1.000 (top)        1.000 (bottom)  
 Mach =   0.050     Re =     0.200 e 6     Ncrit =   9.000
  
   alpha    CL        CD       CDp       CM     Top_Xtr  Bot_Xtr
  ------ -------- --------- --------- -------- -------- --------
  -2.000   0.1487   0.01822   0.01033  -0.0362   0.5585   0.4942
  -1.500   0.1797   0.01828   0.01048  -0.0313   0.5434   0.5238
  -1.000   0.2193   0.01843   0.01063  -0.0281   0.5292   0.5525
  -0.500   0.2631   0.01855   0.01067  -0.0256   0.5147   0.5798
   0.000   0.2945   0.01867   0.01089  -0.0209   0.4996   0.6040
   0.500   0.3329   0.01883   0.01104  -0.0176   0.4848   0.6298
   1.000   0.3737   0.01897   0.01110  -0.0147   0.4694   0.6556
   1.500   0.3895   0.01906   0.01133  -0.0072   0.4542   0.6812
   2.000   0.4192   0.01935   0.01165  -0.0025   0.4396   0.7088
   2.500   0.4609   0.01969   0.01190  -0.0001   0.4263   0.7345
   3.000   0.4857   0.02018   0.01255   0.0049   0.4131   0.7601
   3.500   0.5209   0.02073   0.01310   0.0081   0.4007   0.7868
   4.000   0.5536   0.02133   0.01371   0.0116   0.3882   0.8147
   4.500   0.5794   0.02217   0.01468   0.0160   0.3755   0.8436
   5.000   0.6103   0.02308   0.01557   0.0197   0.3635   0.8729
   5.500   0.6371   0.02422   0.01673   0.0236   0.3508   0.9028
   6.000   0.6679   0.02574   0.01829   0.0260   0.3374   0.9314
   6.500   0.7152   0.02760   0.02009   0.0246   0.3229   0.9525
   7.000   0.7750   0.02991   0.02231   0.0197   0.3067   0.9651
   7.500   0.8297   0.03255   0.02489   0.0148   0.2897   0.9781
   8.000   0.8806   0.03571   0.02797   0.0096   0.2717   0.9906
   8.500   0.9294   0.03935   0.03151   0.0037   0.2536   0.9992
   9.000   0.9042   0.04130   0.03338   0.0116   0.2429   1.0000
   9.500   0.8860   0.04343   0.03535   0.0187   0.2331   1.0000
  10.000   0.8785   0.04603   0.03787   0.0237   0.2235   1.0000
  -2.000   0.1487   0.01822   0.01033  -0.0362   0.5585   0.4942
  -1.500   0.1797   0.01828   0.01048  -0.0313   0.5434   0.5238
  -1.000   0.2193   0.01843   0.01063  -0.0281   0.5292   0.5525
  -0.500   0.2631   0.01855   0.01067  -0.0256   0.5147   0.5798
   0.000   0.2945   0.01867   0.01089  -0.0209   0.4996   0.6040
   0.500   0.3329   0.01883   0.01104  -0.0176   0.4848   0.6298
   1.000   0.3737   0.01897   0.01110  -0.0147   0.4694   0.6556
   1.500   0.3895   0.01906   0.01133  -0.0072   0.4542   0.6812
   2.000   0.4192   0.01935   0.01165  -0.0025   0.4396   0.7088
   2.500   0.4609   0.01969   0.01190  -0.0001   0.4263   0.7345
   3.000   0.4857   0.02018   0.01255   0.0049   0.4131   0.7601
   3.500   0.5209   0.02073   0.01310   0.0081   0.4007   0.7868
   4.000   0.5536   0.02133   0.01371   0.0116   0.3882   0.8147
   4.500   0.5794   0.02217   0.01468   0.0160   0.3755   0.8436
   5.000   0.6103   0.02308   0.01557   0.0197   0.3635   0.8729
   5.500   0.6371   0.02422   0.01673   0.0236   0.3508   0.9028
   6.000   0.6679   0.02574   0.01829   0.0260   0.3374   0.9314
   6.500   0.7152   0.02760   0.02009   0.0246   0.3229   0.9525
   7.000   0.7750   0.02991   0.02231   0.0197   0.3067   0.9651
   7.500   0.8297   0.03255   0.02489   0.0148   0.2897   0.9781
   8.000   0.8806   0.03571   0.02797   0.0096   0.2717   0.9906
   8.500   0.9294   0.03935   0.03151   0.0037   0.2536   0.9992
   9.000   0.9042   0.04130   0.03338   0.0116   0.2429   1.0000
   9.500   0.8860   0.04343   0.03535   0.0187   0.2331   1.0000
  10.000   0.8785   0.04603   0.03787   0.0237   0.2235   1.0000
  -2.000   0.1487   0.01822   0.01033  -0.0362   0.5585   0.4942
  -1.500   0.1797   0.01828   0.01048  -0.0313   0.5434   0.5238
  -1.000   0.2193   0.01843   0.01063  -0.0281   0.5292   0.5525
  -0.500   0.2631   0.01855   0.01067  -0.0256   0.5147   0.5798
   0.000   0.2945   0.01867   0.01089  -0.0209   0.4996   0.6040
   0.500   0.3329   0.01883   0.01104  -0.0176   0.4848   0.6298
   1.000   0.3737   0.01897   0.01110  -0.0147   0.4694   0.6556
   1.500   0.3895   0.01906   0.01133  -0.0072   0.4542   0.6812
   2.000   0.4192   0.01935   0.01165  -0.0025   0.4396   0.7088
   2.500   0.4609   0.01969   0.01190  -0.0001   0.4263   0.7345
   3.000   0.4857   0.02018   0.01255   0.0049   0.4131   0.7601
   3.500   0.5209   0.02073   0.01310   0.0081   0.4007   0.7868
   4.000   0.5536   0.02133   0.01371   0.0116   0.3882   0.8147
   4.500   0.5794   0.02217   0.01468   0.0160   0.3755   0.8436
   5.000   0.6103   0.02308   0.01557   0.0197   0.3635   0.8729
   5.500   0.6371   0.02422   0.01673   0.0236   0.3508   0.9028
   6.000   0.6679   0.02574   0.01829   0.0260   0.3374   0.9314
   6.500   0.7152   0.02760   0.02009   0.0246   0.3229   0.9525
   7.000   0.7750   0.02991   0.02231   0.0197   0.3067   0.9651
   7.500   0.8297   0.03255   0.02489   0.0148   0.2897   0.9781
   8.000   0.8806   0.03571   0.02797   0.0096   0.2717   0.9906
   8.500   0.9294   0.03935   0.03151   0.0037   0.2536   0.9992
   9.000   0.9042   0.04130   0.03338   0.0116   0.2429   1.0000
   9.500   0.8860   0.04343   0.03535   0.0187   0.2331   1.0000
  10.000   0.8785   0.04603   0.03787   0.0237   0.2235   1.0000
