  
       XFOIL         Version 6.99
  
 Calculated polar for: NACA 4140                                       
  
 1 1 Reynolds number fixed          Mach number fixed         
  
 xtrf =   1.000 (top)        1.000 (bottom)  
 Mach =   0.050     Re =     0.200 e 6     Ncrit =   9.000
  
   alpha    CL        CD       CDp       CM     Top_Xtr  Bot_Xtr
  ------ -------- --------- --------- -------- -------- --------
  -2.000  -0.0119   0.02567   0.01725   0.0001   0.5059   0.4932
  -1.500   0.0178   0.02567   0.01718   0.0042   0.4970   0.5034
  -1.000   0.0364   0.02582   0.01725   0.0099   0.4884   0.5133
  -0.500   0.0549   0.02613   0.01768   0.0155   0.4791   0.5229
   0.000   0.1168   0.02608   0.01737   0.0138   0.4708   0.5354
   0.500   0.1063   0.02679   0.01834   0.0237   0.4621   0.5449
   1.000   0.1485   0.02691   0.01839   0.0251   0.4539   0.5574
   1.500   0.1745   0.02748   0.01899   0.0286   0.4459   0.5693
   2.000   0.1918   0.02820   0.01981   0.0334   0.4372   0.5814
   2.500   0.2686   0.02798   0.01937   0.0294   0.4299   0.5964
   3.000   0.2440   0.02972   0.02143   0.0394   0.4214   0.6081
   3.500   0.2895   0.02993   0.02155   0.0397   0.4141   0.6234
   4.000   0.3129   0.03110   0.02285   0.0426   0.4065   0.6381
   4.500   0.3230   0.03250   0.02433   0.0468   0.3983   0.6534
   5.000   0.4036   0.03201   0.02370   0.0427   0.3920   0.6721
   5.500   0.3598   0.03554   0.02761   0.0523   0.3830   0.6866
   6.000   0.4164   0.03549   0.02745   0.0510   0.3763   0.7069
   6.500   0.4006   0.03877   0.03104   0.0565   0.3674   0.7243
   7.000   0.4437   0.03915   0.03137   0.0564   0.3595   0.7460
   7.500   0.4278   0.04300   0.03544   0.0609   0.3501   0.7671
   8.000   0.4680   0.04373   0.03622   0.0610   0.3428   0.7906
   8.500   0.4479   0.04856   0.04133   0.0651   0.3343   0.8134
   9.000   0.4741   0.05041   0.04324   0.0660   0.3272   0.8395
   9.500   0.1876   0.08018   0.07391   0.0798   0.2975   0.8491
  10.000   0.2796   0.07578   0.06945   0.0785   0.2979   0.8834
  -2.000  -0.0119   0.02567   0.01725   0.0001   0.5059   0.4932
  -1.500   0.0178   0.02567   0.01718   0.0042   0.4970   0.5034
  -1.000   0.0364   0.02582   0.01725   0.0099   0.4884   0.5133
  -0.500   0.0549   0.02613   0.01768   0.0155   0.4791   0.5229
   0.000   0.1168   0.02608   0.01737   0.0138   0.4708   0.5354
   0.500   0.1063   0.02679   0.01834   0.0237   0.4621   0.5449
   1.000   0.1485   0.02691   0.01839   0.0251   0.4539   0.5574
   1.500   0.1745   0.02748   0.01899   0.0286   0.4459   0.5693
   2.000   0.1918   0.02820   0.01981   0.0334   0.4372   0.5814
   2.500   0.2686   0.02798   0.01937   0.0294   0.4299   0.5964
   3.000   0.2440   0.02972   0.02143   0.0394   0.4214   0.6081
   3.500   0.2895   0.02993   0.02155   0.0397   0.4141   0.6234
   4.000   0.3129   0.03110   0.02285   0.0426   0.4065   0.6381
   4.500   0.3230   0.03250   0.02433   0.0468   0.3983   0.6534
   5.000   0.4036   0.03201   0.02370   0.0427   0.3920   0.6721
   5.500   0.3598   0.03554   0.02761   0.0523   0.3830   0.6866
   6.000   0.4164   0.03549   0.02745   0.0510   0.3763   0.7069
   6.500   0.4006   0.03877   0.03104   0.0565   0.3674   0.7243
   7.000   0.4437   0.03915   0.03137   0.0564   0.3595   0.7460
   7.500   0.4278   0.04300   0.03544   0.0609   0.3501   0.7671
   8.000   0.4680   0.04373   0.03622   0.0610   0.3428   0.7906
   8.500   0.4479   0.04856   0.04133   0.0651   0.3343   0.8134
   9.000   0.4741   0.05041   0.04324   0.0660   0.3272   0.8395
   9.500   0.1876   0.08018   0.07391   0.0798   0.2975   0.8491
  10.000   0.2796   0.07578   0.06945   0.0785   0.2979   0.8834
  -2.000  -0.0119   0.02567   0.01725   0.0001   0.5059   0.4932
  -1.500   0.0178   0.02567   0.01718   0.0042   0.4970   0.5034
  -1.000   0.0364   0.02582   0.01725   0.0099   0.4884   0.5133
  -0.500   0.0549   0.02613   0.01768   0.0155   0.4791   0.5229
   0.000   0.1168   0.02608   0.01737   0.0138   0.4708   0.5354
   0.500   0.1063   0.02679   0.01834   0.0237   0.4621   0.5449
   1.000   0.1485   0.02691   0.01839   0.0251   0.4539   0.5574
   1.500   0.1745   0.02748   0.01899   0.0286   0.4459   0.5693
   2.000   0.1918   0.02820   0.01981   0.0334   0.4372   0.5814
   2.500   0.2686   0.02798   0.01937   0.0294   0.4299   0.5964
   3.000   0.2440   0.02972   0.02143   0.0394   0.4214   0.6081
   3.500   0.2895   0.02993   0.02155   0.0397   0.4141   0.6234
   4.000   0.3129   0.03110   0.02285   0.0426   0.4065   0.6381
   4.500   0.3230   0.03250   0.02433   0.0468   0.3983   0.6534
   5.000   0.4036   0.03201   0.02370   0.0427   0.3920   0.6721
   5.500   0.3598   0.03554   0.02761   0.0523   0.3830   0.6866
   6.000   0.4164   0.03549   0.02745   0.0510   0.3763   0.7069
   6.500   0.4006   0.03877   0.03104   0.0565   0.3674   0.7243
   7.000   0.4437   0.03915   0.03137   0.0564   0.3595   0.7460
   7.500   0.4278   0.04300   0.03544   0.0609   0.3501   0.7671
   8.000   0.4680   0.04373   0.03622   0.0610   0.3428   0.7906
   8.500   0.4479   0.04856   0.04133   0.0651   0.3343   0.8134
   9.000   0.4741   0.05041   0.04324   0.0660   0.3272   0.8395
   9.500   0.1876   0.08018   0.07391   0.0798   0.2975   0.8491
  10.000   0.2796   0.07578   0.06945   0.0785   0.2979   0.8834
