  
       XFOIL         Version 6.99
  
 Calculated polar for: NACA 6440                                       
  
 1 1 Reynolds number fixed          Mach number fixed         
  
 xtrf =   1.000 (top)        1.000 (bottom)  
 Mach =   0.050     Re =     0.200 e 6     Ncrit =   9.000
  
   alpha    CL        CD       CDp       CM     Top_Xtr  Bot_Xtr
  ------ -------- --------- --------- -------- -------- --------
  -2.000   0.0970   0.03029   0.02079  -0.0685   0.5313   0.3142
  -1.500   0.0767   0.03146   0.02223  -0.0579   0.5242   0.3208
  -1.000   0.1219   0.03152   0.02225  -0.0573   0.5189   0.3314
  -0.500   0.2056   0.03086   0.02149  -0.0625   0.5149   0.3449
   0.000   0.1259   0.03459   0.02554  -0.0447   0.5066   0.3486
   0.500   0.1322   0.03626   0.02723  -0.0395   0.5000   0.3586
   1.000   0.2158   0.03509   0.02606  -0.0441   0.4969   0.3755
   2.000   0.0875   0.04719   0.03847  -0.0206   0.4764   0.3870
   2.500   0.1887   0.04440   0.03573  -0.0261   0.4758   0.4113
   4.000  -0.2761   0.10057   0.09251   0.0105   0.4042   0.3937
   5.000  -0.3186   0.11643   0.10865   0.0136   0.3983   0.4134
   5.500  -0.2816   0.11890   0.11132   0.0128   0.3946   0.4369
   6.000  -0.2411   0.12165   0.11426   0.0118   0.3929   0.4675
   6.500  -0.1985   0.12480   0.11767   0.0106   0.3919   0.5080
   7.500  -0.2097   0.13560   0.12900   0.0118   0.3812   0.5782
   8.000  -0.1594   0.13750   0.13116   0.0107   0.3781   0.6366
   8.500  -0.0743   0.13891   0.13287   0.0087   0.3762   0.7044
   9.000  -0.1304   0.14519   0.13943   0.0111   0.3657   0.7285
   9.500  -0.0838   0.14716   0.14169   0.0113   0.3633   0.7949
  10.000  -0.0273   0.14969   0.14455   0.0128   0.3621   0.8871
