  
       XFOIL         Version 6.99
  
 Calculated polar for: NACA 5408                                       
  
 1 1 Reynolds number fixed          Mach number fixed         
  
 xtrf =   1.000 (top)        1.000 (bottom)  
 Mach =   0.050     Re =     0.200 e 6     Ncrit =   9.000
  
   alpha    CL        CD       CDp       CM     Top_Xtr  Bot_Xtr
  ------ -------- --------- --------- -------- -------- --------
  -2.000   0.3531   0.01405   0.00663  -0.1344   0.9025   0.0895
  -1.500   0.4142   0.01290   0.00553  -0.1349   0.8876   0.1354
  -1.000   0.4720   0.01196   0.00489  -0.1349   0.8701   0.2250
  -0.500   0.5254   0.01073   0.00454  -0.1344   0.8491   0.4855
   0.000   0.5781   0.00955   0.00407  -0.1322   0.8285   1.0000
   0.500   0.6326   0.00960   0.00383  -0.1314   0.8029   1.0000
   1.000   0.6869   0.00972   0.00370  -0.1306   0.7758   1.0000
   1.500   0.7409   0.00992   0.00369  -0.1298   0.7480   1.0000
   2.000   0.7946   0.01020   0.00378  -0.1291   0.7201   1.0000
   2.500   0.8480   0.01055   0.00398  -0.1285   0.6932   1.0000
   3.000   0.9014   0.01096   0.00428  -0.1279   0.6687   1.0000
   3.500   0.9545   0.01141   0.00466  -0.1273   0.6456   1.0000
   4.000   1.0075   0.01191   0.00516  -0.1267   0.6245   1.0000
   4.500   1.0602   0.01243   0.00572  -0.1262   0.6045   1.0000
   5.000   1.1131   0.01300   0.00634  -0.1256   0.5859   1.0000
   5.500   1.1599   0.01333   0.00673  -0.1236   0.5494   1.0000
   6.000   1.2036   0.01371   0.00709  -0.1210   0.5022   1.0000
   6.500   1.2467   0.01428   0.00769  -0.1184   0.4536   1.0000
   7.000   1.2763   0.01556   0.00858  -0.1137   0.3208   1.0000
   7.500   1.2635   0.02112   0.01232  -0.1037   0.0650   1.0000
   8.000   1.2755   0.02414   0.01537  -0.0969   0.0466   1.0000
   8.500   1.2897   0.02680   0.01824  -0.0906   0.0392   1.0000
   9.000   1.2970   0.03074   0.02225  -0.0841   0.0347   1.0000
   9.500   1.3221   0.03357   0.02530  -0.0800   0.0305   1.0000
  10.000   1.3558   0.03732   0.02916  -0.0770   0.0278   1.0000
