  
       XFOIL         Version 6.99
  
 Calculated polar for: NACA 7510                                       
  
 1 1 Reynolds number fixed          Mach number fixed         
  
 xtrf =   1.000 (top)        1.000 (bottom)  
 Mach =   0.050     Re =     0.200 e 6     Ncrit =   9.000
  
   alpha    CL        CD       CDp       CM     Top_Xtr  Bot_Xtr
  ------ -------- --------- --------- -------- -------- --------
  -2.000   0.5976   0.01777   0.01031  -0.2061   0.8570   0.1416
  -1.500   0.6504   0.01742   0.01006  -0.2057   0.8459   0.1882
  -0.500   0.7753   0.01632   0.00930  -0.2082   0.8307   0.3351
   0.000   0.8309   0.01607   0.00930  -0.2082   0.8206   0.4285
   0.500   0.8971   0.01515   0.00884  -0.2099   0.8143   0.5925
   1.000   0.9419   0.01458   0.00880  -0.2071   0.8025   1.0000
   1.500   0.9992   0.01465   0.00872  -0.2073   0.7922   1.0000
   2.000   1.0645   0.01442   0.00833  -0.2088   0.7840   1.0000
   2.500   1.1170   0.01464   0.00852  -0.2081   0.7712   1.0000
   3.000   1.1707   0.01484   0.00869  -0.2076   0.7586   1.0000
   3.500   1.2254   0.01501   0.00888  -0.2073   0.7459   1.0000
   4.000   1.2805   0.01517   0.00907  -0.2071   0.7329   1.0000
   4.500   1.3349   0.01535   0.00929  -0.2067   0.7192   1.0000
   5.000   1.3876   0.01558   0.00961  -0.2059   0.7042   1.0000
   5.500   1.4383   0.01586   0.00999  -0.2048   0.6877   1.0000
   6.000   1.4899   0.01577   0.00993  -0.2033   0.6647   1.0000
   6.500   1.5219   0.01574   0.00987  -0.1977   0.6226   1.0000
   7.000   1.5579   0.01616   0.01030  -0.1934   0.5875   1.0000
   7.500   1.5836   0.01689   0.01106  -0.1874   0.5461   1.0000
   8.000   1.5963   0.01801   0.01210  -0.1790   0.4946   1.0000
   8.500   1.5951   0.02003   0.01383  -0.1690   0.4202   1.0000
   9.000   1.5723   0.02379   0.01700  -0.1568   0.3103   1.0000
   9.500   1.5314   0.02990   0.02218  -0.1444   0.1721   1.0000
  10.000   1.5018   0.03630   0.02794  -0.1350   0.0877   1.0000
