  
       XFOIL         Version 6.99
  
 Calculated polar for: NACA 2606                                       
  
 1 1 Reynolds number fixed          Mach number fixed         
  
 xtrf =   1.000 (top)        1.000 (bottom)  
 Mach =   0.050     Re =     0.200 e 6     Ncrit =   9.000
  
   alpha    CL        CD       CDp       CM     Top_Xtr  Bot_Xtr
  ------ -------- --------- --------- -------- -------- --------
  -2.000  -0.0396   0.00946   0.00371  -0.0560   1.0000   0.6062
  -1.500   0.0023   0.00862   0.00367  -0.0520   1.0000   0.8753
  -1.000   0.0498   0.00872   0.00359  -0.0509   1.0000   1.0000
  -0.500   0.1023   0.00903   0.00368  -0.0509   1.0000   1.0000
   0.000   0.1540   0.00941   0.00394  -0.0510   1.0000   1.0000
   0.500   0.2105   0.00986   0.00432  -0.0521   0.9980   1.0000
   1.000   0.2967   0.01021   0.00469  -0.0590   0.9853   1.0000
   1.500   0.3847   0.01037   0.00499  -0.0660   0.9704   1.0000
   2.000   0.4707   0.01016   0.00498  -0.0718   0.9483   1.0000
   2.500   0.5574   0.00897   0.00409  -0.0752   0.9041   1.0000
   3.000   0.6119   0.00836   0.00350  -0.0719   0.8070   1.0000
   3.500   0.6420   0.01053   0.00373  -0.0650   0.3763   1.0000
   4.000   0.6743   0.01465   0.00611  -0.0614   0.0534   1.0000
   4.500   0.7205   0.01698   0.00847  -0.0593   0.0382   1.0000
   5.000   0.7689   0.02104   0.01267  -0.0572   0.0327   1.0000
   5.500   0.8210   0.02477   0.01701  -0.0552   0.0293   1.0000
   6.000   0.8704   0.03188   0.02506  -0.0518   0.0367   1.0000
