  
       XFOIL         Version 6.99
  
 Calculated polar for: NACA 7414                                       
  
 1 1 Reynolds number fixed          Mach number fixed         
  
 xtrf =   1.000 (top)        1.000 (bottom)  
 Mach =   0.050     Re =     0.200 e 6     Ncrit =   9.000
  
   alpha    CL        CD       CDp       CM     Top_Xtr  Bot_Xtr
  ------ -------- --------- --------- -------- -------- --------
  -2.000   0.5717   0.01575   0.00765  -0.1743   0.7330   0.1291
  -1.500   0.6273   0.01533   0.00708  -0.1740   0.7141   0.1508
  -1.000   0.6823   0.01496   0.00666  -0.1738   0.6953   0.1778
  -0.500   0.7370   0.01478   0.00643  -0.1735   0.6774   0.2129
   0.000   0.7912   0.01470   0.00634  -0.1732   0.6600   0.2585
   0.500   0.8445   0.01460   0.00637  -0.1729   0.6438   0.3207
   1.500   0.9451   0.01365   0.00668  -0.1705   0.6154   1.0000
   2.000   1.0002   0.01413   0.00690  -0.1705   0.6037   1.0000
   2.500   1.0543   0.01460   0.00717  -0.1703   0.5921   1.0000
   3.000   1.1062   0.01515   0.00764  -0.1698   0.5814   1.0000
   3.500   1.1624   0.01572   0.00801  -0.1701   0.5721   1.0000
   4.000   1.2122   0.01628   0.00859  -0.1693   0.5621   1.0000
   4.500   1.2666   0.01691   0.00913  -0.1694   0.5536   1.0000
   5.000   1.3162   0.01753   0.00977  -0.1686   0.5445   1.0000
   5.500   1.3698   0.01823   0.01043  -0.1686   0.5365   1.0000
   6.000   1.4175   0.01890   0.01118  -0.1676   0.5275   1.0000
   6.500   1.4709   0.01965   0.01191  -0.1676   0.5198   1.0000
   7.000   1.5155   0.02039   0.01279  -0.1660   0.5107   1.0000
   7.500   1.5683   0.02118   0.01360  -0.1660   0.5029   1.0000
   8.000   1.6093   0.02199   0.01458  -0.1638   0.4936   1.0000
   8.500   1.6596   0.02281   0.01546  -0.1634   0.4853   1.0000
   9.000   1.6983   0.02363   0.01646  -0.1609   0.4757   1.0000
   9.500   1.7403   0.02453   0.01750  -0.1590   0.4664   1.0000
  10.000   1.7859   0.02502   0.01804  -0.1576   0.4552   1.0000
