  
       XFOIL         Version 6.99
  
 Calculated polar for: NACA 9414                                       
  
 1 1 Reynolds number fixed          Mach number fixed         
  
 xtrf =   1.000 (top)        1.000 (bottom)  
 Mach =   0.050     Re =     0.200 e 6     Ncrit =   9.000
  
   alpha    CL        CD       CDp       CM     Top_Xtr  Bot_Xtr
  ------ -------- --------- --------- -------- -------- --------
  -2.000   0.7702   0.01864   0.01074  -0.2164   0.6896   0.0903
  -1.500   0.8256   0.01781   0.00956  -0.2165   0.6727   0.1016
  -1.000   0.8804   0.01734   0.00885  -0.2164   0.6569   0.1158
  -0.500   0.9355   0.01710   0.00845  -0.2164   0.6425   0.1338
   0.000   0.9913   0.01702   0.00819  -0.2166   0.6290   0.1575
   0.500   1.0418   0.01702   0.00820  -0.2159   0.6157   0.1853
   1.000   1.0948   0.01717   0.00835  -0.2157   0.6045   0.2214
   1.500   1.1527   0.01733   0.00845  -0.2165   0.5948   0.2706
   2.000   1.2010   0.01749   0.00886  -0.2156   0.5847   0.3376
   2.500   1.2525   0.01676   0.00912  -0.2150   0.5772   1.0000
   3.000   1.2999   0.01738   0.00963  -0.2138   0.5683   1.0000
   3.500   1.3583   0.01800   0.01000  -0.2148   0.5615   1.0000
   4.000   1.4033   0.01874   0.01077  -0.2133   0.5540   1.0000
   4.500   1.4568   0.01936   0.01127  -0.2134   0.5471   1.0000
   5.000   1.5076   0.02020   0.01209  -0.2132   0.5411   1.0000
   5.500   1.5522   0.02098   0.01294  -0.2118   0.5341   1.0000
   6.000   1.6096   0.02169   0.01355  -0.2128   0.5284   1.0000
   6.500   1.6493   0.02273   0.01474  -0.2106   0.5222   1.0000
   7.000   1.6933   0.02360   0.01568  -0.2092   0.5157   1.0000
   7.500   1.7550   0.02440   0.01641  -0.2112   0.5106   1.0000
   8.000   1.7797   0.02569   0.01799  -0.2065   0.5039   1.0000
   8.500   1.8223   0.02666   0.01907  -0.2050   0.4979   1.0000
   9.000   1.8815   0.02758   0.02000  -0.2066   0.4924   1.0000
   9.500   1.8909   0.02923   0.02198  -0.1994   0.4855   1.0000
  10.000   1.9362   0.03011   0.02297  -0.1985   0.4795   1.0000
