  
       XFOIL         Version 6.99
  
 Calculated polar for: NACA 2110                                       
  
 1 1 Reynolds number fixed          Mach number fixed         
  
 xtrf =   1.000 (top)        1.000 (bottom)  
 Mach =   0.050     Re =     0.200 e 6     Ncrit =   9.000
  
   alpha    CL        CD       CDp       CM     Top_Xtr  Bot_Xtr
  ------ -------- --------- --------- -------- -------- --------
  -2.000  -0.0457   0.01829   0.01050  -0.0286   0.9607   0.0555
  -1.500   0.0446   0.01487   0.00724  -0.0345   0.9440   0.0616
  -1.000   0.1143   0.01297   0.00542  -0.0358   0.9101   0.0712
  -0.500   0.1689   0.01180   0.00413  -0.0342   0.8665   0.0885
   0.000   0.2004   0.00877   0.00371  -0.0280   0.8235   0.8292
   0.500   0.3199   0.00886   0.00355  -0.0387   0.7602   1.0000
   1.000   0.3666   0.00905   0.00329  -0.0364   0.6894   1.0000
   1.500   0.4127   0.00941   0.00317  -0.0342   0.6098   1.0000
   2.000   0.4576   0.00995   0.00319  -0.0318   0.5166   1.0000
   2.500   0.4998   0.01084   0.00337  -0.0293   0.3877   1.0000
   3.000   0.5403   0.01216   0.00385  -0.0268   0.2626   1.0000
   3.500   0.5859   0.01310   0.00447  -0.0251   0.2279   1.0000
   4.000   0.6334   0.01394   0.00514  -0.0236   0.2130   1.0000
   4.500   0.6816   0.01490   0.00591  -0.0223   0.2036   1.0000
   5.000   0.7318   0.01566   0.00668  -0.0213   0.1960   1.0000
   5.500   0.7820   0.01675   0.00765  -0.0205   0.1905   1.0000
   6.000   0.8333   0.01779   0.00879  -0.0198   0.1865   1.0000
   6.500   0.8845   0.01882   0.00992  -0.0191   0.1820   1.0000
   7.000   0.9358   0.02002   0.01116  -0.0186   0.1776   1.0000
   7.500   0.9873   0.02184   0.01307  -0.0183   0.1742   1.0000
   8.000   1.0368   0.02313   0.01468  -0.0175   0.1706   1.0000
   8.500   1.0857   0.02465   0.01648  -0.0167   0.1664   1.0000
   9.000   1.1346   0.02642   0.01839  -0.0161   0.1624   1.0000
   9.500   1.1793   0.02889   0.02123  -0.0151   0.1583   1.0000
  10.000   1.2220   0.03045   0.02321  -0.0137   0.1521   1.0000
