  
       XFOIL         Version 6.99
  
 Calculated polar for: NACA 3430                                       
  
 1 1 Reynolds number fixed          Mach number fixed         
  
 xtrf =   1.000 (top)        1.000 (bottom)  
 Mach =   0.050     Re =     0.200 e 6     Ncrit =   9.000
  
   alpha    CL        CD       CDp       CM     Top_Xtr  Bot_Xtr
  ------ -------- --------- --------- -------- -------- --------
  -2.000   0.0995   0.01924   0.01070  -0.0667   0.6002   0.4181
  -1.500   0.1420   0.01910   0.01063  -0.0643   0.5886   0.4389
  -1.000   0.1873   0.01911   0.01068  -0.0625   0.5778   0.4622
  -0.500   0.2278   0.01908   0.01074  -0.0596   0.5670   0.4872
   0.000   0.2787   0.01917   0.01085  -0.0588   0.5574   0.5160
   0.500   0.3132   0.01926   0.01110  -0.0549   0.5472   0.5447
   1.000   0.3691   0.01937   0.01117  -0.0549   0.5381   0.5774
   1.500   0.4006   0.01963   0.01162  -0.0505   0.5287   0.6074
   2.000   0.4475   0.01977   0.01179  -0.0488   0.5197   0.6389
   2.500   0.4944   0.02014   0.01222  -0.0473   0.5112   0.6695
   3.000   0.5277   0.02042   0.01266  -0.0432   0.5020   0.6988
   3.500   0.5905   0.02071   0.01289  -0.0444   0.4939   0.7295
   4.000   0.6076   0.02118   0.01361  -0.0375   0.4854   0.7585
   4.500   0.6487   0.02147   0.01396  -0.0348   0.4771   0.7890
   5.000   0.6985   0.02205   0.01456  -0.0337   0.4694   0.8198
   5.500   0.7148   0.02280   0.01554  -0.0268   0.4608   0.8519
   6.000   0.7726   0.02324   0.01590  -0.0268   0.4533   0.8815
   7.000   0.8514   0.02543   0.01824  -0.0222   0.4366   0.9382
   7.500   0.9330   0.02652   0.01921  -0.0279   0.4285   0.9561
   8.000   0.9966   0.02812   0.02090  -0.0319   0.4190   0.9731
   8.500   1.1056   0.02867   0.02121  -0.0425   0.4109   0.9799
   9.000   1.1469   0.03063   0.02338  -0.0442   0.4013   0.9952
   9.500   1.2162   0.03075   0.02330  -0.0481   0.3942   1.0000
  10.000   1.1473   0.03224   0.02495  -0.0307   0.3878   1.0000
