  
       XFOIL         Version 6.99
  
 Calculated polar for: NACA 3140                                       
  
 1 1 Reynolds number fixed          Mach number fixed         
  
 xtrf =   1.000 (top)        1.000 (bottom)  
 Mach =   0.050     Re =     0.200 e 6     Ncrit =   9.000
  
   alpha    CL        CD       CDp       CM     Top_Xtr  Bot_Xtr
  ------ -------- --------- --------- -------- -------- --------
  -1.500   0.0002   0.02557   0.01696  -0.0013   0.5045   0.4952
  -1.000   0.0106   0.02565   0.01695   0.0062   0.4960   0.5051
  -0.500   0.0189   0.02573   0.01713   0.0138   0.4867   0.5140
   0.000   0.0817   0.02571   0.01696   0.0120   0.4780   0.5257
   0.500   0.0632   0.02621   0.01755   0.0238   0.4696   0.5351
   1.000   0.1019   0.02634   0.01775   0.0259   0.4609   0.5461
   1.500   0.1357   0.02671   0.01800   0.0286   0.4530   0.5583
   2.000   0.1458   0.02733   0.01882   0.0347   0.4442   0.5693
   2.500   0.2043   0.02731   0.01865   0.0335   0.4367   0.5832
   3.000   0.2045   0.02841   0.01996   0.0405   0.4284   0.5949
   3.500   0.2362   0.02892   0.02048   0.0430   0.4205   0.6088
   4.000   0.2876   0.02924   0.02076   0.0425   0.4134   0.6235
   4.500   0.2783   0.03094   0.02267   0.0497   0.4048   0.6372
   5.000   0.3380   0.03087   0.02253   0.0482   0.3982   0.6535
   5.500   0.3330   0.03299   0.02484   0.0540   0.3902   0.6690
   6.000   0.3592   0.03404   0.02599   0.0561   0.3826   0.6854
   6.500   0.4196   0.03416   0.02596   0.0543   0.3764   0.7048
   7.000   0.3811   0.03805   0.03029   0.0623   0.3673   0.7212
   7.500   0.4537   0.03731   0.02942   0.0596   0.3615   0.7427
   8.000   0.4016   0.04281   0.03529   0.0674   0.3517   0.7616
   8.500   0.4671   0.04209   0.03452   0.0657   0.3454   0.7847
   9.000   0.4122   0.04883   0.04164   0.0722   0.3349   0.8053
   9.500   0.4762   0.04806   0.04078   0.0708   0.3293   0.8314
  10.000   0.1658   0.07922   0.07290   0.0856   0.2984   0.8390
