  
       XFOIL         Version 6.99
  
 Calculated polar for: NACA 5230                                       
  
 1 1 Reynolds number fixed          Mach number fixed         
  
 xtrf =   1.000 (top)        1.000 (bottom)  
 Mach =   0.050     Re =     0.200 e 6     Ncrit =   9.000
  
   alpha    CL        CD       CDp       CM     Top_Xtr  Bot_Xtr
  ------ -------- --------- --------- -------- -------- --------
  -2.000   0.1912   0.01819   0.01015  -0.0542   0.5184   0.4467
  -1.500   0.2192   0.01819   0.01017  -0.0488   0.5023   0.5165
  -1.000   0.2369   0.01825   0.01035  -0.0415   0.4854   0.5520
  -0.500   0.2632   0.01848   0.01059  -0.0360   0.4682   0.5826
   0.000   0.2939   0.01885   0.01093  -0.0316   0.4506   0.6109
   0.500   0.3252   0.01932   0.01134  -0.0275   0.4326   0.6390
   1.000   0.3563   0.01988   0.01185  -0.0235   0.4148   0.6672
   1.500   0.3890   0.02052   0.01241  -0.0200   0.3981   0.6950
   2.000   0.4209   0.02122   0.01310  -0.0165   0.3827   0.7246
   2.500   0.4528   0.02202   0.01397  -0.0131   0.3692   0.7577
   3.000   0.4904   0.02283   0.01474  -0.0106   0.3583   0.7926
   3.500   0.5237   0.02369   0.01563  -0.0073   0.3490   0.8311
   4.000   0.5613   0.02465   0.01662  -0.0043   0.3411   0.8696
   4.500   0.5957   0.02571   0.01770  -0.0013   0.3342   0.9069
   5.000   0.6588   0.02677   0.01853  -0.0031   0.3281   0.9352
   5.500   0.7220   0.02844   0.02022  -0.0065   0.3229   0.9571
   6.000   0.8013   0.03008   0.02179  -0.0132   0.3178   0.9714
   6.500   0.8939   0.03142   0.02292  -0.0219   0.3132   0.9798
   7.000   0.9777   0.03302   0.02444  -0.0294   0.3092   0.9906
   7.500   1.0491   0.03497   0.02647  -0.0362   0.3058   0.9995
   8.000   1.0403   0.03573   0.02724  -0.0282   0.3036   1.0000
   8.500   1.0422   0.03665   0.02814  -0.0218   0.3015   1.0000
   9.000   1.0604   0.03769   0.02913  -0.0177   0.2994   1.0000
   9.500   1.0977   0.03862   0.02992  -0.0164   0.2970   1.0000
  10.000   1.1260   0.04040   0.03168  -0.0144   0.2947   1.0000
