  
       XFOIL         Version 6.99
  
 Calculated polar for: NACA 7522                                       
  
 1 1 Reynolds number fixed          Mach number fixed         
  
 xtrf =   1.000 (top)        1.000 (bottom)  
 Mach =   0.050     Re =     0.200 e 6     Ncrit =   9.000
  
   alpha    CL        CD       CDp       CM     Top_Xtr  Bot_Xtr
  ------ -------- --------- --------- -------- -------- --------
  -2.000   0.5532   0.01994   0.01192  -0.1858   0.7290   0.2664
  -1.500   0.5857   0.02019   0.01224  -0.1816   0.7168   0.2847
  -1.000   0.6633   0.01962   0.01163  -0.1856   0.7101   0.3116
  -0.500   0.6993   0.01990   0.01199  -0.1821   0.6985   0.3339
   0.000   0.7727   0.01949   0.01155  -0.1854   0.6909   0.3650
   0.500   0.8095   0.01982   0.01196  -0.1820   0.6796   0.3918
   1.000   0.8803   0.01948   0.01163  -0.1849   0.6714   0.4275
   1.500   0.9148   0.01987   0.01216  -0.1811   0.6601   0.4592
   2.000   0.9853   0.01960   0.01191  -0.1839   0.6517   0.5036
   2.500   1.0126   0.02008   0.01256  -0.1788   0.6401   0.5444
   3.000   1.0862   0.01977   0.01237  -0.1822   0.6317   0.6075
   3.500   1.1045   0.02029   0.01323  -0.1754   0.6200   0.6785
   4.000   1.1705   0.01951   0.01288  -0.1764   0.6117   1.0000
   4.500   1.1873   0.02055   0.01387  -0.1699   0.5996   1.0000
   5.000   1.2709   0.02047   0.01349  -0.1752   0.5913   1.0000
   5.500   1.2767   0.02170   0.01480  -0.1669   0.5788   1.0000
   6.000   1.3353   0.02205   0.01499  -0.1678   0.5695   1.0000
   6.500   1.3619   0.02301   0.01595  -0.1633   0.5580   1.0000
   7.000   1.3990   0.02391   0.01680  -0.1607   0.5475   1.0000
   7.500   1.4440   0.02448   0.01729  -0.1594   0.5371   1.0000
   8.000   1.4626   0.02598   0.01885  -0.1542   0.5255   1.0000
   8.500   1.5251   0.02609   0.01880  -0.1557   0.5161   1.0000
   9.000   1.5261   0.02822   0.02107  -0.1482   0.5037   1.0000
   9.500   1.5763   0.02876   0.02152  -0.1479   0.4939   1.0000
  10.000   1.5901   0.03057   0.02340  -0.1426   0.4820   1.0000
