  
       XFOIL         Version 6.99
  
 Calculated polar for: NACA 4540                                       
  
 1 1 Reynolds number fixed          Mach number fixed         
  
 xtrf =   1.000 (top)        1.000 (bottom)  
 Mach =   0.050     Re =     0.200 e 6     Ncrit =   9.000
  
   alpha    CL        CD       CDp       CM     Top_Xtr  Bot_Xtr
  ------ -------- --------- --------- -------- -------- --------
  -2.000  -0.0410   0.02834   0.01964  -0.0504   0.5798   0.3769
  -1.500  -0.0207   0.02848   0.01968  -0.0453   0.5710   0.3853
  -1.000   0.0758   0.02758   0.01872  -0.0528   0.5648   0.3966
  -0.500   0.0244   0.02927   0.02059  -0.0365   0.5536   0.4023
   0.000   0.0873   0.02875   0.01991  -0.0383   0.5470   0.4134
   0.500   0.1188   0.02926   0.02054  -0.0356   0.5390   0.4230
   1.000   0.1162   0.03053   0.02184  -0.0280   0.5292   0.4320
   1.500   0.2053   0.02948   0.02072  -0.0336   0.5240   0.4454
   2.000   0.1600   0.03240   0.02385  -0.0207   0.5124   0.4525
   2.500   0.2197   0.03217   0.02349  -0.0222   0.5063   0.4654
   3.000   0.3260   0.03079   0.02206  -0.0300   0.5018   0.4821
   3.500   0.2320   0.03593   0.02749  -0.0123   0.4882   0.4875
   4.000   0.3266   0.03430   0.02581  -0.0179   0.4844   0.5046
   5.000   0.3212   0.03964   0.03134  -0.0074   0.4660   0.5288
   5.500   0.4329   0.03717   0.02879  -0.0145   0.4635   0.5502
   6.000   0.3060   0.04716   0.03910   0.0018   0.4462   0.5544
   6.500   0.4146   0.04389   0.03584  -0.0041   0.4451   0.5787
   7.500   0.3967   0.05246   0.04472   0.0040   0.4259   0.6106
  -2.000  -0.0410   0.02834   0.01964  -0.0504   0.5798   0.3769
  -1.500  -0.0207   0.02848   0.01968  -0.0453   0.5710   0.3853
  -1.000   0.0758   0.02758   0.01872  -0.0528   0.5648   0.3966
  -0.500   0.0244   0.02927   0.02059  -0.0365   0.5536   0.4023
   0.000   0.0873   0.02875   0.01991  -0.0383   0.5470   0.4134
   0.500   0.1188   0.02926   0.02054  -0.0356   0.5390   0.4230
   1.000   0.1162   0.03053   0.02184  -0.0280   0.5292   0.4320
   1.500   0.2053   0.02948   0.02072  -0.0336   0.5240   0.4454
   2.000   0.1600   0.03240   0.02385  -0.0207   0.5124   0.4525
   2.500   0.2197   0.03217   0.02349  -0.0222   0.5063   0.4654
   3.000   0.3260   0.03079   0.02206  -0.0300   0.5018   0.4821
   3.500   0.2320   0.03593   0.02749  -0.0123   0.4882   0.4875
   4.000   0.3266   0.03430   0.02581  -0.0179   0.4844   0.5046
   5.000   0.3212   0.03964   0.03134  -0.0074   0.4660   0.5288
   5.500   0.4329   0.03717   0.02879  -0.0145   0.4635   0.5502
   6.000   0.3060   0.04716   0.03910   0.0018   0.4462   0.5544
   6.500   0.4146   0.04389   0.03584  -0.0041   0.4451   0.5787
   7.500   0.3967   0.05246   0.04472   0.0040   0.4259   0.6106
