  
       XFOIL         Version 6.99
  
 Calculated polar for: NACA 5714                                       
  
 1 1 Reynolds number fixed          Mach number fixed         
  
 xtrf =   1.000 (top)        1.000 (bottom)  
 Mach =   0.050     Re =     0.200 e 6     Ncrit =   9.000
  
   alpha    CL        CD       CDp       CM     Top_Xtr  Bot_Xtr
  ------ -------- --------- --------- -------- -------- --------
  -2.000   0.1884   0.02757   0.02071  -0.1461   0.9230   0.3561
  -1.500   0.2764   0.02771   0.02101  -0.1524   0.9172   0.4131
  -1.000   0.3405   0.02749   0.02091  -0.1539   0.9040   0.4632
  -0.500   0.4055   0.02727   0.02088  -0.1555   0.8914   0.5107
   0.000   0.4888   0.02694   0.02070  -0.1601   0.8858   0.5621
   0.500   0.5527   0.02643   0.02037  -0.1610   0.8731   0.6045
   1.000   0.6141   0.02591   0.01998  -0.1612   0.8596   0.6426
   2.000   0.7582   0.02400   0.01829  -0.1648   0.8413   0.7115
   2.500   0.8186   0.02288   0.01730  -0.1643   0.8268   0.7409
   3.000   0.8791   0.02152   0.01610  -0.1637   0.8118   0.7688
   3.500   0.9384   0.01996   0.01469  -0.1627   0.7953   0.7975
   4.000   0.9851   0.01892   0.01380  -0.1596   0.7655   0.8271
   4.500   1.0545   0.01696   0.01193  -0.1602   0.7319   0.8605
   5.500   1.2121   0.01481   0.00916  -0.1662   0.6144   1.0000
   6.000   1.2522   0.01591   0.00996  -0.1634   0.5594   1.0000
   6.500   1.2839   0.01712   0.01093  -0.1590   0.5080   1.0000
   7.000   1.3123   0.01843   0.01203  -0.1541   0.4578   1.0000
   7.500   1.3382   0.01989   0.01326  -0.1489   0.4072   1.0000
   8.000   1.3617   0.02154   0.01469  -0.1436   0.3551   1.0000
   8.500   1.3832   0.02341   0.01631  -0.1382   0.3016   1.0000
   9.000   1.4026   0.02555   0.01819  -0.1327   0.2480   1.0000
   9.500   1.4200   0.02796   0.02034  -0.1273   0.1984   1.0000
  10.000   1.4356   0.03064   0.02280  -0.1219   0.1589   1.0000
