  
       XFOIL         Version 6.99
  
 Calculated polar for: NACA 8324                                       
  
 1 1 Reynolds number fixed          Mach number fixed         
  
 xtrf =   1.000 (top)        1.000 (bottom)  
 Mach =   0.050     Re =     0.200 e 6     Ncrit =   9.000
  
   alpha    CL        CD       CDp       CM     Top_Xtr  Bot_Xtr
  ------ -------- --------- --------- -------- -------- --------
  -2.000   0.4965   0.02304   0.01326  -0.1284   0.4874   0.1225
  -1.500   0.5427   0.02280   0.01290  -0.1270   0.4758   0.1289
  -1.000   0.5896   0.02261   0.01253  -0.1256   0.4660   0.1371
  -0.500   0.6411   0.02274   0.01254  -0.1252   0.4578   0.1466
   0.000   0.6860   0.02269   0.01253  -0.1237   0.4501   0.1567
   0.500   0.7474   0.02282   0.01251  -0.1252   0.4436   0.1703
   1.000   0.7925   0.02301   0.01279  -0.1238   0.4385   0.1848
   1.500   0.8398   0.02325   0.01311  -0.1229   0.4335   0.2031
   2.000   0.8923   0.02349   0.01337  -0.1230   0.4289   0.2281
   2.500   0.9607   0.02373   0.01362  -0.1262   0.4241   0.2753
   3.000   1.0059   0.02287   0.01485  -0.1243   0.4206   1.0000
   3.500   1.0435   0.02372   0.01558  -0.1219   0.4170   1.0000
   4.000   1.0868   0.02460   0.01633  -0.1206   0.4135   1.0000
   4.500   1.1366   0.02544   0.01700  -0.1205   0.4101   1.0000
   5.000   1.2008   0.02641   0.01771  -0.1230   0.4066   1.0000
   5.500   1.2395   0.02775   0.01905  -0.1213   0.4038   1.0000
   6.000   1.2628   0.02915   0.02054  -0.1172   0.4010   1.0000
   6.500   1.2869   0.03073   0.02220  -0.1136   0.3981   1.0000
   7.000   1.3151   0.03226   0.02376  -0.1108   0.3948   1.0000
   7.500   1.3550   0.03356   0.02501  -0.1098   0.3918   1.0000
   8.000   1.4082   0.03482   0.02617  -0.1108   0.3893   1.0000
   8.500   1.4442   0.03709   0.02847  -0.1098   0.3867   1.0000
   9.000   1.3913   0.04187   0.03368  -0.0978   0.3835   1.0000
   9.500   1.0477   0.07485   0.06788  -0.0724   0.3701   1.0000
