  
       XFOIL         Version 6.99
  
 Calculated polar for: NACA 4104                                       
  
 1 1 Reynolds number fixed          Mach number fixed         
  
 xtrf =   1.000 (top)        1.000 (bottom)  
 Mach =   0.050     Re =     0.200 e 6     Ncrit =   9.000
  
   alpha    CL        CD       CDp       CM     Top_Xtr  Bot_Xtr
  ------ -------- --------- --------- -------- -------- --------
  -1.500   0.2057   0.02642   0.02133  -0.0579   0.7612   0.0159
  -1.000   0.2433   0.02642   0.01854  -0.0547   0.2324   0.0178
  -0.500   0.2998   0.02460   0.01611  -0.0546   0.2042   0.0209
   0.000   0.3578   0.02549   0.01637  -0.0530   0.1933   0.0245
   0.500   0.4128   0.02181   0.01231  -0.0534   0.1874   0.0273
   1.000   0.4678   0.02157   0.01160  -0.0525   0.1826   0.0358
  -1.500   0.2057   0.02642   0.02133  -0.0579   0.7612   0.0159
  -1.000   0.2433   0.02642   0.01854  -0.0547   0.2324   0.0178
  -0.500   0.2998   0.02460   0.01611  -0.0546   0.2042   0.0209
   0.000   0.3578   0.02549   0.01637  -0.0530   0.1933   0.0245
   0.500   0.4128   0.02181   0.01231  -0.0534   0.1874   0.0273
   1.000   0.4678   0.02157   0.01160  -0.0525   0.1826   0.0358
  -1.500   0.2057   0.02642   0.02133  -0.0579   0.7612   0.0159
  -1.000   0.2433   0.02642   0.01854  -0.0547   0.2324   0.0178
  -0.500   0.2998   0.02460   0.01611  -0.0546   0.2042   0.0209
   0.000   0.3578   0.02549   0.01637  -0.0530   0.1933   0.0245
   0.500   0.4128   0.02181   0.01231  -0.0534   0.1874   0.0273
   1.000   0.4678   0.02157   0.01160  -0.0525   0.1826   0.0358
