  
       XFOIL         Version 6.99
  
 Calculated polar for: NACA 4714                                       
  
 1 1 Reynolds number fixed          Mach number fixed         
  
 xtrf =   1.000 (top)        1.000 (bottom)  
 Mach =   0.050     Re =     0.200 e 6     Ncrit =   9.000
  
   alpha    CL        CD       CDp       CM     Top_Xtr  Bot_Xtr
  ------ -------- --------- --------- -------- -------- --------
  -2.000   0.1214   0.02294   0.01618  -0.1211   0.9321   0.4174
  -1.500   0.1896   0.02281   0.01624  -0.1236   0.9200   0.4687
  -1.000   0.2775   0.02268   0.01628  -0.1295   0.9146   0.5242
  -0.500   0.3414   0.02232   0.01606  -0.1306   0.9009   0.5721
   0.000   0.4060   0.02193   0.01586  -0.1316   0.8875   0.6153
   0.500   0.4720   0.02146   0.01553  -0.1326   0.8746   0.6554
   1.500   0.6175   0.01967   0.01398  -0.1364   0.8540   0.7262
   2.000   0.6811   0.01856   0.01300  -0.1365   0.8394   0.7575
   3.000   0.8054   0.01567   0.01042  -0.1353   0.8059   0.8192
   3.500   0.8603   0.01445   0.00935  -0.1334   0.7734   0.8527
   4.000   0.9326   0.01291   0.00782  -0.1346   0.7253   0.8945
   4.500   1.0170   0.01238   0.00689  -0.1390   0.6574   1.0000
   5.000   1.0714   0.01325   0.00739  -0.1389   0.5961   1.0000
   5.500   1.1108   0.01416   0.00801  -0.1358   0.5421   1.0000
   6.000   1.1456   0.01514   0.00873  -0.1318   0.4908   1.0000
   6.500   1.1774   0.01622   0.00957  -0.1273   0.4399   1.0000
   7.000   1.2074   0.01741   0.01054  -0.1227   0.3883   1.0000
   7.500   1.2355   0.01876   0.01166  -0.1179   0.3359   1.0000
   8.000   1.2619   0.02031   0.01297  -0.1131   0.2830   1.0000
   8.500   1.2870   0.02208   0.01449  -0.1084   0.2312   1.0000
   9.000   1.3094   0.02414   0.01629  -0.1035   0.1858   1.0000
   9.500   1.3321   0.02629   0.01829  -0.0989   0.1505   1.0000
  10.000   1.3510   0.02878   0.02061  -0.0939   0.1261   1.0000
