  
       XFOIL         Version 6.99
  
 Calculated polar for: NACA 1406                                       
  
 1 1 Reynolds number fixed          Mach number fixed         
  
 xtrf =   1.000 (top)        1.000 (bottom)  
 Mach =   0.050     Re =     0.200 e 6     Ncrit =   9.000
  
   alpha    CL        CD       CDp       CM     Top_Xtr  Bot_Xtr
  ------ -------- --------- --------- -------- -------- --------
  -2.000  -0.1635   0.00751   0.00275  -0.0154   1.0000   0.8477
  -1.500  -0.0807   0.00738   0.00240  -0.0205   1.0000   1.0000
  -1.000  -0.0355   0.00741   0.00221  -0.0187   1.0000   1.0000
  -0.500   0.0113   0.00750   0.00215  -0.0173   1.0000   1.0000
   0.000   0.0589   0.00767   0.00223  -0.0162   1.0000   1.0000
   0.500   0.1067   0.00793   0.00247  -0.0154   1.0000   1.0000
   1.000   0.1849   0.00818   0.00277  -0.0210   0.9875   1.0000
   1.500   0.2829   0.00817   0.00294  -0.0299   0.9630   1.0000
   2.000   0.3640   0.00795   0.00290  -0.0342   0.9200   1.0000
   2.500   0.4178   0.00784   0.00276  -0.0316   0.8334   1.0000
   3.000   0.4620   0.00829   0.00284  -0.0275   0.6932   1.0000
   3.500   0.5042   0.00952   0.00317  -0.0241   0.4713   1.0000
   4.000   0.5407   0.01324   0.00487  -0.0216   0.0633   1.0000
   4.500   0.5877   0.01561   0.00726  -0.0199   0.0417   1.0000
   5.000   0.6363   0.01845   0.01018  -0.0181   0.0343   1.0000
   5.500   0.6865   0.02241   0.01466  -0.0163   0.0296   1.0000
   6.000   0.7340   0.02845   0.02154  -0.0139   0.0303   1.0000
