  
       XFOIL         Version 6.99
  
 Calculated polar for: NACA 5308                                       
  
 1 1 Reynolds number fixed          Mach number fixed         
  
 xtrf =   1.000 (top)        1.000 (bottom)  
 Mach =   0.050     Re =     0.200 e 6     Ncrit =   9.000
  
   alpha    CL        CD       CDp       CM     Top_Xtr  Bot_Xtr
  ------ -------- --------- --------- -------- -------- --------
  -2.000   0.3235   0.01661   0.00980  -0.1143   0.8855   0.0527
  -1.500   0.3796   0.01477   0.00755  -0.1132   0.8592   0.0624
  -1.000   0.4350   0.01324   0.00572  -0.1120   0.8290   0.0774
  -0.500   0.4881   0.01211   0.00452  -0.1107   0.7918   0.1045
   0.000   0.5409   0.01144   0.00382  -0.1095   0.7489   0.1545
   0.500   0.5893   0.00922   0.00340  -0.1075   0.6992   1.0000
   1.000   0.6404   0.00965   0.00318  -0.1060   0.6419   1.0000
   1.500   0.6911   0.01020   0.00323  -0.1048   0.5890   1.0000
   2.000   0.7425   0.01081   0.00343  -0.1039   0.5493   1.0000
   2.500   0.7949   0.01142   0.00374  -0.1033   0.5218   1.0000
   3.000   0.8478   0.01201   0.00413  -0.1029   0.5008   1.0000
   3.500   0.9012   0.01262   0.00462  -0.1026   0.4852   1.0000
   4.000   0.9548   0.01322   0.00516  -0.1024   0.4717   1.0000
   4.500   1.0084   0.01386   0.00582  -0.1022   0.4603   1.0000
   5.000   1.0621   0.01456   0.00653  -0.1021   0.4504   1.0000
   5.500   1.1156   0.01526   0.00732  -0.1019   0.4405   1.0000
   6.000   1.1683   0.01599   0.00825  -0.1016   0.4309   1.0000
   6.500   1.2212   0.01681   0.00924  -0.1014   0.4216   1.0000
   7.000   1.2681   0.01710   0.00962  -0.0999   0.3975   1.0000
   7.500   1.3115   0.01730   0.00997  -0.0977   0.3682   1.0000
   8.000   1.3519   0.01745   0.01038  -0.0951   0.3295   1.0000
   8.500   1.3581   0.02062   0.01236  -0.0882   0.1005   1.0000
   9.000   1.3602   0.02493   0.01640  -0.0807   0.0450   1.0000
   9.500   1.3577   0.02849   0.02014  -0.0730   0.0368   1.0000
  10.000   1.3624   0.03192   0.02383  -0.0673   0.0323   1.0000
