  
       XFOIL         Version 6.99
  
 Calculated polar for: NACA 1818                                       
  
 1 1 Reynolds number fixed          Mach number fixed         
  
 xtrf =   1.000 (top)        1.000 (bottom)  
 Mach =   0.050     Re =     0.200 e 6     Ncrit =   9.000
  
   alpha    CL        CD       CDp       CM     Top_Xtr  Bot_Xtr
  ------ -------- --------- --------- -------- -------- --------
  -2.000  -0.1011   0.01381   0.00739  -0.0419   0.8806   0.5567
  -1.500  -0.0324   0.01309   0.00683  -0.0433   0.8613   0.5897
  -1.000   0.0362   0.01249   0.00630  -0.0448   0.8366   0.6239
  -0.500   0.1063   0.01206   0.00593  -0.0465   0.8073   0.6561
   0.000   0.1699   0.01194   0.00573  -0.0470   0.7720   0.6881
   0.500   0.2249   0.01206   0.00583  -0.0458   0.7339   0.7169
   1.000   0.2772   0.01228   0.00598  -0.0442   0.6971   0.7460
   1.500   0.3283   0.01255   0.00615  -0.0423   0.6620   0.7733
   2.000   0.3774   0.01286   0.00638  -0.0400   0.6275   0.7984
   2.500   0.4244   0.01315   0.00663  -0.0373   0.5937   0.8236
   3.000   0.4708   0.01347   0.00682  -0.0346   0.5619   0.8488
   3.500   0.5141   0.01372   0.00704  -0.0313   0.5294   0.8746
   4.000   0.5572   0.01404   0.00726  -0.0278   0.4992   0.8983
   4.500   0.6020   0.01433   0.00754  -0.0248   0.4677   0.9230
   5.000   0.6542   0.01477   0.00784  -0.0237   0.4367   0.9474
   5.500   0.7236   0.01535   0.00831  -0.0264   0.4021   0.9655
   6.000   0.8030   0.01604   0.00889  -0.0316   0.3658   0.9795
   6.500   0.8841   0.01680   0.00952  -0.0374   0.3297   0.9922
   7.000   0.9400   0.01746   0.01006  -0.0386   0.2994   1.0000
   7.500   0.9411   0.01772   0.01026  -0.0291   0.2801   1.0000
   8.000   0.9593   0.01827   0.01072  -0.0226   0.2584   1.0000
   8.500   0.9875   0.01912   0.01145  -0.0181   0.2363   1.0000
   9.000   1.0167   0.02022   0.01240  -0.0140   0.2158   1.0000
   9.500   1.0477   0.02135   0.01352  -0.0104   0.1964   1.0000
  10.000   1.0774   0.02267   0.01482  -0.0068   0.1790   1.0000
