  
       XFOIL         Version 6.99
  
 Calculated polar for: NACA 3628                                       
  
 1 1 Reynolds number fixed          Mach number fixed         
  
 xtrf =   1.000 (top)        1.000 (bottom)  
 Mach =   0.050     Re =     0.200 e 6     Ncrit =   9.000
  
   alpha    CL        CD       CDp       CM     Top_Xtr  Bot_Xtr
  ------ -------- --------- --------- -------- -------- --------
  -2.000   0.1146   0.01839   0.01066  -0.0873   0.7153   0.4274
  -1.500   0.1595   0.01825   0.01047  -0.0851   0.6977   0.4436
  -1.000   0.2113   0.01801   0.01027  -0.0841   0.6809   0.4600
  -0.500   0.2683   0.01780   0.01000  -0.0841   0.6647   0.4778
   0.000   0.3243   0.01773   0.00979  -0.0840   0.6480   0.4964
   0.500   0.3630   0.01774   0.00991  -0.0806   0.6301   0.5135
   1.000   0.4076   0.01781   0.01000  -0.0784   0.6133   0.5315
   1.500   0.4584   0.01796   0.01005  -0.0774   0.5974   0.5512
   2.000   0.5170   0.01814   0.01016  -0.0778   0.5818   0.5714
   2.500   0.5437   0.01832   0.01047  -0.0723   0.5659   0.5891
   3.000   0.5875   0.01861   0.01073  -0.0701   0.5511   0.6096
   3.500   0.6460   0.01890   0.01092  -0.0706   0.5369   0.6314
   4.000   0.6705   0.01923   0.01142  -0.0649   0.5224   0.6512
   4.500   0.7155   0.01963   0.01183  -0.0632   0.5089   0.6735
   5.000   0.7640   0.01999   0.01211  -0.0620   0.4956   0.6972
   5.500   0.7939   0.02056   0.01286  -0.0577   0.4821   0.7214
   6.000   0.8414   0.02096   0.01326  -0.0564   0.4698   0.7477
   6.500   0.8708   0.02152   0.01398  -0.0522   0.4571   0.7765
   7.000   0.9068   0.02213   0.01469  -0.0491   0.4450   0.8103
   7.500   0.9438   0.02259   0.01522  -0.0459   0.4334   0.8524
   8.000   0.9653   0.02347   0.01635  -0.0402   0.4216   0.9158
   8.500   1.0407   0.02438   0.01717  -0.0450   0.4090   0.9857
   9.000   1.0657   0.02538   0.01814  -0.0423   0.3972   1.0000
   9.500   1.0989   0.02640   0.01905  -0.0400   0.3864   1.0000
  10.000   1.1277   0.02751   0.02007  -0.0372   0.3755   1.0000
