  
       XFOIL         Version 6.99
  
 Calculated polar for: NACA 4706                                       
  
 1 1 Reynolds number fixed          Mach number fixed         
  
 xtrf =   1.000 (top)        1.000 (bottom)  
 Mach =   0.050     Re =     0.200 e 6     Ncrit =   9.000
  
   alpha    CL        CD       CDp       CM     Top_Xtr  Bot_Xtr
  ------ -------- --------- --------- -------- -------- --------
  -2.000   0.1573   0.01571   0.00910  -0.1248   1.0000   0.3512
  -1.500   0.2198   0.01557   0.00957  -0.1267   1.0000   0.5641
  -1.000   0.2716   0.01592   0.01014  -0.1259   1.0000   0.6843
  -0.500   0.3224   0.01630   0.01058  -0.1249   1.0000   0.7587
   0.000   0.3747   0.01651   0.01093  -0.1244   1.0000   0.8268
   0.500   0.4105   0.01656   0.01119  -0.1207   1.0000   1.0000
   1.000   0.4642   0.01730   0.01186  -0.1214   1.0000   1.0000
   1.500   0.5212   0.01810   0.01269  -0.1227   0.9972   1.0000
   2.000   0.6117   0.01882   0.01351  -0.1306   0.9838   1.0000
   2.500   0.6939   0.01897   0.01391  -0.1362   0.9636   1.0000
   3.000   0.8686   0.01301   0.00847  -0.1535   0.8928   1.0000
   3.500   0.9082   0.01519   0.00659  -0.1462   0.0918   1.0000
   4.000   0.9474   0.01782   0.00903  -0.1425   0.0435   1.0000
   4.500   0.9912   0.02104   0.01234  -0.1395   0.0346   1.0000
   5.000   1.0464   0.02427   0.01578  -0.1384   0.0290   1.0000
   5.500   1.1088   0.03077   0.02305  -0.1370   0.0313   1.0000
