  
       XFOIL         Version 6.99
  
 Calculated polar for: NACA 1320                                       
  
 1 1 Reynolds number fixed          Mach number fixed         
  
 xtrf =   1.000 (top)        1.000 (bottom)  
 Mach =   0.050     Re =     0.200 e 6     Ncrit =   9.000
  
   alpha    CL        CD       CDp       CM     Top_Xtr  Bot_Xtr
  ------ -------- --------- --------- -------- -------- --------
  -2.000  -0.1095   0.01314   0.00648  -0.0238   0.7589   0.5875
  -1.500  -0.0587   0.01303   0.00633  -0.0220   0.7312   0.6213
  -1.000  -0.0062   0.01293   0.00625  -0.0206   0.7037   0.6525
  -0.500   0.0463   0.01294   0.00618  -0.0191   0.6770   0.6848
   0.000   0.0974   0.01297   0.00624  -0.0175   0.6486   0.7159
   0.500   0.1491   0.01308   0.00635  -0.0159   0.6211   0.7468
   1.000   0.1999   0.01325   0.00645  -0.0142   0.5952   0.7793
   1.500   0.2532   0.01352   0.00670  -0.0128   0.5703   0.8083
   2.000   0.3058   0.01392   0.00704  -0.0112   0.5469   0.8386
   2.500   0.3568   0.01433   0.00737  -0.0095   0.5248   0.8673
   3.000   0.4134   0.01485   0.00781  -0.0088   0.5034   0.8900
   3.500   0.4743   0.01542   0.00831  -0.0091   0.4830   0.9103
   4.000   0.5399   0.01601   0.00883  -0.0106   0.4631   0.9284
   4.500   0.6252   0.01669   0.00941  -0.0163   0.4425   0.9383
   5.000   0.7047   0.01724   0.00989  -0.0211   0.4228   0.9510
   5.500   0.7814   0.01775   0.01035  -0.0255   0.4035   0.9648
   6.000   0.8590   0.01825   0.01081  -0.0304   0.3843   0.9780
   6.500   0.9433   0.01869   0.01119  -0.0367   0.3644   0.9883
   7.000   1.0246   0.01913   0.01158  -0.0427   0.3446   0.9987
   7.500   1.0564   0.01949   0.01197  -0.0391   0.3292   1.0000
   8.000   1.0776   0.01993   0.01240  -0.0334   0.3150   1.0000
   8.500   1.0955   0.02043   0.01284  -0.0270   0.3014   1.0000
   9.000   1.1090   0.02094   0.01329  -0.0198   0.2879   1.0000
   9.500   1.1157   0.02145   0.01388  -0.0112   0.2747   1.0000
  10.000   1.1178   0.02207   0.01448  -0.0019   0.2624   1.0000
