  
       XFOIL         Version 6.99
  
 Calculated polar for: NACA 6516                                       
  
 1 1 Reynolds number fixed          Mach number fixed         
  
 xtrf =   1.000 (top)        1.000 (bottom)  
 Mach =   0.050     Re =     0.200 e 6     Ncrit =   9.000
  
   alpha    CL        CD       CDp       CM     Top_Xtr  Bot_Xtr
  ------ -------- --------- --------- -------- -------- --------
  -2.000   0.4809   0.01714   0.00959  -0.1727   0.8016   0.2679
  -1.500   0.5402   0.01672   0.00925  -0.1732   0.7912   0.3067
  -1.000   0.5969   0.01648   0.00911  -0.1732   0.7805   0.3490
  -0.500   0.6632   0.01598   0.00867  -0.1749   0.7717   0.3997
   0.000   0.7144   0.01590   0.00876  -0.1739   0.7589   0.4507
   0.500   0.7773   0.01554   0.00853  -0.1750   0.7490   0.5152
   1.000   0.8327   0.01526   0.00849  -0.1747   0.7369   0.5946
   1.500   0.8791   0.01499   0.00868  -0.1724   0.7237   0.7250
   2.000   0.9363   0.01454   0.00849  -0.1718   0.7120   1.0000
   2.500   0.9974   0.01463   0.00836  -0.1727   0.6997   1.0000
   3.000   1.0472   0.01496   0.00860  -0.1715   0.6851   1.0000
   3.500   1.0990   0.01527   0.00882  -0.1707   0.6710   1.0000
   4.000   1.1533   0.01555   0.00900  -0.1704   0.6572   1.0000
   4.500   1.2099   0.01580   0.00914  -0.1704   0.6433   1.0000
   5.000   1.2604   0.01614   0.00942  -0.1694   0.6280   1.0000
   5.500   1.3060   0.01658   0.00985  -0.1674   0.6120   1.0000
   6.000   1.3510   0.01704   0.01031  -0.1654   0.5956   1.0000
   6.500   1.3947   0.01753   0.01079  -0.1632   0.5789   1.0000
   7.000   1.4361   0.01806   0.01131  -0.1605   0.5616   1.0000
   7.500   1.4741   0.01863   0.01189  -0.1572   0.5436   1.0000
   8.000   1.5058   0.01925   0.01250  -0.1528   0.5250   1.0000
   8.500   1.5358   0.01998   0.01322  -0.1482   0.5053   1.0000
   9.000   1.5650   0.02082   0.01401  -0.1437   0.4848   1.0000
   9.500   1.5817   0.02202   0.01529  -0.1373   0.4633   1.0000
  10.000   1.5981   0.02342   0.01675  -0.1314   0.4410   1.0000
