  
       XFOIL         Version 6.99
  
 Calculated polar for: NACA 3820                                       
  
 1 1 Reynolds number fixed          Mach number fixed         
  
 xtrf =   1.000 (top)        1.000 (bottom)  
 Mach =   0.050     Re =     0.200 e 6     Ncrit =   9.000
  
   alpha    CL        CD       CDp       CM     Top_Xtr  Bot_Xtr
  ------ -------- --------- --------- -------- -------- --------
  -2.000   0.0660   0.01907   0.01235  -0.0997   0.8637   0.4681
  -1.500   0.1317   0.01810   0.01150  -0.1008   0.8480   0.4961
  -1.000   0.1960   0.01708   0.01063  -0.1015   0.8317   0.5238
  -0.500   0.2663   0.01601   0.00966  -0.1031   0.8145   0.5529
   0.000   0.3532   0.01477   0.00844  -0.1079   0.7970   0.5843
   0.500   0.4525   0.01374   0.00741  -0.1154   0.7721   0.6142
   1.000   0.5472   0.01360   0.00716  -0.1224   0.7373   0.6424
   1.500   0.6118   0.01396   0.00743  -0.1235   0.7008   0.6675
   2.000   0.6700   0.01440   0.00774  -0.1234   0.6677   0.6910
   2.500   0.7141   0.01485   0.00815  -0.1203   0.6355   0.7127
   3.000   0.7610   0.01536   0.00855  -0.1179   0.6060   0.7335
   3.500   0.8028   0.01587   0.00899  -0.1144   0.5776   0.7535
   4.000   0.8414   0.01636   0.00944  -0.1105   0.5499   0.7731
   4.500   0.8809   0.01688   0.00989  -0.1067   0.5234   0.7925
   5.000   0.9207   0.01741   0.01032  -0.1032   0.4979   0.8118
   5.500   0.9601   0.01793   0.01075  -0.0996   0.4731   0.8308
   6.000   0.9950   0.01840   0.01122  -0.0953   0.4488   0.8499
   6.500   1.0284   0.01885   0.01167  -0.0908   0.4252   0.8696
   7.000   1.0597   0.01931   0.01213  -0.0860   0.4022   0.8904
   7.500   1.0894   0.01979   0.01260  -0.0811   0.3800   0.9131
   8.000   1.1142   0.02022   0.01304  -0.0752   0.3588   0.9394
   8.500   1.1425   0.02062   0.01345  -0.0706   0.3376   1.0000
   9.000   1.1860   0.02185   0.01458  -0.0699   0.3149   1.0000
   9.500   1.2256   0.02322   0.01586  -0.0685   0.2934   1.0000
  10.000   1.2620   0.02474   0.01729  -0.0667   0.2729   1.0000
