  
       XFOIL         Version 6.99
  
 Calculated polar for: NACA 2520                                       
  
 1 1 Reynolds number fixed          Mach number fixed         
  
 xtrf =   1.000 (top)        1.000 (bottom)  
 Mach =   0.050     Re =     0.200 e 6     Ncrit =   9.000
  
   alpha    CL        CD       CDp       CM     Top_Xtr  Bot_Xtr
  ------ -------- --------- --------- -------- -------- --------
  -2.000   0.0281   0.01437   0.00727  -0.0624   0.7859   0.4852
  -1.500   0.0837   0.01406   0.00699  -0.0617   0.7678   0.5180
  -1.000   0.1386   0.01379   0.00679  -0.0609   0.7490   0.5519
  -0.500   0.1929   0.01360   0.00663  -0.0600   0.7293   0.5876
   0.000   0.2461   0.01346   0.00655  -0.0588   0.7091   0.6253
   0.500   0.2984   0.01336   0.00654  -0.0575   0.6883   0.6643
   1.000   0.3499   0.01333   0.00657  -0.0559   0.6673   0.7061
   1.500   0.4008   0.01335   0.00667  -0.0542   0.6463   0.7504
   2.000   0.4509   0.01344   0.00683  -0.0522   0.6251   0.7962
   2.500   0.5003   0.01363   0.00708  -0.0500   0.6039   0.8420
   3.000   0.5506   0.01394   0.00741  -0.0478   0.5825   0.8854
   3.500   0.6110   0.01439   0.00784  -0.0477   0.5601   0.9196
   4.000   0.6817   0.01491   0.00828  -0.0502   0.5365   0.9474
   4.500   0.7691   0.01546   0.00873  -0.0564   0.5111   0.9654
   5.000   0.8590   0.01595   0.00909  -0.0635   0.4854   0.9815
   5.500   0.9501   0.01645   0.00941  -0.0711   0.4596   0.9961
   6.000   0.9902   0.01677   0.00967  -0.0690   0.4380   1.0000
   6.500   1.0094   0.01712   0.00992  -0.0626   0.4191   1.0000
   7.000   1.0280   0.01756   0.01026  -0.0559   0.4003   1.0000
   7.500   1.0470   0.01806   0.01066  -0.0491   0.3818   1.0000
   8.000   1.0648   0.01862   0.01116  -0.0422   0.3634   1.0000
   8.500   1.0806   0.01924   0.01174  -0.0350   0.3454   1.0000
   9.000   1.1021   0.02006   0.01250  -0.0293   0.3270   1.0000
   9.500   1.1261   0.02106   0.01345  -0.0245   0.3087   1.0000
  10.000   1.1503   0.02224   0.01458  -0.0201   0.2906   1.0000
