  
       XFOIL         Version 6.99
  
 Calculated polar for: NACA 3740                                       
  
 1 1 Reynolds number fixed          Mach number fixed         
  
 xtrf =   1.000 (top)        1.000 (bottom)  
 Mach =   0.050     Re =     0.200 e 6     Ncrit =   9.000
  
   alpha    CL        CD       CDp       CM     Top_Xtr  Bot_Xtr
  ------ -------- --------- --------- -------- -------- --------
  -2.000  -0.0530   0.02634   0.01775  -0.0556   0.5905   0.4113
  -1.500  -0.0267   0.02626   0.01758  -0.0515   0.5796   0.4194
  -1.000   0.0027   0.02638   0.01780  -0.0477   0.5685   0.4272
  -0.500   0.0618   0.02625   0.01747  -0.0492   0.5589   0.4375
   0.000   0.0657   0.02658   0.01794  -0.0414   0.5479   0.4451
   0.500   0.1287   0.02648   0.01778  -0.0433   0.5389   0.4554
   1.000   0.1427   0.02707   0.01832  -0.0375   0.5288   0.4641
   1.500   0.1829   0.02716   0.01853  -0.0359   0.5193   0.4741
   2.000   0.2443   0.02730   0.01856  -0.0377   0.5108   0.4856
   2.500   0.2488   0.02809   0.01947  -0.0308   0.5008   0.4948
   3.000   0.3100   0.02811   0.01947  -0.0325   0.4929   0.5064
   3.500   0.3315   0.02909   0.02043  -0.0285   0.4840   0.5169
   4.000   0.3614   0.02967   0.02117  -0.0258   0.4752   0.5281
   4.500   0.4452   0.02946   0.02075  -0.0309   0.4680   0.5423
   5.000   0.4249   0.03140   0.02297  -0.0214   0.4587   0.5520
   5.500   0.4733   0.03181   0.02341  -0.0215   0.4513   0.5649
   6.000   0.5230   0.03243   0.02393  -0.0221   0.4441   0.5785
   6.500   0.5144   0.03470   0.02650  -0.0151   0.4350   0.5895
   7.000   0.5810   0.03465   0.02630  -0.0177   0.4288   0.6048
   7.500   0.5789   0.03718   0.02908  -0.0122   0.4205   0.6168
   8.000   0.5945   0.03919   0.03119  -0.0091   0.4126   0.6301
   8.500   0.6817   0.03821   0.03005  -0.0138   0.4075   0.6470
   9.000   0.6049   0.04500   0.03729  -0.0020   0.3966   0.6559
   9.500   0.6671   0.04498   0.03714  -0.0040   0.3912   0.6721
  10.000   0.7169   0.04563   0.03786  -0.0045   0.3855   0.6877
