  
       XFOIL         Version 6.99
  
 Calculated polar for: NACA 4404                                       
  
 1 1 Reynolds number fixed          Mach number fixed         
  
 xtrf =   1.000 (top)        1.000 (bottom)  
 Mach =   0.050     Re =     0.200 e 6     Ncrit =   9.000
  
   alpha    CL        CD       CDp       CM     Top_Xtr  Bot_Xtr
  ------ -------- --------- --------- -------- -------- --------
  -1.500   0.1990   0.01594   0.00900  -0.0919   0.9831   0.0280
  -1.000   0.2806   0.01266   0.00538  -0.0969   0.9774   0.0494
  -0.500   0.3568   0.00919   0.00420  -0.1014   0.9713   1.0000
   0.000   0.4362   0.00917   0.00378  -0.1064   0.9575   1.0000
   0.500   0.5111   0.00905   0.00348  -0.1102   0.9425   1.0000
   1.000   0.5731   0.00892   0.00332  -0.1110   0.9203   1.0000
   1.500   0.6307   0.00879   0.00319  -0.1105   0.8952   1.0000
   2.000   0.6846   0.00872   0.00316  -0.1092   0.8654   1.0000
   2.500   0.7363   0.00879   0.00342  -0.1075   0.8287   1.0000
   3.000   0.7862   0.00893   0.00361  -0.1052   0.7776   1.0000
   3.500   0.8204   0.00987   0.00351  -0.0984   0.5464   1.0000
   4.000   0.8394   0.01600   0.00708  -0.0925   0.0261   1.0000
   4.500   0.8812   0.01945   0.01067  -0.0890   0.0232   1.0000
  -1.500   0.1990   0.01594   0.00900  -0.0919   0.9831   0.0280
  -1.000   0.2806   0.01266   0.00538  -0.0969   0.9774   0.0494
  -0.500   0.3568   0.00919   0.00420  -0.1014   0.9713   1.0000
   0.000   0.4362   0.00917   0.00378  -0.1064   0.9575   1.0000
   0.500   0.5111   0.00905   0.00348  -0.1102   0.9425   1.0000
   1.000   0.5731   0.00892   0.00332  -0.1110   0.9203   1.0000
   1.500   0.6307   0.00879   0.00319  -0.1105   0.8952   1.0000
   2.000   0.6846   0.00872   0.00316  -0.1092   0.8654   1.0000
   2.500   0.7363   0.00879   0.00342  -0.1075   0.8287   1.0000
   3.000   0.7862   0.00893   0.00361  -0.1052   0.7776   1.0000
   3.500   0.8204   0.00987   0.00351  -0.0984   0.5464   1.0000
   4.000   0.8394   0.01600   0.00708  -0.0925   0.0261   1.0000
   4.500   0.8812   0.01945   0.01067  -0.0890   0.0232   1.0000
