  
       XFOIL         Version 6.99
  
 Calculated polar for: NACA 1306                                       
  
 1 1 Reynolds number fixed          Mach number fixed         
  
 xtrf =   1.000 (top)        1.000 (bottom)  
 Mach =   0.050     Re =     0.200 e 6     Ncrit =   9.000
  
   alpha    CL        CD       CDp       CM     Top_Xtr  Bot_Xtr
  ------ -------- --------- --------- -------- -------- --------
  -2.000  -0.1634   0.00771   0.00270  -0.0137   1.0000   0.7550
  -1.500  -0.0776   0.00737   0.00243  -0.0185   1.0000   1.0000
  -1.000  -0.0343   0.00737   0.00222  -0.0163   1.0000   1.0000
  -0.500   0.0113   0.00744   0.00214  -0.0146   1.0000   1.0000
   0.000   0.0581   0.00759   0.00218  -0.0133   1.0000   1.0000
   0.500   0.1053   0.00782   0.00238  -0.0124   1.0000   1.0000
   1.000   0.1889   0.00802   0.00262  -0.0189   0.9849   1.0000
   1.500   0.2851   0.00796   0.00270  -0.0273   0.9573   1.0000
   2.000   0.3595   0.00781   0.00271  -0.0302   0.9067   1.0000
   2.500   0.4113   0.00783   0.00267  -0.0276   0.8207   1.0000
   3.000   0.4553   0.00836   0.00276  -0.0236   0.6786   1.0000
   3.500   0.5003   0.00932   0.00309  -0.0208   0.5139   1.0000
   4.000   0.5430   0.01118   0.00379  -0.0188   0.2269   1.0000
   4.500   0.5856   0.01455   0.00621  -0.0170   0.0488   1.0000
   5.000   0.6330   0.01703   0.00875  -0.0152   0.0364   1.0000
   5.500   0.6812   0.02115   0.01315  -0.0133   0.0315   1.0000
   6.000   0.7311   0.02536   0.01804  -0.0113   0.0290   1.0000
