  
       XFOIL         Version 6.99
  
 Calculated polar for: NACA 4236                                       
  
 1 1 Reynolds number fixed          Mach number fixed         
  
 xtrf =   1.000 (top)        1.000 (bottom)  
 Mach =   0.050     Re =     0.200 e 6     Ncrit =   9.000
  
   alpha    CL        CD       CDp       CM     Top_Xtr  Bot_Xtr
  ------ -------- --------- --------- -------- -------- --------
  -2.000   0.0117   0.02204   0.01384  -0.0208   0.5096   0.5196
  -1.500   0.0325   0.02215   0.01388  -0.0148   0.4974   0.5312
  -1.000   0.0686   0.02216   0.01380  -0.0116   0.4851   0.5431
  -0.500   0.0880   0.02254   0.01423  -0.0057   0.4727   0.5563
   0.000   0.1328   0.02265   0.01418  -0.0043   0.4608   0.5701
   0.500   0.1487   0.02317   0.01481   0.0018   0.4484   0.5843
   1.000   0.1853   0.02350   0.01508   0.0043   0.4367   0.5994
   1.500   0.2139   0.02399   0.01554   0.0079   0.4246   0.6142
   2.000   0.2427   0.02456   0.01614   0.0112   0.4126   0.6285
   2.500   0.2881   0.02497   0.01635   0.0120   0.4015   0.6446
   3.000   0.3041   0.02591   0.01747   0.0166   0.3901   0.6600
   3.500   0.3416   0.02662   0.01806   0.0182   0.3799   0.6788
   4.000   0.3681   0.02758   0.01915   0.0211   0.3700   0.6972
   4.500   0.4069   0.02842   0.01994   0.0222   0.3616   0.7175
   5.000   0.4342   0.02959   0.02118   0.0247   0.3536   0.7401
   5.500   0.4859   0.03018   0.02173   0.0244   0.3470   0.7634
   6.000   0.5005   0.03194   0.02374   0.0281   0.3405   0.7877
   6.500   0.5369   0.03298   0.02480   0.0294   0.3348   0.8145
   7.000   0.5835   0.03392   0.02572   0.0297   0.3301   0.8422
   7.500   0.5912   0.03636   0.02842   0.0340   0.3255   0.8716
   8.000   0.6190   0.03823   0.03038   0.0360   0.3213   0.9004
   8.500   0.6730   0.03944   0.03150   0.0349   0.3177   0.9260
   9.000   0.7228   0.04171   0.03375   0.0328   0.3141   0.9473
   9.500   0.7364   0.04714   0.03946   0.0308   0.3100   0.9616
  10.000   0.7764   0.05163   0.04407   0.0259   0.3063   0.9717
  -2.000   0.0117   0.02204   0.01384  -0.0208   0.5096   0.5196
  -1.500   0.0325   0.02215   0.01388  -0.0148   0.4974   0.5312
  -1.000   0.0686   0.02216   0.01380  -0.0116   0.4851   0.5431
  -0.500   0.0880   0.02254   0.01423  -0.0057   0.4727   0.5563
   0.000   0.1328   0.02265   0.01418  -0.0043   0.4608   0.5701
   0.500   0.1487   0.02317   0.01481   0.0018   0.4484   0.5843
   1.000   0.1853   0.02350   0.01508   0.0043   0.4367   0.5994
   1.500   0.2139   0.02399   0.01554   0.0079   0.4246   0.6142
   2.000   0.2427   0.02456   0.01614   0.0112   0.4126   0.6285
   2.500   0.2881   0.02497   0.01635   0.0120   0.4015   0.6446
   3.000   0.3041   0.02591   0.01747   0.0166   0.3901   0.6600
   3.500   0.3416   0.02662   0.01806   0.0182   0.3799   0.6788
   4.000   0.3681   0.02758   0.01915   0.0211   0.3700   0.6972
   4.500   0.4069   0.02842   0.01994   0.0222   0.3616   0.7175
   5.000   0.4342   0.02959   0.02118   0.0247   0.3536   0.7401
   5.500   0.4859   0.03018   0.02173   0.0244   0.3470   0.7634
   6.000   0.5005   0.03194   0.02374   0.0281   0.3405   0.7877
   6.500   0.5369   0.03298   0.02480   0.0294   0.3348   0.8145
   7.000   0.5835   0.03392   0.02572   0.0297   0.3301   0.8422
   7.500   0.5912   0.03636   0.02842   0.0340   0.3255   0.8716
   8.000   0.6190   0.03823   0.03038   0.0360   0.3213   0.9004
   8.500   0.6730   0.03944   0.03150   0.0349   0.3177   0.9260
   9.000   0.7228   0.04171   0.03375   0.0328   0.3141   0.9473
   9.500   0.7364   0.04714   0.03946   0.0308   0.3100   0.9616
  10.000   0.7764   0.05163   0.04407   0.0259   0.3063   0.9717
  -2.000   0.0117   0.02204   0.01384  -0.0208   0.5096   0.5196
  -1.500   0.0325   0.02215   0.01388  -0.0148   0.4974   0.5312
  -1.000   0.0686   0.02216   0.01380  -0.0116   0.4851   0.5431
  -0.500   0.0880   0.02254   0.01423  -0.0057   0.4727   0.5563
   0.000   0.1328   0.02265   0.01418  -0.0043   0.4608   0.5701
   0.500   0.1487   0.02317   0.01481   0.0018   0.4484   0.5843
   1.000   0.1853   0.02350   0.01508   0.0043   0.4367   0.5994
   1.500   0.2139   0.02399   0.01554   0.0079   0.4246   0.6142
   2.000   0.2427   0.02456   0.01614   0.0112   0.4126   0.6285
   2.500   0.2881   0.02497   0.01635   0.0120   0.4015   0.6446
   3.000   0.3041   0.02591   0.01747   0.0166   0.3901   0.6600
   3.500   0.3416   0.02662   0.01806   0.0182   0.3799   0.6788
   4.000   0.3681   0.02758   0.01915   0.0211   0.3700   0.6972
   4.500   0.4069   0.02842   0.01994   0.0222   0.3616   0.7175
   5.000   0.4342   0.02959   0.02118   0.0247   0.3536   0.7401
   5.500   0.4859   0.03018   0.02173   0.0244   0.3470   0.7634
   6.000   0.5005   0.03194   0.02374   0.0281   0.3405   0.7877
   6.500   0.5369   0.03298   0.02480   0.0294   0.3348   0.8145
   7.000   0.5835   0.03392   0.02572   0.0297   0.3301   0.8422
   7.500   0.5912   0.03636   0.02842   0.0340   0.3255   0.8716
   8.000   0.6190   0.03823   0.03038   0.0360   0.3213   0.9004
   8.500   0.6730   0.03944   0.03150   0.0349   0.3177   0.9260
   9.000   0.7228   0.04171   0.03375   0.0328   0.3141   0.9473
   9.500   0.7364   0.04714   0.03946   0.0308   0.3100   0.9616
  10.000   0.7764   0.05163   0.04407   0.0259   0.3063   0.9717
