  
       XFOIL         Version 6.99
  
 Calculated polar for: NACA 7822                                       
  
 1 1 Reynolds number fixed          Mach number fixed         
  
 xtrf =   1.000 (top)        1.000 (bottom)  
 Mach =   0.050     Re =     0.200 e 6     Ncrit =   9.000
  
   alpha    CL        CD       CDp       CM     Top_Xtr  Bot_Xtr
  ------ -------- --------- --------- -------- -------- --------
  -2.000   0.3038   0.03593   0.02917  -0.1947   0.8242   0.3379
  -1.500   0.3711   0.03526   0.02858  -0.1971   0.8123   0.3605
  -1.000   0.4554   0.03401   0.02738  -0.2021   0.8081   0.3862
  -0.500   0.5225   0.03322   0.02669  -0.2040   0.7963   0.4098
   0.000   0.6049   0.03163   0.02516  -0.2083   0.7925   0.4360
   0.500   0.6734   0.03068   0.02430  -0.2103   0.7803   0.4604
   1.000   0.7630   0.02873   0.02239  -0.2157   0.7753   0.4878
   1.500   0.8416   0.02747   0.02117  -0.2194   0.7610   0.5134
   2.000   0.9296   0.02594   0.01964  -0.2247   0.7462   0.5397
   2.500   1.0154   0.02474   0.01840  -0.2298   0.7275   0.5649
   3.000   1.0863   0.02430   0.01791  -0.2322   0.7044   0.5871
   3.500   1.1461   0.02438   0.01793  -0.2325   0.6802   0.6077
   4.000   1.1999   0.02476   0.01822  -0.2319   0.6561   0.6283
   4.500   1.2438   0.02534   0.01875  -0.2292   0.6328   0.6461
   5.000   1.2829   0.02601   0.01940  -0.2256   0.6104   0.6607
   5.500   1.3261   0.02680   0.02011  -0.2232   0.5885   0.6791
   6.000   1.3562   0.02761   0.02092  -0.2177   0.5679   0.6901
   6.500   1.3954   0.02850   0.02175  -0.2146   0.5473   0.7061
   7.000   1.4255   0.02939   0.02260  -0.2094   0.5278   0.7176
   7.500   1.4621   0.03034   0.02348  -0.2060   0.5081   0.7317
   8.000   1.4895   0.03147   0.02459  -0.2007   0.4888   0.7449
   8.500   1.5135   0.03278   0.02596  -0.1952   0.4698   0.7568
   9.000   1.5441   0.03421   0.02740  -0.1913   0.4508   0.7718
   9.500   1.5663   0.03554   0.02877  -0.1856   0.4329   0.7829
  10.000   1.5929   0.03703   0.03024  -0.1812   0.4149   0.7957
