  
       XFOIL         Version 6.99
  
 Calculated polar for: NACA 3716                                       
  
 1 1 Reynolds number fixed          Mach number fixed         
  
 xtrf =   1.000 (top)        1.000 (bottom)  
 Mach =   0.050     Re =     0.200 e 6     Ncrit =   9.000
  
   alpha    CL        CD       CDp       CM     Top_Xtr  Bot_Xtr
  ------ -------- --------- --------- -------- -------- --------
  -2.000   0.0454   0.01963   0.01294  -0.0934   0.9027   0.4682
  -1.500   0.1263   0.01906   0.01250  -0.0977   0.8947   0.5131
  -0.500   0.2593   0.01789   0.01165  -0.1003   0.8680   0.5936
   0.000   0.3401   0.01685   0.01077  -0.1037   0.8609   0.6330
   0.500   0.4034   0.01602   0.01010  -0.1037   0.8461   0.6664
   1.000   0.4695   0.01509   0.00928  -0.1041   0.8310   0.6989
   1.500   0.5374   0.01413   0.00841  -0.1049   0.8128   0.7306
   2.000   0.6067   0.01324   0.00761  -0.1060   0.7875   0.7592
   2.500   0.6752   0.01261   0.00695  -0.1072   0.7487   0.7890
   3.000   0.7442   0.01230   0.00647  -0.1086   0.7014   0.8166
   3.500   0.7965   0.01255   0.00652  -0.1071   0.6534   0.8469
   4.000   0.8385   0.01287   0.00673  -0.1035   0.6110   0.8810
   4.500   0.8755   0.01314   0.00694  -0.0989   0.5717   0.9301
   5.000   0.9313   0.01362   0.00724  -0.0993   0.5303   1.0000
   5.500   0.9777   0.01431   0.00773  -0.0980   0.4905   1.0000
   6.000   1.0194   0.01504   0.00827  -0.0955   0.4519   1.0000
   6.500   1.0558   0.01582   0.00888  -0.0920   0.4145   1.0000
   7.000   1.0909   0.01672   0.00961  -0.0883   0.3774   1.0000
   7.500   1.1246   0.01773   0.01047  -0.0845   0.3406   1.0000
   8.000   1.1566   0.01887   0.01147  -0.0806   0.3044   1.0000
   8.500   1.1869   0.02016   0.01262  -0.0766   0.2694   1.0000
   9.000   1.2149   0.02165   0.01396  -0.0725   0.2365   1.0000
   9.500   1.2417   0.02329   0.01549  -0.0685   0.2063   1.0000
  10.000   1.2675   0.02508   0.01722  -0.0645   0.1800   1.0000
