  
       XFOIL         Version 6.99
  
 Calculated polar for: NACA 9636                                       
  
 1 1 Reynolds number fixed          Mach number fixed         
  
 xtrf =   1.000 (top)        1.000 (bottom)  
 Mach =   0.050     Re =     0.200 e 6     Ncrit =   9.000
  
   alpha    CL        CD       CDp       CM     Top_Xtr  Bot_Xtr
  ------ -------- --------- --------- -------- -------- --------
  -2.000  -0.0451   0.05802   0.05026  -0.1278   0.5980   0.2654
  -1.500   0.0269   0.05660   0.04884  -0.1308   0.5959   0.2743
  -1.000   0.1012   0.05519   0.04739  -0.1340   0.5946   0.2842
  -0.500   0.1796   0.05330   0.04549  -0.1376   0.5939   0.2944
   0.000   0.2630   0.05131   0.04341  -0.1418   0.5933   0.3060
   0.500   0.3512   0.04893   0.04105  -0.1467   0.5929   0.3178
   1.000   0.4450   0.04666   0.03860  -0.1525   0.5924   0.3310
   2.500   0.4846   0.05624   0.04834  -0.1426   0.5553   0.3570
   3.000   0.5768   0.05355   0.04571  -0.1476   0.5549   0.3724
   3.500   0.6764   0.05067   0.04274  -0.1539   0.5543   0.3890
   4.000   0.7795   0.04798   0.03995  -0.1607   0.5533   0.4066
   5.000   0.8114   0.05385   0.04600  -0.1545   0.5330   0.4293
   6.000   0.8531   0.05945   0.05171  -0.1500   0.5145   0.4545
