  
       XFOIL         Version 6.99
  
 Calculated polar for: NACA 8512                                       
  
 1 1 Reynolds number fixed          Mach number fixed         
  
 xtrf =   1.000 (top)        1.000 (bottom)  
 Mach =   0.050     Re =     0.200 e 6     Ncrit =   9.000
  
   alpha    CL        CD       CDp       CM     Top_Xtr  Bot_Xtr
  ------ -------- --------- --------- -------- -------- --------
  -1.500   0.7535   0.01893   0.01140  -0.2283   0.8104   0.1740
  -1.000   0.8060   0.01883   0.01138  -0.2279   0.8008   0.2139
  -0.500   0.8759   0.01811   0.01071  -0.2305   0.7951   0.2694
   0.000   0.9284   0.01809   0.01083  -0.2301   0.7853   0.3257
   0.500   0.9969   0.01747   0.01036  -0.2324   0.7790   0.3997
   1.000   1.0466   0.01752   0.01067  -0.2315   0.7684   0.4838
   1.500   1.1141   0.01653   0.01021  -0.2335   0.7621   0.7001
   2.000   1.1553   0.01655   0.01042  -0.2304   0.7502   1.0000
   2.500   1.2126   0.01671   0.01045  -0.2307   0.7408   1.0000
   3.000   1.2740   0.01669   0.01031  -0.2318   0.7315   1.0000
   3.500   1.3213   0.01713   0.01074  -0.2303   0.7194   1.0000
   4.000   1.3759   0.01737   0.01095  -0.2301   0.7088   1.0000
   4.500   1.4386   0.01737   0.01089  -0.2314   0.6989   1.0000
   5.000   1.4826   0.01786   0.01146  -0.2293   0.6857   1.0000
   5.500   1.5290   0.01832   0.01198  -0.2277   0.6728   1.0000
   6.000   1.5781   0.01870   0.01243  -0.2265   0.6600   1.0000
   6.500   1.6290   0.01903   0.01283  -0.2257   0.6469   1.0000
   7.000   1.6785   0.01938   0.01324  -0.2245   0.6330   1.0000
   7.500   1.7166   0.01984   0.01382  -0.2212   0.6158   1.0000
   8.000   1.7415   0.01985   0.01375  -0.2145   0.5870   1.0000
   8.500   1.7459   0.02076   0.01477  -0.2048   0.5602   1.0000
   9.000   1.7642   0.02180   0.01587  -0.1982   0.5357   1.0000
   9.500   1.7785   0.02316   0.01726  -0.1912   0.5087   1.0000
  10.000   1.7847   0.02509   0.01928  -0.1835   0.4782   1.0000
