  
       XFOIL         Version 6.99
  
 Calculated polar for: NACA 9736                                       
  
 1 1 Reynolds number fixed          Mach number fixed         
  
 xtrf =   1.000 (top)        1.000 (bottom)  
 Mach =   0.050     Re =     0.200 e 6     Ncrit =   9.000
  
   alpha    CL        CD       CDp       CM     Top_Xtr  Bot_Xtr
  ------ -------- --------- --------- -------- -------- --------
  -2.000   0.1967   0.04131   0.03371  -0.1726   0.6681   0.2997
  -1.500   0.3225   0.03781   0.03017  -0.1838   0.6709   0.3120
  -1.000   0.3446   0.03965   0.03196  -0.1809   0.6542   0.3198
  -0.500   0.4482   0.03746   0.02980  -0.1889   0.6519   0.3319
   0.500   0.5631   0.03789   0.03019  -0.1924   0.6317   0.3526
   1.500   0.6646   0.03914   0.03142  -0.1939   0.6111   0.3742
   2.000   0.7721   0.03737   0.02943  -0.2030   0.6067   0.3894
   3.000   0.8485   0.03969   0.03186  -0.2005   0.5856   0.4118
   3.500   0.8366   0.04379   0.03604  -0.1927   0.5713   0.4195
   4.000   0.9154   0.04277   0.03505  -0.1970   0.5651   0.4346
   4.500   0.9605   0.04403   0.03625  -0.1971   0.5564   0.4476
   5.000   0.9733   0.04670   0.03908  -0.1927   0.5451   0.4584
   5.500   1.0666   0.04508   0.03730  -0.1990   0.5401   0.4757
   6.000   1.0242   0.05141   0.04385  -0.1878   0.5256   0.4825
   6.500   1.1023   0.05020   0.04265  -0.1917   0.5203   0.4992
   7.500   1.1263   0.05676   0.04939  -0.1839   0.5004   0.5234
   8.000   1.2200   0.05450   0.04699  -0.1895   0.4964   0.5421
   8.500   1.1317   0.06528   0.05812  -0.1748   0.4798   0.5465
   9.000   1.2221   0.06265   0.05543  -0.1795   0.4766   0.5644
   9.500   1.3272   0.05961   0.05212  -0.1865   0.4732   0.5848
