  
       XFOIL         Version 6.99
  
 Calculated polar for: NACA 7124                                       
  
 1 1 Reynolds number fixed          Mach number fixed         
  
 xtrf =   1.000 (top)        1.000 (bottom)  
 Mach =   0.050     Re =     0.200 e 6     Ncrit =   9.000
  
   alpha    CL        CD       CDp       CM     Top_Xtr  Bot_Xtr
  ------ -------- --------- --------- -------- -------- --------
  -2.000   0.4425   0.03180   0.02362  -0.0743   0.5029   0.0455
  -1.500   0.4770   0.02944   0.02110  -0.0707   0.4818   0.0476
  -0.500   0.5393   0.02773   0.01883  -0.0608   0.4377   0.0535
   0.000   0.5632   0.02650   0.01743  -0.0549   0.4145   0.0562
   0.500   0.5875   0.02600   0.01670  -0.0492   0.3888   0.0605
   1.000   0.6120   0.02573   0.01623  -0.0440   0.3560   0.0663
   1.500   0.6299   0.02633   0.01648  -0.0383   0.3101   0.0747
   2.000   0.6333   0.02754   0.01726  -0.0316   0.2450   0.0862
   2.500   0.6427   0.02843   0.01797  -0.0265   0.2084   0.1081
   3.000   0.6620   0.02931   0.01890  -0.0228   0.1948   0.1239
   3.500   0.6833   0.03062   0.02022  -0.0197   0.1871   0.1319
   4.000   0.7129   0.03197   0.02151  -0.0176   0.1820   0.1362
   4.500   0.7426   0.03366   0.02308  -0.0155   0.1781   0.1340
   5.000   0.7713   0.03572   0.02498  -0.0133   0.1751   0.1171
   5.500   0.8055   0.03738   0.02648  -0.0117   0.1728   0.1075
   6.000   0.8405   0.03906   0.02814  -0.0104   0.1711   0.0957
   6.500   0.8768   0.04059   0.02960  -0.0094   0.1695   0.0897
   7.000   0.9139   0.04208   0.03098  -0.0087   0.1680   0.0915
   7.500   0.9512   0.04362   0.03242  -0.0081   0.1667   0.0931
   8.000   0.9890   0.04519   0.03388  -0.0076   0.1655   0.1026
   8.500   1.0251   0.04477   0.03566  -0.0063   0.1645   1.0000
   9.000   1.0643   0.04643   0.03719  -0.0060   0.1636   1.0000
   9.500   1.1053   0.04813   0.03876  -0.0060   0.1627   1.0000
  10.000   1.1486   0.04995   0.04048  -0.0061   0.1619   1.0000
