  
       XFOIL         Version 6.99
  
 Calculated polar for: NACA 6436                                       
  
 1 1 Reynolds number fixed          Mach number fixed         
  
 xtrf =   1.000 (top)        1.000 (bottom)  
 Mach =   0.050     Re =     0.200 e 6     Ncrit =   9.000
  
   alpha    CL        CD       CDp       CM     Top_Xtr  Bot_Xtr
  ------ -------- --------- --------- -------- -------- --------
  -2.000   0.2469   0.02581   0.01637  -0.0960   0.5475   0.3087
  -1.500   0.2313   0.02656   0.01731  -0.0844   0.5407   0.3163
  -1.000   0.2654   0.02679   0.01749  -0.0815   0.5341   0.3279
  -0.500   0.3339   0.02656   0.01724  -0.0844   0.5291   0.3437
   0.000   0.3480   0.02743   0.01821  -0.0786   0.5231   0.3559
   0.500   0.3553   0.02841   0.01937  -0.0720   0.5163   0.3690
   1.000   0.4107   0.02837   0.01935  -0.0728   0.5114   0.3887
   1.500   0.4972   0.02809   0.01903  -0.0786   0.5068   0.4159
   2.000   0.4341   0.03120   0.02252  -0.0624   0.4990   0.4270
   2.500   0.4612   0.03220   0.02370  -0.0596   0.4934   0.4553
   3.000   0.5428   0.03142   0.02302  -0.0639   0.4897   0.5044
   3.500   0.3600   0.04311   0.03520  -0.0386   0.4737   0.4959
   4.000   0.4462   0.04110   0.03342  -0.0422   0.4720   0.5643
   4.500   0.5473   0.03866   0.03112  -0.0474   0.4704   0.6376
