  
       XFOIL         Version 6.99
  
 Calculated polar for: NACA 2314                                       
  
 1 1 Reynolds number fixed          Mach number fixed         
  
 xtrf =   1.000 (top)        1.000 (bottom)  
 Mach =   0.050     Re =     0.200 e 6     Ncrit =   9.000
  
   alpha    CL        CD       CDp       CM     Top_Xtr  Bot_Xtr
  ------ -------- --------- --------- -------- -------- --------
  -2.000  -0.0058   0.01080   0.00532  -0.0465   0.8632   0.6810
  -1.500   0.0467   0.01043   0.00511  -0.0441   0.8381   0.7631
  -1.000   0.0972   0.01030   0.00504  -0.0412   0.8075   0.8300
  -0.500   0.1510   0.01038   0.00504  -0.0389   0.7749   0.8842
   0.000   0.2144   0.01063   0.00510  -0.0387   0.7390   0.9245
   0.500   0.2936   0.01102   0.00522  -0.0421   0.6992   0.9556
   1.000   0.3947   0.01140   0.00528  -0.0507   0.6545   0.9781
   1.500   0.4876   0.01161   0.00518  -0.0584   0.6100   0.9955
   2.000   0.5466   0.01176   0.00507  -0.0598   0.5736   1.0000
   2.500   0.5907   0.01197   0.00509  -0.0580   0.5434   1.0000
   3.000   0.6346   0.01230   0.00521  -0.0560   0.5182   1.0000
   3.500   0.6786   0.01265   0.00546  -0.0540   0.4952   1.0000
   4.000   0.7228   0.01305   0.00577  -0.0519   0.4745   1.0000
   4.500   0.7673   0.01349   0.00614  -0.0497   0.4552   1.0000
   5.000   0.8119   0.01396   0.00656  -0.0476   0.4366   1.0000
   5.500   0.8566   0.01445   0.00700  -0.0455   0.4180   1.0000
   6.000   0.9009   0.01495   0.00748  -0.0432   0.3993   1.0000
   6.500   0.9450   0.01548   0.00796  -0.0410   0.3799   1.0000
   7.000   0.9890   0.01604   0.00849  -0.0388   0.3598   1.0000
   7.500   1.0315   0.01651   0.00907  -0.0364   0.3380   1.0000
   8.000   1.0732   0.01703   0.00964  -0.0339   0.3146   1.0000
   8.500   1.1133   0.01761   0.01026  -0.0312   0.2891   1.0000
   9.000   1.1502   0.01832   0.01097  -0.0282   0.2599   1.0000
   9.500   1.1833   0.01929   0.01192  -0.0247   0.2265   1.0000
  10.000   1.2103   0.02063   0.01318  -0.0205   0.1918   1.0000
