  
       XFOIL         Version 6.99
  
 Calculated polar for: NACA 8718                                       
  
 1 1 Reynolds number fixed          Mach number fixed         
  
 xtrf =   1.000 (top)        1.000 (bottom)  
 Mach =   0.050     Re =     0.200 e 6     Ncrit =   9.000
  
   alpha    CL        CD       CDp       CM     Top_Xtr  Bot_Xtr
  ------ -------- --------- --------- -------- -------- --------
  -1.500   0.4310   0.04442   0.03744  -0.2129   0.8249   0.2802
  -1.000   0.4981   0.04406   0.03721  -0.2153   0.8157   0.3102
  -0.500   0.5816   0.04343   0.03662  -0.2201   0.8132   0.3459
   0.500   0.7137   0.04218   0.03553  -0.2236   0.7969   0.4122
   1.000   0.7646   0.04173   0.03523  -0.2228   0.7834   0.4422
   2.000   0.8845   0.04026   0.03397  -0.2236   0.7639   0.5079
   2.500   0.9408   0.03948   0.03333  -0.2231   0.7525   0.5385
   3.500   1.0636   0.03715   0.03120  -0.2234   0.7350   0.5997
   4.000   1.1130   0.03649   0.03065  -0.2215   0.7209   0.6244
   4.500   1.1731   0.03524   0.02948  -0.2211   0.7095   0.6486
   5.000   1.2522   0.03283   0.02710  -0.2236   0.7020   0.6734
   5.500   1.3298   0.03085   0.02510  -0.2263   0.6872   0.6979
   6.000   1.4149   0.02888   0.02300  -0.2306   0.6686   0.7231
   6.500   1.4914   0.02765   0.02164  -0.2336   0.6453   0.7444
   7.000   1.5365   0.02817   0.02210  -0.2317   0.6179   0.7640
   7.500   1.5747   0.02902   0.02290  -0.2287   0.5910   0.7831
   8.000   1.6138   0.02985   0.02362  -0.2260   0.5653   0.8023
   8.500   1.6428   0.03116   0.02491  -0.2217   0.5396   0.8210
   9.000   1.6654   0.03283   0.02660  -0.2165   0.5136   0.8398
   9.500   1.6897   0.03438   0.02812  -0.2117   0.4882   0.8602
  10.000   1.7127   0.03596   0.02966  -0.2068   0.4634   0.8862
