  
       XFOIL         Version 6.99
  
 Calculated polar for: NACA 4204                                       
  
 1 1 Reynolds number fixed          Mach number fixed         
  
 xtrf =   1.000 (top)        1.000 (bottom)  
 Mach =   0.050     Re =     0.200 e 6     Ncrit =   9.000
  
   alpha    CL        CD       CDp       CM     Top_Xtr  Bot_Xtr
  ------ -------- --------- --------- -------- -------- --------
  -2.000   0.1064   0.01451   0.01034  -0.0643   0.9702   0.0324
  -1.500   0.1964   0.01119   0.00636  -0.0699   0.9569   0.0405
  -1.000   0.2697   0.00863   0.00329  -0.0727   0.9336   0.0527
  -0.500   0.3334   0.00522  -0.00056  -0.0749   0.9040   0.0673
   0.000   0.3954   0.00352  -0.00290  -0.0730   0.8619   0.0263
   0.500   0.4482   0.00230  -0.00469  -0.0709   0.7947   0.0284
   1.500   0.5349   0.00150  -0.00529  -0.0651   0.5013   0.7968
   2.000   0.5858   0.00210  -0.00546  -0.0642   0.4041   1.0000
   2.500   0.6360   0.00243  -0.00556  -0.0635   0.3734   1.0000
   3.000   0.6873   0.00275  -0.00546  -0.0630   0.3557   1.0000
   3.500   0.7386   0.00310  -0.00521  -0.0625   0.3431   1.0000
   4.000   0.7902   0.00349  -0.00475  -0.0621   0.3338   1.0000
   4.500   0.8420   0.00390  -0.00419  -0.0617   0.3252   1.0000
   5.000   0.8924   0.00427  -0.00365  -0.0611   0.3079   1.0000
   5.500   0.9266   0.00607  -0.00279  -0.0582   0.0137   1.0000
   6.000   0.9657   0.00849   0.00039  -0.0554   0.0130   1.0000
   6.500   1.0004   0.01274   0.00481  -0.0518   0.0134   1.0000
   7.000   1.0460   0.01718   0.00948  -0.0489   0.0173   1.0000
  -2.000   0.1064   0.01451   0.01034  -0.0643   0.9702   0.0324
  -1.500   0.1964   0.01119   0.00636  -0.0699   0.9569   0.0405
  -1.000   0.2697   0.00863   0.00329  -0.0727   0.9336   0.0527
  -0.500   0.3334   0.00522  -0.00056  -0.0749   0.9040   0.0673
   0.000   0.3954   0.00352  -0.00290  -0.0730   0.8619   0.0263
   0.500   0.4482   0.00230  -0.00469  -0.0709   0.7947   0.0284
   1.500   0.5349   0.00150  -0.00529  -0.0651   0.5013   0.7968
   2.000   0.5858   0.00210  -0.00546  -0.0642   0.4041   1.0000
   2.500   0.6360   0.00243  -0.00556  -0.0635   0.3734   1.0000
   3.000   0.6873   0.00275  -0.00546  -0.0630   0.3557   1.0000
   3.500   0.7386   0.00310  -0.00521  -0.0625   0.3431   1.0000
   4.000   0.7902   0.00349  -0.00475  -0.0621   0.3338   1.0000
   4.500   0.8420   0.00390  -0.00419  -0.0617   0.3252   1.0000
   5.000   0.8924   0.00427  -0.00365  -0.0611   0.3079   1.0000
   5.500   0.9266   0.00607  -0.00279  -0.0582   0.0137   1.0000
   6.000   0.9657   0.00849   0.00039  -0.0554   0.0130   1.0000
   6.500   1.0004   0.01274   0.00481  -0.0518   0.0134   1.0000
   7.000   1.0460   0.01718   0.00948  -0.0489   0.0173   1.0000
  -2.000   0.1064   0.01451   0.01034  -0.0643   0.9702   0.0324
  -1.500   0.1964   0.01119   0.00636  -0.0699   0.9569   0.0405
  -1.000   0.2697   0.00863   0.00329  -0.0727   0.9336   0.0527
  -0.500   0.3334   0.00522  -0.00056  -0.0749   0.9040   0.0673
   0.000   0.3954   0.00352  -0.00290  -0.0730   0.8619   0.0263
   0.500   0.4482   0.00230  -0.00469  -0.0709   0.7947   0.0284
   1.500   0.5349   0.00150  -0.00529  -0.0651   0.5013   0.7968
   2.000   0.5858   0.00210  -0.00546  -0.0642   0.4041   1.0000
   2.500   0.6360   0.00243  -0.00556  -0.0635   0.3734   1.0000
   3.000   0.6873   0.00275  -0.00546  -0.0630   0.3557   1.0000
   3.500   0.7386   0.00310  -0.00521  -0.0625   0.3431   1.0000
   4.000   0.7902   0.00349  -0.00475  -0.0621   0.3338   1.0000
   4.500   0.8420   0.00390  -0.00419  -0.0617   0.3252   1.0000
   5.000   0.8924   0.00427  -0.00365  -0.0611   0.3079   1.0000
   5.500   0.9266   0.00607  -0.00279  -0.0582   0.0137   1.0000
   6.000   0.9657   0.00849   0.00039  -0.0554   0.0130   1.0000
   6.500   1.0004   0.01274   0.00481  -0.0518   0.0134   1.0000
   7.000   1.0460   0.01718   0.00948  -0.0489   0.0173   1.0000
