  
       XFOIL         Version 6.99
  
 Calculated polar for: NACA 6332                                       
  
 1 1 Reynolds number fixed          Mach number fixed         
  
 xtrf =   1.000 (top)        1.000 (bottom)  
 Mach =   0.050     Re =     0.200 e 6     Ncrit =   9.000
  
   alpha    CL        CD       CDp       CM     Top_Xtr  Bot_Xtr
  ------ -------- --------- --------- -------- -------- --------
  -2.000   0.2543   0.02275   0.01290  -0.0796   0.4892   0.2462
  -1.500   0.2739   0.02276   0.01301  -0.0736   0.4794   0.2598
  -1.000   0.3194   0.02259   0.01280  -0.0724   0.4709   0.2815
  -0.500   0.3494   0.02245   0.01296  -0.0686   0.4634   0.3144
   0.000   0.3766   0.02197   0.01322  -0.0645   0.4562   0.4541
   0.500   0.4326   0.02207   0.01356  -0.0647   0.4497   0.5758
   1.000   0.4612   0.02273   0.01445  -0.0605   0.4443   0.6244
   1.500   0.5005   0.02334   0.01518  -0.0582   0.4388   0.6643
   2.000   0.5508   0.02384   0.01567  -0.0576   0.4338   0.7030
   2.500   0.6070   0.02453   0.01635  -0.0581   0.4290   0.7379
   3.000   0.6296   0.02554   0.01758  -0.0534   0.4249   0.7724
   3.500   0.6622   0.02647   0.01864  -0.0503   0.4207   0.8072
   4.000   0.7040   0.02720   0.01943  -0.0484   0.4167   0.8447
   4.500   0.7647   0.02786   0.02001  -0.0490   0.4129   0.8843
   5.000   0.7913   0.02956   0.02186  -0.0453   0.4095   0.9274
   5.500   0.8285   0.03206   0.02453  -0.0454   0.4055   0.9588
   6.000   0.9055   0.03437   0.02683  -0.0527   0.4010   0.9784
   6.500   1.0040   0.03558   0.02786  -0.0624   0.3972   0.9908
   7.000   1.1198   0.03657   0.02858  -0.0744   0.3938   0.9975
   7.500   0.9922   0.04031   0.03273  -0.0513   0.3908   1.0000
