  
       XFOIL         Version 6.99
  
 Calculated polar for: NACA 1124                                       
  
 1 1 Reynolds number fixed          Mach number fixed         
  
 xtrf =   1.000 (top)        1.000 (bottom)  
 Mach =   0.050     Re =     0.200 e 6     Ncrit =   9.000
  
   alpha    CL        CD       CDp       CM     Top_Xtr  Bot_Xtr
  ------ -------- --------- --------- -------- -------- --------
  -2.000  -0.1152   0.01522   0.00793  -0.0140   0.6854   0.5535
  -1.500  -0.0646   0.01512   0.00779  -0.0125   0.6626   0.5750
  -1.000  -0.0141   0.01506   0.00769  -0.0110   0.6401   0.5972
  -0.500   0.0363   0.01504   0.00764  -0.0095   0.6179   0.6200
   0.000   0.0868   0.01506   0.00764  -0.0081   0.5961   0.6435
   0.500   0.1373   0.01512   0.00768  -0.0066   0.5748   0.6674
   1.000   0.1878   0.01522   0.00776  -0.0051   0.5537   0.6919
   1.500   0.2371   0.01535   0.00790  -0.0034   0.5326   0.7167
   2.000   0.2856   0.01551   0.00809  -0.0016   0.5117   0.7417
   2.500   0.3337   0.01572   0.00833   0.0004   0.4909   0.7669
   3.000   0.3810   0.01599   0.00861   0.0025   0.4698   0.7920
   3.500   0.4276   0.01633   0.00896   0.0048   0.4495   0.8168
   4.000   0.4741   0.01675   0.00939   0.0071   0.4300   0.8409
   4.500   0.5206   0.01727   0.00989   0.0093   0.4111   0.8640
   5.000   0.5681   0.01789   0.01047   0.0113   0.3926   0.8858
   5.500   0.6182   0.01860   0.01112   0.0126   0.3744   0.9061
   6.000   0.6717   0.01940   0.01184   0.0130   0.3558   0.9248
   6.500   0.7297   0.02030   0.01266   0.0122   0.3365   0.9421
   7.000   0.8109   0.02142   0.01370   0.0064   0.3148   0.9507
   7.500   0.8755   0.02242   0.01461   0.0035   0.2958   0.9647
   8.000   0.9391   0.02347   0.01559   0.0004   0.2779   0.9784
   8.500   1.0050   0.02462   0.01665  -0.0036   0.2610   0.9904
   9.000   1.0742   0.02582   0.01778  -0.0084   0.2462   0.9995
   9.500   1.0645   0.02646   0.01834   0.0011   0.2390   1.0000
  10.000   1.0570   0.02726   0.01913   0.0102   0.2321   1.0000
  -2.000  -0.1152   0.01522   0.00793  -0.0140   0.6854   0.5535
  -1.500  -0.0646   0.01512   0.00779  -0.0125   0.6626   0.5750
  -1.000  -0.0141   0.01506   0.00769  -0.0110   0.6401   0.5972
  -0.500   0.0363   0.01504   0.00764  -0.0095   0.6179   0.6200
   0.000   0.0868   0.01506   0.00764  -0.0081   0.5961   0.6435
   0.500   0.1373   0.01512   0.00768  -0.0066   0.5748   0.6674
   1.000   0.1878   0.01522   0.00776  -0.0051   0.5537   0.6919
   1.500   0.2371   0.01535   0.00790  -0.0034   0.5326   0.7167
   2.000   0.2856   0.01551   0.00809  -0.0016   0.5117   0.7417
   2.500   0.3337   0.01572   0.00833   0.0004   0.4909   0.7669
   3.000   0.3810   0.01599   0.00861   0.0025   0.4698   0.7920
   3.500   0.4276   0.01633   0.00896   0.0048   0.4495   0.8168
   4.000   0.4741   0.01675   0.00939   0.0071   0.4300   0.8409
   4.500   0.5206   0.01727   0.00989   0.0093   0.4111   0.8640
   5.000   0.5681   0.01789   0.01047   0.0113   0.3926   0.8858
   5.500   0.6182   0.01860   0.01112   0.0126   0.3744   0.9061
   6.000   0.6717   0.01940   0.01184   0.0130   0.3558   0.9248
   6.500   0.7297   0.02030   0.01266   0.0122   0.3365   0.9421
   7.000   0.8109   0.02142   0.01370   0.0064   0.3148   0.9507
   7.500   0.8755   0.02242   0.01461   0.0035   0.2958   0.9647
   8.000   0.9391   0.02347   0.01559   0.0004   0.2779   0.9784
   8.500   1.0050   0.02462   0.01665  -0.0036   0.2610   0.9904
   9.000   1.0742   0.02582   0.01778  -0.0084   0.2462   0.9995
   9.500   1.0645   0.02646   0.01834   0.0011   0.2390   1.0000
  10.000   1.0570   0.02726   0.01913   0.0102   0.2321   1.0000
