  
       XFOIL         Version 6.99
  
 Calculated polar for: NACA 5426                                       
  
 1 1 Reynolds number fixed          Mach number fixed         
  
 xtrf =   1.000 (top)        1.000 (bottom)  
 Mach =   0.050     Re =     0.200 e 6     Ncrit =   9.000
  
   alpha    CL        CD       CDp       CM     Top_Xtr  Bot_Xtr
  ------ -------- --------- --------- -------- -------- --------
  -2.000   0.3106   0.01859   0.00981  -0.1118   0.6143   0.3170
  -1.500   0.3616   0.01853   0.00974  -0.1110   0.6031   0.3399
  -1.000   0.4084   0.01841   0.00969  -0.1094   0.5922   0.3657
  -0.500   0.4590   0.01836   0.00973  -0.1086   0.5824   0.3976
   0.500   0.5585   0.01829   0.01001  -0.1067   0.5640   0.5006
   1.000   0.5940   0.01834   0.01044  -0.1030   0.5547   0.5778
   1.500   0.6466   0.01842   0.01071  -0.1022   0.5469   0.6612
   2.000   0.6865   0.01876   0.01133  -0.0990   0.5387   0.7295
   2.500   0.7285   0.01906   0.01181  -0.0960   0.5307   0.7929
   3.000   0.7895   0.01954   0.01224  -0.0963   0.5235   0.8528
   3.500   0.8175   0.02020   0.01312  -0.0907   0.5156   0.9090
   4.000   0.8952   0.02088   0.01369  -0.0948   0.5077   0.9487
   4.500   0.9857   0.02191   0.01461  -0.1022   0.4999   0.9746
   5.000   1.0823   0.02282   0.01548  -0.1114   0.4909   0.9920
   5.500   1.1893   0.02339   0.01577  -0.1222   0.4835   1.0000
   6.000   1.1302   0.02374   0.01629  -0.1024   0.4775   1.0000
   6.500   1.1330   0.02418   0.01668  -0.0934   0.4705   1.0000
   7.000   1.2091   0.02462   0.01688  -0.0976   0.4641   1.0000
   7.500   1.1816   0.02591   0.01836  -0.0841   0.4568   1.0000
   8.000   1.2164   0.02665   0.01906  -0.0815   0.4498   1.0000
   8.500   1.2787   0.02723   0.01947  -0.0833   0.4434   1.0000
   9.000   1.2591   0.02936   0.02184  -0.0730   0.4354   1.0000
   9.500   1.3139   0.02973   0.02208  -0.0736   0.4289   1.0000
  10.000   1.3262   0.03167   0.02412  -0.0687   0.4216   1.0000
