  
       XFOIL         Version 6.99
  
 Calculated polar for: NACA 2408                                       
  
 1 1 Reynolds number fixed          Mach number fixed         
  
 xtrf =   1.000 (top)        1.000 (bottom)  
 Mach =   0.050     Re =     0.200 e 6     Ncrit =   9.000
  
   alpha    CL        CD       CDp       CM     Top_Xtr  Bot_Xtr
  ------ -------- --------- --------- -------- -------- --------
  -2.000  -0.0853   0.01081   0.00445  -0.0384   0.9959   0.4136
  -1.500  -0.0118   0.00923   0.00461  -0.0406   0.9874   0.9855
  -1.000   0.0769   0.00929   0.00435  -0.0478   0.9736   1.0000
  -0.500   0.1647   0.00924   0.00410  -0.0546   0.9592   1.0000
   0.000   0.2490   0.00905   0.00380  -0.0602   0.9431   1.0000
   0.500   0.3169   0.00885   0.00353  -0.0621   0.9181   1.0000
   1.000   0.3761   0.00867   0.00330  -0.0618   0.8879   1.0000
   1.500   0.4289   0.00860   0.00315  -0.0601   0.8510   1.0000
   2.000   0.4802   0.00865   0.00312  -0.0582   0.8084   1.0000
   2.500   0.5310   0.00884   0.00318  -0.0564   0.7606   1.0000
   3.000   0.5815   0.00915   0.00334  -0.0546   0.7087   1.0000
   3.500   0.6310   0.00955   0.00355  -0.0526   0.6470   1.0000
   4.000   0.6798   0.01006   0.00387  -0.0508   0.5797   1.0000
   4.500   0.7280   0.01066   0.00429  -0.0490   0.5048   1.0000
   5.000   0.7740   0.01151   0.00484  -0.0470   0.3981   1.0000
   5.500   0.8075   0.01420   0.00613  -0.0440   0.1341   1.0000
   6.000   0.8461   0.01681   0.00832  -0.0414   0.0646   1.0000
   6.500   0.8847   0.01954   0.01101  -0.0386   0.0493   1.0000
   7.000   0.9297   0.02161   0.01325  -0.0366   0.0413   1.0000
   7.500   0.9739   0.02526   0.01710  -0.0346   0.0362   1.0000
   8.000   1.0192   0.02874   0.02099  -0.0327   0.0326   1.0000
   8.500   1.0595   0.03374   0.02656  -0.0302   0.0312   1.0000
   9.500   1.1048   0.04759   0.04174  -0.0234   0.0295   1.0000
