  
       XFOIL         Version 6.99
  
 Calculated polar for: NACA 7614                                       
  
 1 1 Reynolds number fixed          Mach number fixed         
  
 xtrf =   1.000 (top)        1.000 (bottom)  
 Mach =   0.050     Re =     0.200 e 6     Ncrit =   9.000
  
   alpha    CL        CD       CDp       CM     Top_Xtr  Bot_Xtr
  ------ -------- --------- --------- -------- -------- --------
  -2.000   0.3973   0.03235   0.02504  -0.1913   0.8410   0.2159
  -1.500   0.4783   0.03180   0.02461  -0.1960   0.8382   0.2623
  -0.500   0.5985   0.03164   0.02468  -0.1979   0.8227   0.3550
   0.500   0.7198   0.03122   0.02455  -0.1994   0.8069   0.4570
   1.500   0.8419   0.03042   0.02404  -0.2005   0.7911   0.5612
   2.500   0.9652   0.02903   0.02293  -0.2012   0.7754   0.6577
   3.000   1.0458   0.02707   0.02114  -0.2043   0.7738   0.7114
   4.500   1.2199   0.02337   0.01793  -0.2026   0.7447   1.0000
   5.000   1.3158   0.02093   0.01548  -0.2086   0.7416   1.0000
   5.500   1.3738   0.02008   0.01464  -0.2082   0.7257   1.0000
   6.000   1.4050   0.02034   0.01494  -0.2032   0.7005   1.0000
   6.500   1.4687   0.01938   0.01394  -0.2037   0.6772   1.0000
   7.000   1.5096   0.01949   0.01397  -0.2003   0.6416   1.0000
   7.500   1.5483   0.01996   0.01424  -0.1968   0.6005   1.0000
   8.000   1.5842   0.02087   0.01491  -0.1930   0.5603   1.0000
   8.500   1.6046   0.02243   0.01637  -0.1870   0.5221   1.0000
   9.000   1.6195   0.02429   0.01815  -0.1803   0.4843   1.0000
   9.500   1.6311   0.02644   0.02021  -0.1735   0.4457   1.0000
  10.000   1.6393   0.02894   0.02260  -0.1666   0.4055   1.0000
