  
       XFOIL         Version 6.99
  
 Calculated polar for: NACA 6636                                       
  
 1 1 Reynolds number fixed          Mach number fixed         
  
 xtrf =   1.000 (top)        1.000 (bottom)  
 Mach =   0.050     Re =     0.200 e 6     Ncrit =   9.000
  
   alpha    CL        CD       CDp       CM     Top_Xtr  Bot_Xtr
  ------ -------- --------- --------- -------- -------- --------
  -0.500   0.2439   0.02859   0.02039  -0.1043   0.6176   0.3724
   0.500   0.3491   0.02863   0.02039  -0.1050   0.5980   0.3952
   1.000   0.4593   0.02726   0.01874  -0.1140   0.5926   0.4109
   1.500   0.4441   0.02931   0.02104  -0.1044   0.5781   0.4191
   2.000   0.5477   0.02820   0.01968  -0.1123   0.5722   0.4353
   2.500   0.5289   0.03057   0.02230  -0.1025   0.5585   0.4442
   3.000   0.6219   0.02965   0.02122  -0.1087   0.5521   0.4609
   3.500   0.6061   0.03234   0.02410  -0.0999   0.5394   0.4706
   4.000   0.6862   0.03169   0.02337  -0.1041   0.5327   0.4874
   4.500   0.6835   0.03432   0.02611  -0.0976   0.5214   0.4987
   5.000   0.7419   0.03441   0.02623  -0.0988   0.5137   0.5148
   5.500   0.7896   0.03518   0.02696  -0.0990   0.5059   0.5307
   6.000   0.7896   0.03788   0.02986  -0.0932   0.4952   0.5433
   6.500   0.8831   0.03655   0.02833  -0.0989   0.4900   0.5637
   7.000   0.8311   0.04214   0.03427  -0.0875   0.4771   0.5729
   7.500   0.9131   0.04108   0.03303  -0.0916   0.4719   0.5931
   8.000   0.8655   0.04729   0.03959  -0.0818   0.4592   0.6035
   8.500   0.9321   0.04685   0.03905  -0.0841   0.4536   0.6239
   9.000   1.0344   0.04441   0.03649  -0.0900   0.4498   0.6474
   9.500   0.9362   0.05444   0.04692  -0.0765   0.4349   0.6550
  10.000   1.0381   0.05130   0.04367  -0.0817   0.4320   0.6802
