  
       XFOIL         Version 6.99
  
 Calculated polar for: NACA 1612                                       
  
 1 1 Reynolds number fixed          Mach number fixed         
  
 xtrf =   1.000 (top)        1.000 (bottom)  
 Mach =   0.050     Re =     0.200 e 6     Ncrit =   9.000
  
   alpha    CL        CD       CDp       CM     Top_Xtr  Bot_Xtr
  ------ -------- --------- --------- -------- -------- --------
  -2.000  -0.1666   0.01212   0.00618  -0.0260   0.9640   0.6242
  -1.500  -0.0910   0.01180   0.00612  -0.0296   0.9507   0.6933
  -1.000  -0.0130   0.01142   0.00599  -0.0332   0.9386   0.7597
  -0.500   0.0610   0.01098   0.00576  -0.0355   0.9256   0.8232
   0.000   0.1211   0.01066   0.00561  -0.0345   0.9059   0.8816
   0.500   0.1911   0.01041   0.00542  -0.0354   0.8845   0.9305
   1.000   0.2769   0.01014   0.00512  -0.0399   0.8606   0.9634
   1.500   0.3694   0.00994   0.00486  -0.0464   0.8227   0.9863
   2.000   0.4480   0.00975   0.00453  -0.0507   0.7722   1.0000
   2.500   0.4916   0.00976   0.00430  -0.0480   0.7145   1.0000
   3.000   0.5350   0.01000   0.00426  -0.0452   0.6505   1.0000
   3.500   0.5779   0.01042   0.00438  -0.0424   0.5844   1.0000
   4.000   0.6202   0.01096   0.00463  -0.0395   0.5183   1.0000
   4.500   0.6618   0.01159   0.00498  -0.0366   0.4510   1.0000
   5.000   0.7030   0.01234   0.00544  -0.0338   0.3813   1.0000
   5.500   0.7442   0.01322   0.00602  -0.0310   0.3072   1.0000
   6.000   0.7845   0.01433   0.00678  -0.0284   0.2326   1.0000
   6.500   0.8242   0.01568   0.00779  -0.0258   0.1686   1.0000
   7.000   0.8636   0.01719   0.00905  -0.0232   0.1268   1.0000
   7.500   0.9026   0.01881   0.01053  -0.0205   0.1019   1.0000
   8.000   0.9425   0.02041   0.01212  -0.0180   0.0855   1.0000
   8.500   0.9817   0.02221   0.01394  -0.0155   0.0742   1.0000
   9.000   1.0209   0.02426   0.01602  -0.0132   0.0658   1.0000
   9.500   1.0611   0.02677   0.01847  -0.0113   0.0592   1.0000
  10.000   1.0994   0.02866   0.02064  -0.0088   0.0540   1.0000
