  
       XFOIL         Version 6.99
  
 Calculated polar for: NACA 5808                                       
  
 1 1 Reynolds number fixed          Mach number fixed         
  
 xtrf =   1.000 (top)        1.000 (bottom)  
 Mach =   0.050     Re =     0.200 e 6     Ncrit =   9.000
  
   alpha    CL        CD       CDp       CM     Top_Xtr  Bot_Xtr
  ------ -------- --------- --------- -------- -------- --------
  -2.000   0.2498   0.02355   0.01714  -0.1645   1.0000   0.4055
  -1.500   0.3121   0.02398   0.01782  -0.1663   1.0000   0.5112
  -1.000   0.3683   0.02451   0.01855  -0.1665   1.0000   0.5945
  -0.500   0.4181   0.02514   0.01936  -0.1652   1.0000   0.6573
   0.000   0.4624   0.02587   0.02022  -0.1627   1.0000   0.7039
   0.500   0.5035   0.02670   0.02116  -0.1597   1.0000   0.7397
   1.000   0.5431   0.02762   0.02221  -0.1565   1.0000   0.7686
   1.500   0.5838   0.02864   0.02336  -0.1539   1.0000   0.7956
   2.000   0.6310   0.02981   0.02469  -0.1530   0.9976   0.8217
   2.500   0.7346   0.03003   0.02508  -0.1624   0.9695   0.8484
   3.000   0.8286   0.02916   0.02446  -0.1694   0.9481   0.8731
   3.500   0.9352   0.02567   0.02127  -0.1772   0.9156   0.8966
   4.000   0.9762   0.02270   0.01859  -0.1720   0.8649   0.9183
   4.500   1.1027   0.01722   0.01072  -0.1804   0.3831   0.9383
   5.000   1.1169   0.02075   0.01236  -0.1729   0.0853   1.0000
   5.500   1.1622   0.02325   0.01474  -0.1710   0.0552   1.0000
   6.000   1.2108   0.02583   0.01734  -0.1696   0.0432   1.0000
   6.500   1.2762   0.02903   0.02073  -0.1711   0.0358   1.0000
   7.000   1.3911   0.03764   0.02975  -0.1823   0.0311   1.0000
   7.500   1.4319   0.04129   0.03421  -0.1783   0.0288   1.0000
   8.000   1.4616   0.05020   0.04409  -0.1724   0.0297   1.0000
