  
       XFOIL         Version 6.99
  
 Calculated polar for: NACA 9420                                       
  
 1 1 Reynolds number fixed          Mach number fixed         
  
 xtrf =   1.000 (top)        1.000 (bottom)  
 Mach =   0.050     Re =     0.200 e 6     Ncrit =   9.000
  
   alpha    CL        CD       CDp       CM     Top_Xtr  Bot_Xtr
  ------ -------- --------- --------- -------- -------- --------
  -2.000   0.7323   0.02025   0.01139  -0.2030   0.6193   0.1359
  -1.500   0.7848   0.02010   0.01111  -0.2027   0.6085   0.1475
  -1.000   0.8383   0.01997   0.01087  -0.2026   0.5985   0.1612
  -0.500   0.8884   0.02005   0.01090  -0.2019   0.5888   0.1766
   0.000   0.9407   0.02010   0.01092  -0.2016   0.5803   0.1949
   0.500   0.9975   0.02034   0.01111  -0.2023   0.5730   0.2175
   1.000   1.0417   0.02060   0.01143  -0.2006   0.5649   0.2418
   1.500   1.1012   0.02075   0.01155  -0.2019   0.5583   0.2742
   2.000   1.1484   0.02121   0.01214  -0.2009   0.5521   0.3123
   2.500   1.1927   0.02149   0.01266  -0.1995   0.5455   0.3660
   3.000   1.2430   0.02062   0.01305  -0.1986   0.5398   1.0000
   3.500   1.2933   0.02153   0.01376  -0.1983   0.5345   1.0000
   4.000   1.3255   0.02244   0.01466  -0.1947   0.5285   1.0000
   4.500   1.3752   0.02312   0.01519  -0.1943   0.5229   1.0000
   5.000   1.4483   0.02391   0.01573  -0.1984   0.5181   1.0000
   5.500   1.4579   0.02523   0.01723  -0.1909   0.5128   1.0000
   6.000   1.4865   0.02638   0.01840  -0.1871   0.5069   1.0000
   6.500   1.5435   0.02706   0.01897  -0.1882   0.5023   1.0000
   7.000   1.5993   0.02817   0.02001  -0.1893   0.4977   1.0000
   7.500   1.5850   0.03045   0.02255  -0.1789   0.4914   1.0000
   8.000   1.6130   0.03192   0.02407  -0.1756   0.4861   1.0000
   8.500   1.6816   0.03230   0.02432  -0.1786   0.4820   1.0000
   9.000   1.6678   0.03551   0.02778  -0.1696   0.4758   1.0000
   9.500   1.6384   0.03981   0.03233  -0.1596   0.4686   1.0000
  10.000   1.6972   0.04005   0.03251  -0.1608   0.4645   1.0000
