  
       XFOIL         Version 6.99
  
 Calculated polar for: NACA 9718                                       
  
 1 1 Reynolds number fixed          Mach number fixed         
  
 xtrf =   1.000 (top)        1.000 (bottom)  
 Mach =   0.050     Re =     0.200 e 6     Ncrit =   9.000
  
   alpha    CL        CD       CDp       CM     Top_Xtr  Bot_Xtr
  ------ -------- --------- --------- -------- -------- --------
  -2.000   0.3966   0.05097   0.04405  -0.2274   0.8208   0.2156
  -1.500   0.4822   0.05082   0.04386  -0.2331   0.8180   0.2449
  -0.500   0.6120   0.05035   0.04358  -0.2373   0.8005   0.3020
   0.000   0.6699   0.05007   0.04332  -0.2381   0.7895   0.3319
   0.500   0.7498   0.04919   0.04257  -0.2422   0.7872   0.3667
   1.000   0.7979   0.04902   0.04246  -0.2412   0.7736   0.3965
   2.000   0.9217   0.04758   0.04124  -0.2430   0.7574   0.4616
   2.500   0.9696   0.04743   0.04116  -0.2417   0.7439   0.4924
   3.000   1.0431   0.04574   0.03962  -0.2439   0.7411   0.5255
   3.500   1.0891   0.04551   0.03951  -0.2420   0.7271   0.5535
   4.500   1.2082   0.04314   0.03730  -0.2418   0.7107   0.6110
   6.500   1.5071   0.03466   0.02889  -0.2504   0.6709   0.7055
   7.000   1.5728   0.03381   0.02796  -0.2518   0.6494   0.7276
   7.500   1.6228   0.03402   0.02812  -0.2508   0.6251   0.7476
   8.000   1.6668   0.03454   0.02859  -0.2489   0.6011   0.7660
   8.500   1.7068   0.03529   0.02928  -0.2464   0.5773   0.7839
   9.000   1.7441   0.03621   0.03011  -0.2435   0.5536   0.8016
   9.500   1.7644   0.03816   0.03209  -0.2382   0.5288   0.8181
  10.000   1.7846   0.04018   0.03413  -0.2330   0.5040   0.8349
