  
       XFOIL         Version 6.99
  
 Calculated polar for: NACA 9114                                       
  
 1 1 Reynolds number fixed          Mach number fixed         
  
 xtrf =   1.000 (top)        1.000 (bottom)  
 Mach =   0.050     Re =     0.200 e 6     Ncrit =   9.000
  
   alpha    CL        CD       CDp       CM     Top_Xtr  Bot_Xtr
  ------ -------- --------- --------- -------- -------- --------
  -2.000   0.5352   0.04617   0.03865  -0.0882   0.1626   0.0103
  -1.500   0.5830   0.04424   0.03647  -0.0879   0.1614   0.0105
  -1.000   0.6341   0.04317   0.03512  -0.0873   0.1604   0.0107
  -0.500   0.6844   0.04139   0.03307  -0.0871   0.1595   0.0108
   0.000   0.7344   0.03906   0.03049  -0.0876   0.1587   0.0114
   0.500   0.7877   0.03795   0.02911  -0.0875   0.1580   0.0121
   1.000   0.8425   0.03762   0.02850  -0.0871   0.1573   0.0129
   1.500   0.8967   0.03683   0.02746  -0.0872   0.1567   0.0134
   2.000   0.9507   0.03646   0.02686  -0.0871   0.1561   0.0148
   2.500   1.0045   0.03675   0.02693  -0.0866   0.1556   0.0158
   3.000   1.0568   0.03716   0.02716  -0.0861   0.1552   0.0182
   3.500   1.1074   0.03827   0.02812  -0.0851   0.1549   0.0216
   4.000   1.1560   0.03854   0.02836  -0.0848   0.1546   0.0247
   4.500   1.2017   0.03962   0.02945  -0.0839   0.1545   0.0271
   5.000   1.2435   0.04133   0.03122  -0.0823   0.1546   0.0301
   5.500   1.2811   0.04348   0.03345  -0.0802   0.1547   0.0343
   6.000   1.3154   0.04540   0.03551  -0.0782   0.1544   0.0397
   6.500   1.3446   0.04746   0.03782  -0.0757   0.1542   0.0468
   7.000   1.3598   0.05073   0.04138  -0.0714   0.1549   0.0572
   7.500   1.3182   0.05639   0.04782  -0.0611   0.1570   0.0587
   8.000   1.2341   0.06702   0.05921  -0.0516   0.1603   0.0517
   8.500   1.1292   0.08372   0.07649  -0.0489   0.1643   0.0449
