  
       XFOIL         Version 6.99
  
 Calculated polar for: NACA 6714                                       
  
 1 1 Reynolds number fixed          Mach number fixed         
  
 xtrf =   1.000 (top)        1.000 (bottom)  
 Mach =   0.050     Re =     0.200 e 6     Ncrit =   9.000
  
   alpha    CL        CD       CDp       CM     Top_Xtr  Bot_Xtr
  ------ -------- --------- --------- -------- -------- --------
  -2.000   0.2629   0.03335   0.02641  -0.1722   0.9196   0.3027
  -1.500   0.3323   0.03314   0.02634  -0.1750   0.9062   0.3522
  -0.500   0.4661   0.03292   0.02637  -0.1793   0.8817   0.4511
   0.000   0.5480   0.03264   0.02629  -0.1839   0.8759   0.5026
   0.500   0.6090   0.03229   0.02605  -0.1845   0.8628   0.5482
   1.500   0.7500   0.03100   0.02508  -0.1883   0.8456   0.6302
   2.000   0.8079   0.03030   0.02448  -0.1878   0.8320   0.6641
   3.000   0.9460   0.02777   0.02221  -0.1901   0.8143   0.7235
   3.500   0.9869   0.02710   0.02166  -0.1864   0.7910   0.7501
   4.500   1.1002   0.02414   0.01901  -0.1839   0.7550   0.8030
   5.000   1.1611   0.02249   0.01747  -0.1833   0.7262   0.8316
   5.500   1.2635   0.01891   0.01380  -0.1894   0.6919   0.8654
   6.000   1.3385   0.01740   0.01199  -0.1913   0.6340   0.9480
   6.500   1.3802   0.01844   0.01273  -0.1888   0.5784   1.0000
   7.000   1.4104   0.01985   0.01389  -0.1843   0.5279   1.0000
   7.500   1.4351   0.02143   0.01527  -0.1789   0.4786   1.0000
   8.000   1.4573   0.02317   0.01682  -0.1733   0.4291   1.0000
   8.500   1.4766   0.02512   0.01855  -0.1674   0.3781   1.0000
   9.000   1.4935   0.02733   0.02054  -0.1615   0.3251   1.0000
   9.500   1.5078   0.02986   0.02280  -0.1554   0.2706   1.0000
  10.000   1.5192   0.03278   0.02543  -0.1494   0.2173   1.0000
