  
       XFOIL         Version 6.99
  
 Calculated polar for: NACA 5516                                       
  
 1 1 Reynolds number fixed          Mach number fixed         
  
 xtrf =   1.000 (top)        1.000 (bottom)  
 Mach =   0.050     Re =     0.200 e 6     Ncrit =   9.000
  
   alpha    CL        CD       CDp       CM     Top_Xtr  Bot_Xtr
  ------ -------- --------- --------- -------- -------- --------
  -2.000   0.3694   0.01608   0.00871  -0.1464   0.8127   0.3204
  -1.500   0.4368   0.01542   0.00815  -0.1482   0.8042   0.3666
  -1.000   0.4898   0.01521   0.00806  -0.1474   0.7906   0.4135
  -0.500   0.5488   0.01486   0.00785  -0.1476   0.7789   0.4668
   0.000   0.6116   0.01441   0.00752  -0.1485   0.7678   0.5298
   0.500   0.6628   0.01421   0.00757  -0.1473   0.7531   0.6026
   1.000   0.7135   0.01388   0.00761  -0.1457   0.7389   0.7056
   1.500   0.7768   0.01326   0.00747  -0.1457   0.7255   1.0000
   2.000   0.8375   0.01334   0.00729  -0.1466   0.7115   1.0000
   2.500   0.8921   0.01352   0.00731  -0.1462   0.6958   1.0000
   3.000   0.9441   0.01377   0.00745  -0.1453   0.6793   1.0000
   3.500   0.9961   0.01404   0.00763  -0.1445   0.6625   1.0000
   4.000   1.0476   0.01435   0.00785  -0.1435   0.6454   1.0000
   4.500   1.0984   0.01468   0.00811  -0.1424   0.6278   1.0000
   5.000   1.1480   0.01504   0.00840  -0.1411   0.6097   1.0000
   5.500   1.1964   0.01544   0.00875  -0.1395   0.5910   1.0000
   6.000   1.2433   0.01587   0.00912  -0.1377   0.5717   1.0000
   6.500   1.2891   0.01634   0.00953  -0.1358   0.5517   1.0000
   7.000   1.3303   0.01689   0.01004  -0.1330   0.5306   1.0000
   7.500   1.3644   0.01750   0.01068  -0.1290   0.5081   1.0000
   8.000   1.3944   0.01816   0.01133  -0.1242   0.4852   1.0000
   8.500   1.4239   0.01895   0.01205  -0.1195   0.4622   1.0000
   9.000   1.4469   0.01995   0.01308  -0.1140   0.4380   1.0000
   9.500   1.4684   0.02114   0.01427  -0.1086   0.4129   1.0000
  10.000   1.4880   0.02258   0.01567  -0.1033   0.3877   1.0000
