  
       XFOIL         Version 6.99
  
 Calculated polar for: NACA 8736                                       
  
 1 1 Reynolds number fixed          Mach number fixed         
  
 xtrf =   1.000 (top)        1.000 (bottom)  
 Mach =   0.050     Re =     0.200 e 6     Ncrit =   9.000
  
   alpha    CL        CD       CDp       CM     Top_Xtr  Bot_Xtr
  ------ -------- --------- --------- -------- -------- --------
  -2.000   0.1556   0.03685   0.02922  -0.1532   0.6654   0.3174
  -1.500   0.2556   0.03470   0.02696  -0.1611   0.6623   0.3292
  -1.000   0.3637   0.03267   0.02485  -0.1700   0.6588   0.3417
  -0.500   0.3869   0.03416   0.02631  -0.1667   0.6431   0.3502
   0.000   0.4861   0.03261   0.02474  -0.1742   0.6378   0.3628
   1.000   0.5939   0.03328   0.02538  -0.1762   0.6162   0.3846
   1.500   0.6227   0.03484   0.02691  -0.1737   0.6036   0.3950
   2.000   0.6884   0.03459   0.02668  -0.1763   0.5947   0.4073
   2.500   0.7614   0.03450   0.02647  -0.1802   0.5867   0.4211
   3.000   0.7739   0.03647   0.02856  -0.1751   0.5739   0.4311
   3.500   0.8659   0.03548   0.02745  -0.1815   0.5676   0.4466
   4.000   0.8534   0.03888   0.03097  -0.1732   0.5541   0.4553
   4.500   0.9274   0.03830   0.03040  -0.1768   0.5471   0.4704
   5.000   0.9431   0.04080   0.03296  -0.1726   0.5365   0.4822
   5.500   0.9850   0.04173   0.03395  -0.1720   0.5273   0.4955
   6.000   1.0787   0.04055   0.03257  -0.1784   0.5216   0.5135
   6.500   1.0376   0.04585   0.03815  -0.1670   0.5085   0.5215
   7.000   1.1111   0.04512   0.03740  -0.1702   0.5023   0.5381
   7.500   1.1000   0.04956   0.04198  -0.1633   0.4914   0.5491
   8.000   1.1385   0.05078   0.04327  -0.1623   0.4833   0.5633
   8.500   1.2297   0.04916   0.04144  -0.1679   0.4784   0.5824
   9.000   1.1551   0.05793   0.05059  -0.1543   0.4643   0.5885
   9.500   1.2334   0.05634   0.04895  -0.1575   0.4596   0.6053
  10.000   1.1403   0.06794   0.06094  -0.1441   0.4440   0.6104
