  
       XFOIL         Version 6.99
  
 Calculated polar for: NACA 9706                                       
  
 1 1 Reynolds number fixed          Mach number fixed         
  
 xtrf =   1.000 (top)        1.000 (bottom)  
 Mach =   0.050     Re =     0.200 e 6     Ncrit =   9.000
  
   alpha    CL        CD       CDp       CM     Top_Xtr  Bot_Xtr
  ------ -------- --------- --------- -------- -------- --------
  -2.000  -0.1054   0.07687   0.07365  -0.0862   0.9438   0.0435
  -0.500   0.6307   0.05012   0.04350  -0.2465   0.9651   0.1498
   0.000   0.6976   0.05158   0.04525  -0.2503   0.9638   0.3016
   0.500   0.7616   0.05354   0.04744  -0.2532   0.9625   0.4244
   1.000   0.8261   0.05627   0.05035  -0.2560   0.9616   0.5264
   1.500   0.8503   0.05613   0.05041  -0.2506   0.9510   0.5850
   2.000   0.8830   0.05722   0.05168  -0.2470   0.9406   0.6340
   2.500   0.9492   0.06001   0.05456  -0.2498   0.9375   0.6830
   3.000   0.9765   0.05976   0.05447  -0.2451   0.9164   0.7137
   3.500   1.0447   0.05909   0.05399  -0.2469   0.8930   0.7516
   4.500   1.2015   0.05680   0.05229  -0.2542   0.8642   0.8238
   5.000   1.3396   0.03997   0.03590  -0.2585   0.7688   0.8780
   5.500   1.3563   0.03693   0.02823  -0.2444   0.0393   1.0000
   6.000   1.3749   0.04054   0.03191  -0.2372   0.0312   1.0000
   6.500   1.4154   0.04268   0.03420  -0.2336   0.0256   1.0000
