  
       XFOIL         Version 6.99
  
 Calculated polar for: NACA 9336                                       
  
 1 1 Reynolds number fixed          Mach number fixed         
  
 xtrf =   1.000 (top)        1.000 (bottom)  
 Mach =   0.050     Re =     0.200 e 6     Ncrit =   9.000
  
   alpha    CL        CD       CDp       CM     Top_Xtr  Bot_Xtr
  ------ -------- --------- --------- -------- -------- --------
  -2.000   0.2882   0.03270   0.02246  -0.0852   0.4426   0.1625
  -1.500   0.3509   0.03243   0.02190  -0.0871   0.4375   0.1690
  -1.000   0.3770   0.03310   0.02274  -0.0841   0.4327   0.1739
  -0.500   0.4089   0.03381   0.02343  -0.0819   0.4279   0.1803
   0.000   0.4552   0.03395   0.02356  -0.0818   0.4241   0.1874
   0.500   0.5196   0.03411   0.02357  -0.0841   0.4206   0.1970
   1.000   0.5503   0.03503   0.02464  -0.0822   0.4176   0.2050
   1.500   0.5614   0.03675   0.02654  -0.0779   0.4141   0.2130
   2.000   0.5836   0.03816   0.02805  -0.0753   0.4106   0.2224
   2.500   0.6215   0.03915   0.02909  -0.0747   0.4077   0.2355
   3.000   0.6754   0.03951   0.02948  -0.0761   0.4053   0.2537
   3.500   0.7358   0.04009   0.03011  -0.0785   0.4028   0.2822
