  
       XFOIL         Version 6.99
  
 Calculated polar for: NACA 4736                                       
  
 1 1 Reynolds number fixed          Mach number fixed         
  
 xtrf =   1.000 (top)        1.000 (bottom)  
 Mach =   0.050     Re =     0.200 e 6     Ncrit =   9.000
  
   alpha    CL        CD       CDp       CM     Top_Xtr  Bot_Xtr
  ------ -------- --------- --------- -------- -------- --------
  -2.000   0.0502   0.02358   0.01531  -0.0867   0.6402   0.3977
  -1.500   0.1267   0.02329   0.01494  -0.0908   0.6280   0.4090
  -1.000   0.1426   0.02370   0.01529  -0.0847   0.6136   0.4182
  -0.500   0.2247   0.02336   0.01493  -0.0898   0.6022   0.4304
   0.000   0.2347   0.02397   0.01557  -0.0826   0.5889   0.4401
   0.500   0.3118   0.02369   0.01521  -0.0868   0.5780   0.4526
   1.000   0.3252   0.02441   0.01603  -0.0804   0.5655   0.4631
   1.500   0.3915   0.02426   0.01578  -0.0828   0.5551   0.4760
   2.000   0.4145   0.02505   0.01669  -0.0781   0.5435   0.4873
   2.500   0.4681   0.02513   0.01668  -0.0785   0.5332   0.5006
   3.000   0.5057   0.02582   0.01746  -0.0763   0.5228   0.5131
   3.500   0.5461   0.02628   0.01786  -0.0748   0.5124   0.5266
   4.000   0.6012   0.02667   0.01830  -0.0754   0.5031   0.5406
   4.500   0.6237   0.02769   0.01933  -0.0712   0.4927   0.5538
   5.000   0.6963   0.02763   0.01924  -0.0744   0.4840   0.5696
   5.500   0.7013   0.02923   0.02098  -0.0679   0.4740   0.5829
   6.000   0.7502   0.02961   0.02140  -0.0677   0.4654   0.5978
   6.500   0.7845   0.03080   0.02261  -0.0657   0.4566   0.6134
   7.000   0.8092   0.03199   0.02394  -0.0623   0.4474   0.6273
   7.500   0.8857   0.03201   0.02376  -0.0660   0.4398   0.6454
   8.000   0.8693   0.03466   0.02675  -0.0576   0.4304   0.6575
   8.500   0.9198   0.03522   0.02724  -0.0578   0.4228   0.6743
   9.000   0.9393   0.03715   0.02929  -0.0544   0.4147   0.6884
   9.500   0.9554   0.03918   0.03143  -0.0509   0.4061   0.7037
  10.000   1.0351   0.03859   0.03064  -0.0545   0.3997   0.7209
