  
       XFOIL         Version 6.99
  
 Calculated polar for: NACA 4118                                       
  
 1 1 Reynolds number fixed          Mach number fixed         
  
 xtrf =   1.000 (top)        1.000 (bottom)  
 Mach =   0.050     Re =     0.200 e 6     Ncrit =   9.000
  
   alpha    CL        CD       CDp       CM     Top_Xtr  Bot_Xtr
  ------ -------- --------- --------- -------- -------- --------
  -2.000   0.1996   0.01893   0.01068  -0.0578   0.6670   0.1272
  -1.500   0.2590   0.01872   0.01010  -0.0557   0.6316   0.0945
  -1.000   0.3143   0.01866   0.00968  -0.0536   0.5987   0.0739
  -0.500   0.3647   0.01783   0.00877  -0.0518   0.5652   0.0739
   0.000   0.4121   0.01718   0.00803  -0.0495   0.5316   0.0741
   0.500   0.4547   0.01648   0.00731  -0.0468   0.4966   0.0783
   1.000   0.4982   0.01623   0.00687  -0.0442   0.4587   0.0827
   1.500   0.5407   0.01618   0.00650  -0.0416   0.4162   0.0920
   2.000   0.5804   0.01622   0.00640  -0.0385   0.3621   0.1672
   2.500   0.5951   0.01494   0.00707  -0.0306   0.2974   0.8049
   3.500   0.7847   0.01880   0.00997  -0.0468   0.2005   1.0000
   4.000   0.8040   0.01930   0.01040  -0.0405   0.1947   1.0000
   4.500   0.8239   0.01997   0.01093  -0.0343   0.1900   1.0000
   5.000   0.8485   0.02097   0.01170  -0.0291   0.1860   1.0000
   5.500   0.8784   0.02175   0.01242  -0.0248   0.1835   1.0000
   6.000   0.9135   0.02262   0.01324  -0.0215   0.1810   1.0000
   6.500   0.9532   0.02361   0.01418  -0.0192   0.1787   1.0000
   7.000   0.9958   0.02469   0.01519  -0.0176   0.1766   1.0000
   7.500   1.0417   0.02588   0.01632  -0.0167   0.1748   1.0000
   8.000   1.0921   0.02730   0.01765  -0.0167   0.1730   1.0000
   8.500   1.1495   0.02923   0.01954  -0.0182   0.1710   1.0000
   9.000   1.1885   0.03062   0.02104  -0.0164   0.1702   1.0000
   9.500   1.2276   0.03222   0.02278  -0.0148   0.1693   1.0000
  10.000   1.2645   0.03401   0.02473  -0.0131   0.1685   1.0000
  -2.000   0.1996   0.01893   0.01068  -0.0578   0.6670   0.1272
  -1.500   0.2590   0.01872   0.01010  -0.0557   0.6316   0.0945
  -1.000   0.3143   0.01866   0.00968  -0.0536   0.5987   0.0739
  -0.500   0.3647   0.01783   0.00877  -0.0518   0.5652   0.0739
   0.000   0.4121   0.01718   0.00803  -0.0495   0.5316   0.0741
   0.500   0.4547   0.01648   0.00731  -0.0468   0.4966   0.0783
   1.000   0.4982   0.01623   0.00687  -0.0442   0.4587   0.0827
   1.500   0.5407   0.01618   0.00650  -0.0416   0.4162   0.0920
   2.000   0.5804   0.01622   0.00640  -0.0385   0.3621   0.1672
   2.500   0.5951   0.01494   0.00707  -0.0306   0.2974   0.8049
   3.500   0.7847   0.01880   0.00997  -0.0468   0.2005   1.0000
   4.000   0.8040   0.01930   0.01040  -0.0405   0.1947   1.0000
   4.500   0.8239   0.01997   0.01093  -0.0343   0.1900   1.0000
   5.000   0.8485   0.02097   0.01170  -0.0291   0.1860   1.0000
   5.500   0.8784   0.02175   0.01242  -0.0248   0.1835   1.0000
   6.000   0.9135   0.02262   0.01324  -0.0215   0.1810   1.0000
   6.500   0.9532   0.02361   0.01418  -0.0192   0.1787   1.0000
   7.000   0.9958   0.02469   0.01519  -0.0176   0.1766   1.0000
   7.500   1.0417   0.02588   0.01632  -0.0167   0.1748   1.0000
   8.000   1.0921   0.02730   0.01765  -0.0167   0.1730   1.0000
   8.500   1.1495   0.02923   0.01954  -0.0182   0.1710   1.0000
   9.000   1.1885   0.03062   0.02104  -0.0164   0.1702   1.0000
   9.500   1.2276   0.03222   0.02278  -0.0148   0.1693   1.0000
  10.000   1.2645   0.03401   0.02473  -0.0131   0.1685   1.0000
  -2.000   0.1996   0.01893   0.01068  -0.0578   0.6670   0.1272
  -1.500   0.2590   0.01872   0.01010  -0.0557   0.6316   0.0945
  -1.000   0.3143   0.01866   0.00968  -0.0536   0.5987   0.0739
  -0.500   0.3647   0.01783   0.00877  -0.0518   0.5652   0.0739
   0.000   0.4121   0.01718   0.00803  -0.0495   0.5316   0.0741
   0.500   0.4547   0.01648   0.00731  -0.0468   0.4966   0.0783
   1.000   0.4982   0.01623   0.00687  -0.0442   0.4587   0.0827
   1.500   0.5407   0.01618   0.00650  -0.0416   0.4162   0.0920
   2.000   0.5804   0.01622   0.00640  -0.0385   0.3621   0.1672
   2.500   0.5951   0.01494   0.00707  -0.0306   0.2974   0.8049
   3.500   0.7847   0.01880   0.00997  -0.0468   0.2005   1.0000
   4.000   0.8040   0.01930   0.01040  -0.0405   0.1947   1.0000
   4.500   0.8239   0.01997   0.01093  -0.0343   0.1900   1.0000
   5.000   0.8485   0.02097   0.01170  -0.0291   0.1860   1.0000
   5.500   0.8784   0.02175   0.01242  -0.0248   0.1835   1.0000
   6.000   0.9135   0.02262   0.01324  -0.0215   0.1810   1.0000
   6.500   0.9532   0.02361   0.01418  -0.0192   0.1787   1.0000
   7.000   0.9958   0.02469   0.01519  -0.0176   0.1766   1.0000
   7.500   1.0417   0.02588   0.01632  -0.0167   0.1748   1.0000
   8.000   1.0921   0.02730   0.01765  -0.0167   0.1730   1.0000
   8.500   1.1495   0.02923   0.01954  -0.0182   0.1710   1.0000
   9.000   1.1885   0.03062   0.02104  -0.0164   0.1702   1.0000
   9.500   1.2276   0.03222   0.02278  -0.0148   0.1693   1.0000
  10.000   1.2645   0.03401   0.02473  -0.0131   0.1685   1.0000
