  
       XFOIL         Version 6.99
  
 Calculated polar for: NACA 3324                                       
  
 1 1 Reynolds number fixed          Mach number fixed         
  
 xtrf =   1.000 (top)        1.000 (bottom)  
 Mach =   0.050     Re =     0.200 e 6     Ncrit =   9.000
  
   alpha    CL        CD       CDp       CM     Top_Xtr  Bot_Xtr
  ------ -------- --------- --------- -------- -------- --------
  -2.000   0.0807   0.01486   0.00748  -0.0562   0.6218   0.5434
  -1.500   0.1267   0.01490   0.00754  -0.0538   0.6001   0.5865
  -1.000   0.1734   0.01502   0.00759  -0.0516   0.5790   0.6240
  -0.500   0.2213   0.01515   0.00773  -0.0496   0.5588   0.6569
   0.000   0.2699   0.01536   0.00792  -0.0478   0.5406   0.6888
   0.500   0.3194   0.01562   0.00810  -0.0461   0.5242   0.7202
   1.000   0.3695   0.01589   0.00829  -0.0447   0.5091   0.7511
   1.500   0.4174   0.01620   0.00871  -0.0426   0.4953   0.7817
   2.000   0.4692   0.01667   0.00914  -0.0413   0.4834   0.8143
   2.500   0.5155   0.01709   0.00961  -0.0389   0.4723   0.8480
   3.500   0.6243   0.01838   0.01085  -0.0372   0.4526   0.9023
   4.000   0.6941   0.01920   0.01150  -0.0398   0.4437   0.9224
   4.500   0.7608   0.01992   0.01228  -0.0421   0.4345   0.9412
   5.000   0.8595   0.02081   0.01295  -0.0509   0.4254   0.9488
   6.000   1.0184   0.02222   0.01434  -0.0618   0.4084   0.9766
   6.500   1.1054   0.02306   0.01517  -0.0691   0.4003   0.9870
   7.500   1.2403   0.02429   0.01624  -0.0762   0.3849   1.0000
   8.000   1.2329   0.02480   0.01694  -0.0658   0.3793   1.0000
   8.500   1.2402   0.02527   0.01744  -0.0578   0.3732   1.0000
   9.000   1.2821   0.02585   0.01784  -0.0559   0.3670   1.0000
   9.500   1.2654   0.02662   0.01879  -0.0436   0.3615   1.0000
  10.000   1.2657   0.02730   0.01953  -0.0345   0.3553   1.0000
