  
       XFOIL         Version 6.99
  
 Calculated polar for: NACA 4328                                       
  
 1 1 Reynolds number fixed          Mach number fixed         
  
 xtrf =   1.000 (top)        1.000 (bottom)  
 Mach =   0.050     Re =     0.200 e 6     Ncrit =   9.000
  
   alpha    CL        CD       CDp       CM     Top_Xtr  Bot_Xtr
  ------ -------- --------- --------- -------- -------- --------
  -2.000   0.1538   0.01720   0.00907  -0.0668   0.5529   0.4685
  -1.500   0.1854   0.01719   0.00923  -0.0620   0.5363   0.5279
  -1.000   0.2262   0.01738   0.00945  -0.0590   0.5215   0.5719
   0.000   0.3134   0.01786   0.00992  -0.0540   0.4958   0.6380
   0.500   0.3654   0.01823   0.01020  -0.0532   0.4851   0.6674
   1.000   0.4061   0.01852   0.01057  -0.0503   0.4752   0.6949
   1.500   0.4639   0.01896   0.01089  -0.0507   0.4663   0.7236
   2.500   0.5472   0.01973   0.01186  -0.0453   0.4510   0.7818
   3.000   0.6055   0.02040   0.01247  -0.0457   0.4442   0.8115
   3.500   0.6347   0.02093   0.01320  -0.0405   0.4377   0.8443
   4.000   0.6774   0.02158   0.01389  -0.0377   0.4318   0.8779
   4.500   0.7523   0.02254   0.01466  -0.0413   0.4257   0.9014
   5.000   0.7880   0.02350   0.01576  -0.0380   0.4203   0.9296
   5.500   0.8580   0.02464   0.01691  -0.0417   0.4142   0.9470
   6.000   0.9551   0.02562   0.01769  -0.0504   0.4082   0.9585
   6.500   1.0359   0.02702   0.01909  -0.0569   0.4028   0.9716
   7.000   1.1046   0.02823   0.02040  -0.0616   0.3967   0.9850
   7.500   1.1923   0.02906   0.02113  -0.0693   0.3911   0.9947
   8.000   1.2860   0.03020   0.02210  -0.0780   0.3860   1.0000
   8.500   1.2072   0.03073   0.02284  -0.0565   0.3829   1.0000
   9.000   1.1659   0.03194   0.02419  -0.0420   0.3786   1.0000
   9.500   1.1707   0.03310   0.02536  -0.0353   0.3742   1.0000
  10.000   1.2288   0.03350   0.02557  -0.0363   0.3700   1.0000
  -2.000   0.1538   0.01720   0.00907  -0.0668   0.5529   0.4685
  -1.500   0.1854   0.01719   0.00923  -0.0620   0.5363   0.5279
  -1.000   0.2262   0.01738   0.00945  -0.0590   0.5215   0.5719
   0.000   0.3134   0.01786   0.00992  -0.0540   0.4958   0.6380
   0.500   0.3654   0.01823   0.01020  -0.0532   0.4851   0.6674
   1.000   0.4061   0.01852   0.01057  -0.0503   0.4752   0.6949
   1.500   0.4639   0.01896   0.01089  -0.0507   0.4663   0.7236
   2.500   0.5472   0.01973   0.01186  -0.0453   0.4510   0.7818
   3.000   0.6055   0.02040   0.01247  -0.0457   0.4442   0.8115
   3.500   0.6347   0.02093   0.01320  -0.0405   0.4377   0.8443
   4.000   0.6774   0.02158   0.01389  -0.0377   0.4318   0.8779
   4.500   0.7523   0.02254   0.01466  -0.0413   0.4257   0.9014
   5.000   0.7880   0.02350   0.01576  -0.0380   0.4203   0.9296
   5.500   0.8580   0.02464   0.01691  -0.0417   0.4142   0.9470
   6.000   0.9551   0.02562   0.01769  -0.0504   0.4082   0.9585
   6.500   1.0359   0.02702   0.01909  -0.0569   0.4028   0.9716
   7.000   1.1046   0.02823   0.02040  -0.0616   0.3967   0.9850
   7.500   1.1923   0.02906   0.02113  -0.0693   0.3911   0.9947
   8.000   1.2860   0.03020   0.02210  -0.0780   0.3860   1.0000
   8.500   1.2072   0.03073   0.02284  -0.0565   0.3829   1.0000
   9.000   1.1659   0.03194   0.02419  -0.0420   0.3786   1.0000
   9.500   1.1707   0.03310   0.02536  -0.0353   0.3742   1.0000
  10.000   1.2288   0.03350   0.02557  -0.0363   0.3700   1.0000
  -2.000   0.1538   0.01720   0.00907  -0.0668   0.5529   0.4685
  -1.500   0.1854   0.01719   0.00923  -0.0620   0.5363   0.5279
  -1.000   0.2262   0.01738   0.00945  -0.0590   0.5215   0.5719
   0.000   0.3134   0.01786   0.00992  -0.0540   0.4958   0.6380
   0.500   0.3654   0.01823   0.01020  -0.0532   0.4851   0.6674
   1.000   0.4061   0.01852   0.01057  -0.0503   0.4752   0.6949
   1.500   0.4639   0.01896   0.01089  -0.0507   0.4663   0.7236
   2.500   0.5472   0.01973   0.01186  -0.0453   0.4510   0.7818
   3.000   0.6055   0.02040   0.01247  -0.0457   0.4442   0.8115
   3.500   0.6347   0.02093   0.01320  -0.0405   0.4377   0.8443
   4.000   0.6774   0.02158   0.01389  -0.0377   0.4318   0.8779
   4.500   0.7523   0.02254   0.01466  -0.0413   0.4257   0.9014
   5.000   0.7880   0.02350   0.01576  -0.0380   0.4203   0.9296
   5.500   0.8580   0.02464   0.01691  -0.0417   0.4142   0.9470
   6.000   0.9551   0.02562   0.01769  -0.0504   0.4082   0.9585
   6.500   1.0359   0.02702   0.01909  -0.0569   0.4028   0.9716
   7.000   1.1046   0.02823   0.02040  -0.0616   0.3967   0.9850
   7.500   1.1923   0.02906   0.02113  -0.0693   0.3911   0.9947
   8.000   1.2860   0.03020   0.02210  -0.0780   0.3860   1.0000
   8.500   1.2072   0.03073   0.02284  -0.0565   0.3829   1.0000
   9.000   1.1659   0.03194   0.02419  -0.0420   0.3786   1.0000
   9.500   1.1707   0.03310   0.02536  -0.0353   0.3742   1.0000
  10.000   1.2288   0.03350   0.02557  -0.0363   0.3700   1.0000
