  
       XFOIL         Version 6.99
  
 Calculated polar for: NACA 7738                                       
  
 1 1 Reynolds number fixed          Mach number fixed         
  
 xtrf =   1.000 (top)        1.000 (bottom)  
 Mach =   0.050     Re =     0.200 e 6     Ncrit =   9.000
  
   alpha    CL        CD       CDp       CM     Top_Xtr  Bot_Xtr
  ------ -------- --------- --------- -------- -------- --------
  -2.000   0.1610   0.03097   0.02286  -0.1386   0.6543   0.3418
  -1.500   0.1964   0.03138   0.02337  -0.1367   0.6408   0.3496
  -1.000   0.3075   0.02992   0.02173  -0.1465   0.6351   0.3617
  -0.500   0.3060   0.03159   0.02345  -0.1391   0.6194   0.3686
   0.000   0.4033   0.03052   0.02234  -0.1465   0.6128   0.3801
   0.500   0.4049   0.03247   0.02431  -0.1398   0.5985   0.3880
   1.000   0.4875   0.03163   0.02344  -0.1450   0.5910   0.3995
   1.500   0.5050   0.03332   0.02521  -0.1406   0.5792   0.4087
   2.000   0.5659   0.03326   0.02505  -0.1428   0.5701   0.4202
   2.500   0.6393   0.03316   0.02494  -0.1466   0.5626   0.4325
   3.000   0.6388   0.03547   0.02732  -0.1399   0.5503   0.4413
   3.500   0.7231   0.03464   0.02644  -0.1452   0.5437   0.4550
   4.000   0.7179   0.03753   0.02950  -0.1380   0.5323   0.4643
   4.500   0.7768   0.03767   0.02955  -0.1399   0.5243   0.4776
   5.000   0.8527   0.03744   0.02929  -0.1439   0.5176   0.4918
   5.500   0.8261   0.04146   0.03348  -0.1344   0.5057   0.5006
   6.000   0.9051   0.04063   0.03261  -0.1386   0.4997   0.5156
   6.500   0.8889   0.04480   0.03699  -0.1310   0.4890   0.5256
   7.000   0.9322   0.04583   0.03798  -0.1310   0.4811   0.5395
   7.500   1.0238   0.04439   0.03644  -0.1365   0.4762   0.5565
   8.000   0.9464   0.05252   0.04494  -0.1227   0.4627   0.5630
   8.500   1.0274   0.05117   0.04351  -0.1268   0.4579   0.5795
   9.000   0.9308   0.06227   0.05502  -0.1131   0.4425   0.5840
   9.500   1.0131   0.06056   0.05314  -0.1169   0.4386   0.6021
  10.000   1.1123   0.05755   0.05005  -0.1221   0.4356   0.6200
