  
       XFOIL         Version 6.99
  
 Calculated polar for: NACA 8316                                       
  
 1 1 Reynolds number fixed          Mach number fixed         
  
 xtrf =   1.000 (top)        1.000 (bottom)  
 Mach =   0.050     Re =     0.200 e 6     Ncrit =   9.000
  
   alpha    CL        CD       CDp       CM     Top_Xtr  Bot_Xtr
  ------ -------- --------- --------- -------- -------- --------
  -2.000   0.5897   0.02434   0.01654  -0.1541   0.5470   0.0792
  -1.500   0.6382   0.02196   0.01344  -0.1528   0.5205   0.0827
  -1.000   0.6880   0.02053   0.01142  -0.1517   0.5001   0.0887
  -0.500   0.7396   0.01994   0.01037  -0.1509   0.4847   0.0969
   0.000   0.7925   0.01970   0.00988  -0.1505   0.4730   0.1073
   0.500   0.8446   0.01946   0.00956  -0.1500   0.4629   0.1201
   1.000   0.8993   0.01952   0.00945  -0.1500   0.4547   0.1368
   1.500   0.9512   0.01945   0.00943  -0.1496   0.4472   0.1577
   2.000   1.0069   0.01967   0.00959  -0.1500   0.4412   0.1871
   2.500   1.0614   0.01986   0.00992  -0.1503   0.4361   0.2310
   3.000   1.1090   0.01873   0.01035  -0.1489   0.4310   1.0000
   3.500   1.1626   0.01941   0.01077  -0.1489   0.4260   1.0000
   4.000   1.2220   0.02037   0.01144  -0.1502   0.4216   1.0000
   4.500   1.2702   0.02114   0.01225  -0.1494   0.4181   1.0000
   5.000   1.3190   0.02198   0.01308  -0.1488   0.4142   1.0000
   5.500   1.3694   0.02280   0.01385  -0.1485   0.4100   1.0000
   6.000   1.4240   0.02372   0.01466  -0.1491   0.4064   1.0000
   6.500   1.4798   0.02503   0.01591  -0.1501   0.4032   1.0000
   7.000   1.5200   0.02609   0.01715  -0.1482   0.4002   1.0000
   7.500   1.5595   0.02722   0.01841  -0.1463   0.3963   1.0000
   8.000   1.6025   0.02838   0.01967  -0.1451   0.3929   1.0000
   8.500   1.6505   0.02958   0.02089  -0.1449   0.3899   1.0000
   9.000   1.7065   0.03109   0.02237  -0.1463   0.3868   1.0000
   9.500   1.7305   0.03284   0.02440  -0.1422   0.3836   1.0000
  10.000   1.7488   0.03475   0.02659  -0.1375   0.3803   1.0000
