  
       XFOIL         Version 6.99
  
 Calculated polar for: NACA 3328                                       
  
 1 1 Reynolds number fixed          Mach number fixed         
  
 xtrf =   1.000 (top)        1.000 (bottom)  
 Mach =   0.050     Re =     0.200 e 6     Ncrit =   9.000
  
   alpha    CL        CD       CDp       CM     Top_Xtr  Bot_Xtr
  ------ -------- --------- --------- -------- -------- --------
  -2.000   0.0610   0.01694   0.00914  -0.0505   0.5759   0.5212
  -1.500   0.1042   0.01707   0.00921  -0.0478   0.5591   0.5527
  -1.000   0.1520   0.01725   0.00926  -0.0460   0.5433   0.5810
  -0.500   0.1916   0.01737   0.00945  -0.0427   0.5276   0.6060
   0.000   0.2388   0.01761   0.00967  -0.0409   0.5138   0.6303
   0.500   0.2871   0.01782   0.00983  -0.0393   0.5013   0.6539
   1.000   0.3315   0.01809   0.01015  -0.0371   0.4894   0.6773
   1.500   0.3822   0.01837   0.01035  -0.0361   0.4791   0.7015
   2.000   0.4264   0.01874   0.01080  -0.0339   0.4695   0.7265
   2.500   0.4728   0.01906   0.01113  -0.0320   0.4604   0.7534
   3.000   0.5252   0.01963   0.01172  -0.0313   0.4526   0.7815
   3.500   0.5637   0.02006   0.01230  -0.0280   0.4445   0.8094
   4.000   0.6158   0.02055   0.01273  -0.0272   0.4373   0.8354
   4.500   0.6606   0.02127   0.01352  -0.0252   0.4307   0.8610
   5.000   0.6962   0.02189   0.01425  -0.0214   0.4236   0.8873
   5.500   0.7590   0.02269   0.01495  -0.0226   0.4171   0.9087
   6.000   0.8199   0.02388   0.01617  -0.0242   0.4105   0.9269
   6.500   0.8819   0.02500   0.01734  -0.0263   0.4034   0.9440
   7.000   0.9721   0.02590   0.01806  -0.0336   0.3968   0.9565
   7.500   1.0474   0.02732   0.01956  -0.0392   0.3901   0.9675
   8.000   1.1154   0.02834   0.02063  -0.0434   0.3830   0.9806
   8.500   1.2149   0.02912   0.02120  -0.0527   0.3767   0.9891
   9.000   1.2581   0.03050   0.02279  -0.0536   0.3704   1.0000
   9.500   1.2150   0.03115   0.02353  -0.0387   0.3659   1.0000
  10.000   1.2207   0.03160   0.02391  -0.0315   0.3612   1.0000
