  
       XFOIL         Version 6.99
  
 Calculated polar for: NACA 8832                                       
  
 1 1 Reynolds number fixed          Mach number fixed         
  
 xtrf =   1.000 (top)        1.000 (bottom)  
 Mach =   0.050     Re =     0.200 e 6     Ncrit =   9.000
  
   alpha    CL        CD       CDp       CM     Top_Xtr  Bot_Xtr
  ------ -------- --------- --------- -------- -------- --------
  -1.000   0.4713   0.02987   0.02252  -0.2043   0.7067   0.3604
  -0.500   0.5633   0.02881   0.02143  -0.2114   0.6966   0.3745
   0.000   0.6187   0.02943   0.02199  -0.2126   0.6809   0.3875
   0.500   0.7089   0.02856   0.02107  -0.2192   0.6701   0.4023
   1.000   0.7483   0.02970   0.02219  -0.2176   0.6539   0.4151
   1.500   0.8393   0.02894   0.02135  -0.2243   0.6431   0.4307
   2.000   0.8650   0.03043   0.02291  -0.2201   0.6272   0.4433
   2.500   0.9522   0.02988   0.02225  -0.2262   0.6163   0.4591
   3.000   0.9712   0.03155   0.02403  -0.2208   0.6014   0.4719
   3.500   1.0553   0.03114   0.02349  -0.2264   0.5907   0.4881
   4.000   1.0684   0.03300   0.02552  -0.2199   0.5766   0.5006
   4.500   1.1477   0.03276   0.02512  -0.2247   0.5661   0.5174
   5.000   1.1570   0.03480   0.02737  -0.2175   0.5530   0.5294
   5.500   1.2264   0.03493   0.02733  -0.2208   0.5425   0.5464
   6.000   1.2403   0.03683   0.02945  -0.2143   0.5305   0.5581
   6.500   1.2953   0.03758   0.03008  -0.2153   0.5199   0.5747
   7.000   1.3197   0.03907   0.03173  -0.2107   0.5091   0.5868
   7.500   1.3486   0.04052   0.03322  -0.2070   0.4983   0.6007
   8.000   1.4015   0.04125   0.03388  -0.2075   0.4887   0.6158
   8.500   1.4009   0.04383   0.03668  -0.1992   0.4776   0.6251
   9.000   1.4709   0.04388   0.03650  -0.2024   0.4687   0.6431
   9.500   1.4555   0.04750   0.04043  -0.1926   0.4580   0.6509
  10.000   1.4814   0.04864   0.04158  -0.1881   0.4491   0.6606
