  
       XFOIL         Version 6.99
  
 Calculated polar for: NACA 4522                                       
  
 1 1 Reynolds number fixed          Mach number fixed         
  
 xtrf =   1.000 (top)        1.000 (bottom)  
 Mach =   0.050     Re =     0.200 e 6     Ncrit =   9.000
  
   alpha    CL        CD       CDp       CM     Top_Xtr  Bot_Xtr
  ------ -------- --------- --------- -------- -------- --------
  -2.000   0.2459   0.01666   0.00902  -0.1129   0.7445   0.3863
  -1.500   0.3123   0.01627   0.00859  -0.1146   0.7334   0.4153
  -1.000   0.3594   0.01617   0.00856  -0.1127   0.7179   0.4432
  -0.500   0.4120   0.01608   0.00850  -0.1118   0.7037   0.4736
   0.000   0.4733   0.01583   0.00830  -0.1125   0.6911   0.5070
   0.500   0.5219   0.01578   0.00834  -0.1109   0.6757   0.5419
   1.000   0.5716   0.01577   0.00844  -0.1095   0.6609   0.5794
   1.500   0.6265   0.01573   0.00846  -0.1090   0.6472   0.6232
   2.000   0.6785   0.01566   0.00851  -0.1078   0.6326   0.6712
   2.500   0.7224   0.01572   0.00878  -0.1051   0.6172   0.7270
   3.000   0.7680   0.01576   0.00905  -0.1025   0.6029   0.7955
   3.500   0.8198   0.01587   0.00924  -0.1005   0.5891   0.8803
   4.000   0.8884   0.01627   0.00969  -0.1026   0.5729   0.9574
   4.500   0.9898   0.01683   0.01016  -0.1122   0.5554   0.9954
   5.000   1.0237   0.01713   0.01033  -0.1087   0.5408   1.0000
   5.500   1.0579   0.01747   0.01049  -0.1048   0.5268   1.0000
   6.000   1.0894   0.01787   0.01078  -0.1004   0.5122   1.0000
   6.500   1.1156   0.01840   0.01129  -0.0950   0.4974   1.0000
   7.000   1.1491   0.01897   0.01179  -0.0911   0.4830   1.0000
   7.500   1.1895   0.01957   0.01224  -0.0886   0.4687   1.0000
   8.000   1.2174   0.02029   0.01294  -0.0840   0.4539   1.0000
   8.500   1.2441   0.02119   0.01387  -0.0795   0.4391   1.0000
   9.000   1.2754   0.02213   0.01477  -0.0760   0.4246   1.0000
   9.500   1.3090   0.02309   0.01565  -0.0730   0.4103   1.0000
  10.000   1.3376   0.02419   0.01670  -0.0694   0.3957   1.0000
  -2.000   0.2459   0.01666   0.00902  -0.1129   0.7445   0.3863
  -1.500   0.3123   0.01627   0.00859  -0.1146   0.7334   0.4153
  -1.000   0.3594   0.01617   0.00856  -0.1127   0.7179   0.4432
  -0.500   0.4120   0.01608   0.00850  -0.1118   0.7037   0.4736
   0.000   0.4733   0.01583   0.00830  -0.1125   0.6911   0.5070
   0.500   0.5219   0.01578   0.00834  -0.1109   0.6757   0.5419
   1.000   0.5716   0.01577   0.00844  -0.1095   0.6609   0.5794
   1.500   0.6265   0.01573   0.00846  -0.1090   0.6472   0.6232
   2.000   0.6785   0.01566   0.00851  -0.1078   0.6326   0.6712
   2.500   0.7224   0.01572   0.00878  -0.1051   0.6172   0.7270
   3.000   0.7680   0.01576   0.00905  -0.1025   0.6029   0.7955
   3.500   0.8198   0.01587   0.00924  -0.1005   0.5891   0.8803
   4.000   0.8884   0.01627   0.00969  -0.1026   0.5729   0.9574
   4.500   0.9898   0.01683   0.01016  -0.1122   0.5554   0.9954
   5.000   1.0237   0.01713   0.01033  -0.1087   0.5408   1.0000
   5.500   1.0579   0.01747   0.01049  -0.1048   0.5268   1.0000
   6.000   1.0894   0.01787   0.01078  -0.1004   0.5122   1.0000
   6.500   1.1156   0.01840   0.01129  -0.0950   0.4974   1.0000
   7.000   1.1491   0.01897   0.01179  -0.0911   0.4830   1.0000
   7.500   1.1895   0.01957   0.01224  -0.0886   0.4687   1.0000
   8.000   1.2174   0.02029   0.01294  -0.0840   0.4539   1.0000
   8.500   1.2441   0.02119   0.01387  -0.0795   0.4391   1.0000
   9.000   1.2754   0.02213   0.01477  -0.0760   0.4246   1.0000
   9.500   1.3090   0.02309   0.01565  -0.0730   0.4103   1.0000
  10.000   1.3376   0.02419   0.01670  -0.0694   0.3957   1.0000
  -2.000   0.2459   0.01666   0.00902  -0.1129   0.7445   0.3863
  -1.500   0.3123   0.01627   0.00859  -0.1146   0.7334   0.4153
  -1.000   0.3594   0.01617   0.00856  -0.1127   0.7179   0.4432
  -0.500   0.4120   0.01608   0.00850  -0.1118   0.7037   0.4736
   0.000   0.4733   0.01583   0.00830  -0.1125   0.6911   0.5070
   0.500   0.5219   0.01578   0.00834  -0.1109   0.6757   0.5419
   1.000   0.5716   0.01577   0.00844  -0.1095   0.6609   0.5794
   1.500   0.6265   0.01573   0.00846  -0.1090   0.6472   0.6232
   2.000   0.6785   0.01566   0.00851  -0.1078   0.6326   0.6712
   2.500   0.7224   0.01572   0.00878  -0.1051   0.6172   0.7270
   3.000   0.7680   0.01576   0.00905  -0.1025   0.6029   0.7955
   3.500   0.8198   0.01587   0.00924  -0.1005   0.5891   0.8803
   4.000   0.8884   0.01627   0.00969  -0.1026   0.5729   0.9574
   4.500   0.9898   0.01683   0.01016  -0.1122   0.5554   0.9954
   5.000   1.0237   0.01713   0.01033  -0.1087   0.5408   1.0000
   5.500   1.0579   0.01747   0.01049  -0.1048   0.5268   1.0000
   6.000   1.0894   0.01787   0.01078  -0.1004   0.5122   1.0000
   6.500   1.1156   0.01840   0.01129  -0.0950   0.4974   1.0000
   7.000   1.1491   0.01897   0.01179  -0.0911   0.4830   1.0000
   7.500   1.1895   0.01957   0.01224  -0.0886   0.4687   1.0000
   8.000   1.2174   0.02029   0.01294  -0.0840   0.4539   1.0000
   8.500   1.2441   0.02119   0.01387  -0.0795   0.4391   1.0000
   9.000   1.2754   0.02213   0.01477  -0.0760   0.4246   1.0000
   9.500   1.3090   0.02309   0.01565  -0.0730   0.4103   1.0000
  10.000   1.3376   0.02419   0.01670  -0.0694   0.3957   1.0000
