  
       XFOIL         Version 6.99
  
 Calculated polar for: NACA 5510                                       
  
 1 1 Reynolds number fixed          Mach number fixed         
  
 xtrf =   1.000 (top)        1.000 (bottom)  
 Mach =   0.050     Re =     0.200 e 6     Ncrit =   9.000
  
   alpha    CL        CD       CDp       CM     Top_Xtr  Bot_Xtr
  ------ -------- --------- --------- -------- -------- --------
  -2.000   0.3653   0.01555   0.00843  -0.1512   0.8899   0.2454
  -1.500   0.4384   0.01466   0.00780  -0.1544   0.8851   0.3436
  -1.000   0.4944   0.01419   0.00766  -0.1543   0.8730   0.4472
  -0.500   0.5512   0.01354   0.00749  -0.1541   0.8619   0.5964
   0.000   0.6110   0.01221   0.00686  -0.1533   0.8546   1.0000
   0.500   0.6687   0.01216   0.00662  -0.1533   0.8414   1.0000
   1.000   0.7260   0.01212   0.00645  -0.1532   0.8278   1.0000
   1.500   0.7834   0.01210   0.00633  -0.1530   0.8137   1.0000
   2.000   0.8406   0.01208   0.00624  -0.1529   0.7989   1.0000
   2.500   0.8975   0.01209   0.00621  -0.1526   0.7831   1.0000
   3.000   0.9545   0.01213   0.00620  -0.1524   0.7664   1.0000
   3.500   1.0086   0.01227   0.00635  -0.1516   0.7472   1.0000
   4.000   1.0614   0.01243   0.00656  -0.1506   0.7257   1.0000
   4.500   1.1153   0.01257   0.00669  -0.1497   0.7027   1.0000
   5.000   1.1633   0.01269   0.00682  -0.1475   0.6681   1.0000
   5.500   1.2090   0.01290   0.00696  -0.1448   0.6254   1.0000
   6.000   1.2524   0.01335   0.00737  -0.1419   0.5802   1.0000
   6.500   1.2909   0.01403   0.00794  -0.1382   0.5241   1.0000
   7.000   1.3209   0.01511   0.00878  -0.1332   0.4475   1.0000
   7.500   1.3349   0.01699   0.01012  -0.1257   0.3343   1.0000
   8.000   1.3248   0.02027   0.01244  -0.1150   0.1839   1.0000
   8.500   1.3193   0.02410   0.01559  -0.1062   0.0939   1.0000
   9.000   1.3258   0.02737   0.01876  -0.0996   0.0702   1.0000
   9.500   1.3361   0.03058   0.02203  -0.0939   0.0584   1.0000
  10.000   1.3495   0.03379   0.02533  -0.0891   0.0506   1.0000
