  
       XFOIL         Version 6.99
  
 Calculated polar for: NACA 6736                                       
  
 1 1 Reynolds number fixed          Mach number fixed         
  
 xtrf =   1.000 (top)        1.000 (bottom)  
 Mach =   0.050     Re =     0.200 e 6     Ncrit =   9.000
  
   alpha    CL        CD       CDp       CM     Top_Xtr  Bot_Xtr
  ------ -------- --------- --------- -------- -------- --------
  -2.000   0.1800   0.02622   0.01804  -0.1314   0.6689   0.3607
  -1.500   0.2020   0.02694   0.01893  -0.1267   0.6525   0.3688
  -1.000   0.2870   0.02636   0.01817  -0.1325   0.6427   0.3811
  -0.500   0.3200   0.02680   0.01868  -0.1297   0.6286   0.3904
   0.000   0.3871   0.02678   0.01859  -0.1324   0.6179   0.4024
   0.500   0.4244   0.02722   0.01902  -0.1305   0.6052   0.4128
   1.000   0.4922   0.02725   0.01903  -0.1333   0.5950   0.4251
   1.500   0.5204   0.02810   0.01983  -0.1300   0.5826   0.4358
   2.000   0.6049   0.02770   0.01941  -0.1353   0.5737   0.4498
   2.500   0.6100   0.02927   0.02104  -0.1285   0.5610   0.4600
   3.000   0.6884   0.02887   0.02060  -0.1329   0.5525   0.4744
   3.500   0.6974   0.03059   0.02244  -0.1269   0.5407   0.4856
   4.000   0.7569   0.03068   0.02249  -0.1284   0.5319   0.4996
   4.500   0.7907   0.03189   0.02377  -0.1262   0.5220   0.5127
   5.000   0.8262   0.03285   0.02472  -0.1244   0.5121   0.5263
   5.500   0.9047   0.03266   0.02446  -0.1286   0.5044   0.5425
   6.000   0.8941   0.03539   0.02733  -0.1205   0.4933   0.5535
   6.500   0.9568   0.03538   0.02734  -0.1223   0.4859   0.5696
   7.000   0.9693   0.03771   0.02977  -0.1178   0.4762   0.5833
   7.500   1.0025   0.03895   0.03110  -0.1158   0.4675   0.5973
   8.000   1.0799   0.03868   0.03065  -0.1197   0.4607   0.6154
   8.500   1.0477   0.04305   0.03535  -0.1100   0.4500   0.6256
   9.000   1.1089   0.04310   0.03533  -0.1115   0.4434   0.6417
   9.500   1.1036   0.04693   0.03932  -0.1059   0.4340   0.6545
  10.000   1.1263   0.04903   0.04152  -0.1032   0.4259   0.6671
