  
       XFOIL         Version 6.99
  
 Calculated polar for: NACA 7612                                       
  
 1 1 Reynolds number fixed          Mach number fixed         
  
 xtrf =   1.000 (top)        1.000 (bottom)  
 Mach =   0.050     Re =     0.200 e 6     Ncrit =   9.000
  
   alpha    CL        CD       CDp       CM     Top_Xtr  Bot_Xtr
  ------ -------- --------- --------- -------- -------- --------
  -1.500   0.4891   0.03113   0.02396  -0.1995   0.8594   0.2419
  -0.500   0.6089   0.03128   0.02440  -0.2018   0.8446   0.3574
   0.500   0.7300   0.03120   0.02466  -0.2036   0.8294   0.4834
   1.500   0.8515   0.03077   0.02456  -0.2048   0.8138   0.6048
   2.500   0.9761   0.02955   0.02368  -0.2060   0.7985   0.7193
   3.500   1.0976   0.02716   0.02174  -0.2059   0.7830   1.0000
   4.000   1.1821   0.02514   0.01972  -0.2099   0.7814   1.0000
   5.000   1.3270   0.02186   0.01658  -0.2136   0.7662   1.0000
   5.500   1.3743   0.02111   0.01592  -0.2110   0.7487   1.0000
   6.000   1.4217   0.02012   0.01502  -0.2080   0.7254   1.0000
   6.500   1.4730   0.01900   0.01389  -0.2056   0.6914   1.0000
   7.000   1.5168   0.01877   0.01358  -0.2024   0.6444   1.0000
   7.500   1.5582   0.01913   0.01363  -0.1990   0.5842   1.0000
   8.000   1.5797   0.02066   0.01487  -0.1926   0.5260   1.0000
   8.500   1.5884   0.02282   0.01680  -0.1846   0.4674   1.0000
   9.000   1.5900   0.02555   0.01927  -0.1760   0.4039   1.0000
   9.500   1.5849   0.02897   0.02236  -0.1672   0.3319   1.0000
  10.000   1.5738   0.03328   0.02620  -0.1584   0.2479   1.0000
