  
       XFOIL         Version 6.99
  
 Calculated polar for: NACA 1106                                       
  
 1 1 Reynolds number fixed          Mach number fixed         
  
 xtrf =   1.000 (top)        1.000 (bottom)  
 Mach =   0.050     Re =     0.200 e 6     Ncrit =   9.000
  
   alpha    CL        CD       CDp       CM     Top_Xtr  Bot_Xtr
  ------ -------- --------- --------- -------- -------- --------
  -2.000  -0.1531   0.01383   0.00592  -0.0096   1.0000   0.0434
  -1.500  -0.1037   0.01202   0.00414  -0.0081   1.0000   0.0549
  -1.000  -0.0534   0.01067   0.00279  -0.0070   1.0000   0.0847
  -0.500   0.0127   0.00739   0.00237  -0.0086   1.0000   1.0000
   0.000   0.0582   0.00749   0.00229  -0.0069   1.0000   1.0000
   0.500   0.1115   0.00767   0.00237  -0.0071   0.9970   1.0000
   1.000   0.2116   0.00768   0.00237  -0.0166   0.9691   1.0000
   1.500   0.2912   0.00758   0.00229  -0.0209   0.9169   1.0000
   2.000   0.3475   0.00762   0.00221  -0.0196   0.8232   1.0000
   2.500   0.3934   0.00810   0.00222  -0.0162   0.6902   1.0000
   3.000   0.4380   0.00912   0.00243  -0.0134   0.5015   1.0000
   3.500   0.4831   0.01073   0.00305  -0.0118   0.2909   1.0000
   4.000   0.5333   0.01185   0.00386  -0.0110   0.2351   1.0000
   4.500   0.5847   0.01282   0.00482  -0.0103   0.2093   1.0000
   5.000   0.6362   0.01359   0.00563  -0.0098   0.1797   1.0000
   5.500   0.6879   0.01415   0.00631  -0.0094   0.1445   1.0000
   6.000   0.7367   0.01592   0.00779  -0.0084   0.0454   1.0000
   6.500   0.7823   0.01879   0.01089  -0.0065   0.0314   1.0000
   7.000   0.8281   0.02219   0.01461  -0.0046   0.0264   1.0000
   7.500   0.8707   0.02757   0.02061  -0.0025   0.0246   1.0000
   8.000   0.9017   0.03488   0.02902  -0.0002   0.0223   1.0000
   9.000   0.8467   0.04554   0.04205   0.0083   0.0271   1.0000
  -2.000  -0.1531   0.01383   0.00592  -0.0096   1.0000   0.0434
  -1.500  -0.1037   0.01202   0.00414  -0.0081   1.0000   0.0549
  -1.000  -0.0534   0.01067   0.00279  -0.0070   1.0000   0.0847
   0.000   0.0582   0.00749   0.00229  -0.0069   1.0000   1.0000
   0.500   0.1115   0.00767   0.00237  -0.0071   0.9970   1.0000
   1.000   0.2116   0.00768   0.00237  -0.0166   0.9691   1.0000
   1.500   0.2912   0.00758   0.00229  -0.0209   0.9169   1.0000
   2.000   0.3475   0.00762   0.00221  -0.0196   0.8232   1.0000
   2.500   0.3934   0.00810   0.00222  -0.0162   0.6902   1.0000
   3.000   0.4380   0.00912   0.00243  -0.0134   0.5015   1.0000
   3.500   0.4831   0.01073   0.00305  -0.0118   0.2909   1.0000
   4.000   0.5333   0.01185   0.00386  -0.0110   0.2351   1.0000
   4.500   0.5847   0.01282   0.00482  -0.0103   0.2093   1.0000
   5.000   0.6362   0.01359   0.00563  -0.0098   0.1797   1.0000
   5.500   0.6879   0.01415   0.00631  -0.0094   0.1445   1.0000
   6.000   0.7367   0.01592   0.00779  -0.0084   0.0454   1.0000
   6.500   0.7823   0.01879   0.01089  -0.0065   0.0314   1.0000
   7.000   0.8281   0.02219   0.01461  -0.0046   0.0264   1.0000
   7.500   0.8707   0.02757   0.02061  -0.0025   0.0246   1.0000
   8.000   0.9017   0.03488   0.02902  -0.0002   0.0223   1.0000
   9.000   0.8467   0.04555   0.04205   0.0083   0.0271   1.0000
