  
       XFOIL         Version 6.99
  
 Calculated polar for: NACA 3624                                       
  
 1 1 Reynolds number fixed          Mach number fixed         
  
 xtrf =   1.000 (top)        1.000 (bottom)  
 Mach =   0.050     Re =     0.200 e 6     Ncrit =   9.000
  
   alpha    CL        CD       CDp       CM     Top_Xtr  Bot_Xtr
  ------ -------- --------- --------- -------- -------- --------
  -2.000   0.1271   0.01724   0.00985  -0.0928   0.7726   0.4371
  -1.500   0.1802   0.01689   0.00951  -0.0918   0.7556   0.4585
  -1.000   0.2386   0.01651   0.00915  -0.0917   0.7390   0.4809
  -0.500   0.2988   0.01616   0.00882  -0.0921   0.7217   0.5040
   0.000   0.3570   0.01591   0.00858  -0.0920   0.7032   0.5272
   0.500   0.4122   0.01578   0.00845  -0.0914   0.6835   0.5504
   1.000   0.4648   0.01575   0.00841  -0.0904   0.6631   0.5737
   1.500   0.5161   0.01580   0.00843  -0.0891   0.6425   0.5972
   2.000   0.5666   0.01591   0.00851  -0.0878   0.6222   0.6211
   2.500   0.6172   0.01607   0.00863  -0.0865   0.6022   0.6456
   3.000   0.6634   0.01628   0.00884  -0.0844   0.5825   0.6706
   3.500   0.7060   0.01653   0.00913  -0.0816   0.5634   0.6963
   4.000   0.7474   0.01680   0.00946  -0.0787   0.5449   0.7234
   4.500   0.7882   0.01709   0.00980  -0.0757   0.5272   0.7526
   5.000   0.8283   0.01740   0.01015  -0.0725   0.5104   0.7854
   5.500   0.8693   0.01772   0.01051  -0.0695   0.4941   0.8230
   6.000   0.9004   0.01809   0.01102  -0.0644   0.4779   0.8731
   6.500   0.9425   0.01870   0.01176  -0.0616   0.4611   0.9472
   7.000   1.0096   0.01943   0.01241  -0.0653   0.4433   1.0000
   7.500   1.0418   0.02006   0.01287  -0.0619   0.4284   1.0000
   8.000   1.0806   0.02078   0.01341  -0.0596   0.4133   1.0000
   8.500   1.1056   0.02169   0.01432  -0.0552   0.3984   1.0000
   9.000   1.1353   0.02273   0.01532  -0.0517   0.3837   1.0000
   9.500   1.1682   0.02380   0.01631  -0.0488   0.3696   1.0000
  10.000   1.2035   0.02488   0.01725  -0.0464   0.3555   1.0000
