  
       XFOIL         Version 6.99
  
 Calculated polar for: NACA 8528                                       
  
 1 1 Reynolds number fixed          Mach number fixed         
  
 xtrf =   1.000 (top)        1.000 (bottom)  
 Mach =   0.050     Re =     0.200 e 6     Ncrit =   9.000
  
   alpha    CL        CD       CDp       CM     Top_Xtr  Bot_Xtr
  ------ -------- --------- --------- -------- -------- --------
  -1.500   0.5112   0.02613   0.01787  -0.1693   0.6582   0.2655
  -1.000   0.6162   0.02470   0.01633  -0.1779   0.6548   0.2848
  -0.500   0.5896   0.02715   0.01890  -0.1651   0.6406   0.2927
   0.000   0.6856   0.02582   0.01751  -0.1720   0.6369   0.3135
   0.500   0.6753   0.02813   0.01988  -0.1624   0.6240   0.3240
   1.000   0.7538   0.02734   0.01906  -0.1663   0.6190   0.3457
   1.500   0.8603   0.02592   0.01754  -0.1748   0.6154   0.3728
   2.000   0.8208   0.02911   0.02098  -0.1610   0.6012   0.3824
   2.500   0.9187   0.02769   0.01948  -0.1678   0.5975   0.4121
   3.000   0.8863   0.03132   0.02333  -0.1558   0.5837   0.4248
   3.500   0.9742   0.03005   0.02202  -0.1610   0.5796   0.4580
   4.000   1.0847   0.02839   0.02025  -0.1697   0.5760   0.4988
   4.500   1.0251   0.03297   0.02518  -0.1542   0.5616   0.5124
   5.000   1.1293   0.03102   0.02320  -0.1614   0.5583   0.5630
   5.500   1.0706   0.03658   0.02906  -0.1474   0.5434   0.5842
   6.000   1.1683   0.03431   0.02696  -0.1532   0.5404   0.6626
   7.000   1.0898   0.04428   0.03792  -0.1314   0.5140   1.0000
   8.000   1.1415   0.04912   0.04257  -0.1276   0.4970   1.0000
   8.500   1.3026   0.04203   0.03505  -0.1391   0.4999   1.0000
   9.500   1.3263   0.04817   0.04119  -0.1320   0.4817   1.0000
