  
       XFOIL         Version 6.99
  
 Calculated polar for: NACA 7234                                       
  
 1 1 Reynolds number fixed          Mach number fixed         
  
 xtrf =   1.000 (top)        1.000 (bottom)  
 Mach =   0.050     Re =     0.200 e 6     Ncrit =   9.000
  
   alpha    CL        CD       CDp       CM     Top_Xtr  Bot_Xtr
  ------ -------- --------- --------- -------- -------- --------
  -2.000   0.2622   0.02719   0.01712  -0.0546   0.4620   0.1369
  -1.500   0.2819   0.02691   0.01687  -0.0493   0.4473   0.1416
  -1.000   0.2937   0.02720   0.01717  -0.0429   0.4318   0.1466
  -0.500   0.3089   0.02746   0.01740  -0.0374   0.4160   0.1522
   0.000   0.3258   0.02788   0.01780  -0.0324   0.4003   0.1591
   0.500   0.3444   0.02838   0.01821  -0.0280   0.3852   0.1670
   1.000   0.3678   0.02904   0.01870  -0.0245   0.3711   0.1782
   1.500   0.3898   0.02972   0.01939  -0.0212   0.3585   0.1988
   2.000   0.4096   0.02930   0.02038  -0.0178   0.3483   0.5179
   2.500   0.4455   0.02997   0.02128  -0.0158   0.3394   0.6181
   3.000   0.4720   0.03134   0.02292  -0.0132   0.3319   0.6774
   3.500   0.5093   0.03231   0.02397  -0.0116   0.3259   0.7289
   4.000   0.5489   0.03331   0.02505  -0.0102   0.3209   0.7797
   4.500   0.5761   0.03480   0.02677  -0.0073   0.3166   0.8302
   5.000   0.6098   0.03608   0.02814  -0.0049   0.3127   0.8845
   5.500   0.6657   0.03721   0.02915  -0.0057   0.3093   0.9336
   6.000   0.7297   0.03957   0.03147  -0.0103   0.3060   0.9672
   6.500   0.7994   0.04298   0.03492  -0.0181   0.3024   0.9843
   7.000   0.8806   0.04587   0.03774  -0.0273   0.2993   0.9955
   7.500   0.9166   0.04722   0.03898  -0.0281   0.2972   1.0000
   8.000   0.9288   0.04776   0.03939  -0.0237   0.2956   1.0000
   8.500   0.9628   0.04856   0.04002  -0.0223   0.2938   1.0000
   9.000   0.9475   0.05216   0.04378  -0.0171   0.2925   1.0000
   9.500   0.8902   0.05953   0.05152  -0.0102   0.2908   1.0000
