  
       XFOIL         Version 6.99
  
 Calculated polar for: NACA 9118                                       
  
 1 1 Reynolds number fixed          Mach number fixed         
  
 xtrf =   1.000 (top)        1.000 (bottom)  
 Mach =   0.050     Re =     0.200 e 6     Ncrit =   9.000
  
   alpha    CL        CD       CDp       CM     Top_Xtr  Bot_Xtr
  ------ -------- --------- --------- -------- -------- --------
  -1.500   0.4732   0.03427   0.02703  -0.0639   0.1702   0.0148
  -1.000   0.5009   0.03322   0.02573  -0.0607   0.1677   0.0152
  -0.500   0.5332   0.03262   0.02483  -0.0579   0.1655   0.0157
   0.000   0.5738   0.03263   0.02454  -0.0556   0.1641   0.0160
   0.500   0.6161   0.03105   0.02272  -0.0546   0.1629   0.0162
   1.000   0.6622   0.02955   0.02098  -0.0543   0.1617   0.0170
   1.500   0.7105   0.02904   0.02020  -0.0536   0.1606   0.0180
   2.000   0.7590   0.02988   0.02075  -0.0520   0.1596   0.0187
   2.500   0.8094   0.02841   0.01907  -0.0525   0.1587   0.0200
   3.000   0.8578   0.02941   0.01983  -0.0512   0.1580   0.0215
   3.500   0.9069   0.02890   0.01916  -0.0511   0.1573   0.0238
   4.500   0.9949   0.03088   0.02083  -0.0487   0.1556   0.0308
   5.000   1.0375   0.03146   0.02138  -0.0480   0.1550   0.0341
   5.500   1.0774   0.03271   0.02264  -0.0470   0.1547   0.0378
   6.000   1.1124   0.03462   0.02457  -0.0453   0.1545   0.0421
   6.500   1.1428   0.03623   0.02636  -0.0437   0.1544   0.0476
   7.000   1.1651   0.03891   0.02918  -0.0412   0.1544   0.0558
   7.500   1.1789   0.04182   0.03237  -0.0384   0.1545   0.0685
   8.000   1.1827   0.04538   0.03624  -0.0356   0.1548   0.1173
   8.500   1.1689   0.05104   0.04214  -0.0316   0.1553   0.1334
   9.000   1.0743   0.06416   0.05612  -0.0253   0.1569   0.1161
   9.500   0.8827   0.11952   0.11259  -0.0464   0.1664   0.0432
