  
       XFOIL         Version 6.99
  
 Calculated polar for: NACA 6840                                       
  
 1 1 Reynolds number fixed          Mach number fixed         
  
 xtrf =   1.000 (top)        1.000 (bottom)  
 Mach =   0.050     Re =     0.200 e 6     Ncrit =   9.000
  
   alpha    CL        CD       CDp       CM     Top_Xtr  Bot_Xtr
  ------ -------- --------- --------- -------- -------- --------
  -2.000   0.0951   0.03001   0.02191  -0.1223   0.6266   0.3696
  -1.500   0.1786   0.02939   0.02101  -0.1293   0.6170   0.3793
  -1.000   0.1900   0.03008   0.02193  -0.1229   0.6041   0.3861
  -0.500   0.2712   0.02969   0.02141  -0.1285   0.5951   0.3963
   0.000   0.2984   0.03036   0.02206  -0.1258   0.5836   0.4044
   0.500   0.3470   0.03054   0.02234  -0.1256   0.5734   0.4132
   1.000   0.4287   0.03043   0.02205  -0.1315   0.5647   0.4243
   1.500   0.4359   0.03158   0.02335  -0.1253   0.5533   0.4323
   2.000   0.5009   0.03159   0.02335  -0.1279   0.5449   0.4425
   2.500   0.5440   0.03251   0.02423  -0.1278   0.5355   0.4529
   3.000   0.5712   0.03341   0.02526  -0.1248   0.5254   0.4623
   3.500   0.6492   0.03326   0.02501  -0.1295   0.5180   0.4744
   4.000   0.6591   0.03531   0.02712  -0.1246   0.5081   0.4834
   4.500   0.6970   0.03604   0.02799  -0.1232   0.4994   0.4943
   5.000   0.7867   0.03566   0.02743  -0.1297   0.4926   0.5085
   5.500   0.7632   0.03905   0.03104  -0.1205   0.4823   0.5163
   6.000   0.8079   0.03975   0.03185  -0.1201   0.4747   0.5282
   6.500   0.8988   0.03928   0.03115  -0.1266   0.4684   0.5433
   7.000   0.8463   0.04448   0.03672  -0.1146   0.4576   0.5505
   7.500   0.9005   0.04484   0.03713  -0.1155   0.4512   0.5636
   8.000   0.9639   0.04540   0.03756  -0.1184   0.4447   0.5778
   8.500   0.9013   0.05252   0.04507  -0.1072   0.4332   0.5850
   9.000   0.9726   0.05174   0.04427  -0.1097   0.4283   0.5996
   9.500   0.6779   0.08085   0.07419  -0.0853   0.3979   0.5911
  10.000   0.7818   0.07642   0.06966  -0.0893   0.3984   0.6094
