  
       XFOIL         Version 6.99
  
 Calculated polar for: NACA 4430                                       
  
 1 1 Reynolds number fixed          Mach number fixed         
  
 xtrf =   1.000 (top)        1.000 (bottom)  
 Mach =   0.050     Re =     0.200 e 6     Ncrit =   9.000
  
   alpha    CL        CD       CDp       CM     Top_Xtr  Bot_Xtr
  ------ -------- --------- --------- -------- -------- --------
  -2.000   0.1953   0.01997   0.01111  -0.0863   0.5925   0.3757
  -1.500   0.2290   0.01984   0.01115  -0.0824   0.5815   0.3946
  -1.000   0.2848   0.01974   0.01101  -0.0826   0.5725   0.4189
  -0.500   0.3164   0.01980   0.01126  -0.0783   0.5629   0.4434
   0.000   0.3628   0.01976   0.01128  -0.0767   0.5541   0.4746
   0.500   0.4099   0.01996   0.01155  -0.0753   0.5460   0.5110
   1.000   0.4425   0.02006   0.01189  -0.0712   0.5370   0.5482
   1.500   0.4991   0.02018   0.01205  -0.0714   0.5296   0.5927
   2.000   0.5302   0.02059   0.01265  -0.0671   0.5215   0.6315
   2.500   0.5669   0.02082   0.01305  -0.0636   0.5135   0.6693
   3.000   0.6382   0.02119   0.01337  -0.0665   0.5064   0.7095
   3.500   0.6431   0.02171   0.01419  -0.0574   0.4987   0.7438
   4.000   0.6841   0.02212   0.01467  -0.0549   0.4913   0.7813
   4.500   0.7502   0.02257   0.01506  -0.0566   0.4845   0.8180
   5.000   0.7503   0.02362   0.01644  -0.0470   0.4769   0.8565
   5.500   0.7941   0.02417   0.01700  -0.0447   0.4698   0.8958
   6.000   0.8586   0.02499   0.01773  -0.0463   0.4632   0.9293
   6.500   0.8959   0.02674   0.01964  -0.0452   0.4547   0.9580
   7.000   1.0006   0.02732   0.02001  -0.0548   0.4476   0.9729
   7.500   1.0718   0.02924   0.02201  -0.0607   0.4393   0.9892
   8.000   1.1610   0.03031   0.02304  -0.0693   0.4312   1.0000
   8.500   1.2075   0.03005   0.02251  -0.0685   0.4256   1.0000
   9.000   1.0920   0.03245   0.02521  -0.0440   0.4186   1.0000
   9.500   1.1069   0.03336   0.02605  -0.0390   0.4120   1.0000
  10.000   1.1768   0.03317   0.02563  -0.0414   0.4065   1.0000
  -2.000   0.1953   0.01997   0.01111  -0.0863   0.5925   0.3757
  -1.500   0.2290   0.01984   0.01115  -0.0824   0.5815   0.3946
  -1.000   0.2848   0.01974   0.01101  -0.0826   0.5725   0.4189
  -0.500   0.3164   0.01980   0.01126  -0.0783   0.5629   0.4434
   0.000   0.3628   0.01976   0.01128  -0.0767   0.5541   0.4746
   0.500   0.4099   0.01996   0.01155  -0.0753   0.5460   0.5110
   1.000   0.4425   0.02006   0.01189  -0.0712   0.5370   0.5482
   1.500   0.4991   0.02018   0.01205  -0.0714   0.5296   0.5927
   2.000   0.5302   0.02059   0.01265  -0.0671   0.5215   0.6315
   2.500   0.5669   0.02082   0.01305  -0.0636   0.5135   0.6693
   3.000   0.6382   0.02119   0.01337  -0.0665   0.5064   0.7095
   3.500   0.6431   0.02171   0.01419  -0.0574   0.4987   0.7438
   4.000   0.6841   0.02212   0.01467  -0.0549   0.4913   0.7813
   4.500   0.7502   0.02257   0.01506  -0.0566   0.4845   0.8180
   5.000   0.7503   0.02362   0.01644  -0.0470   0.4769   0.8565
   5.500   0.7941   0.02417   0.01700  -0.0447   0.4698   0.8958
   6.000   0.8586   0.02499   0.01773  -0.0463   0.4632   0.9293
   6.500   0.8959   0.02674   0.01964  -0.0452   0.4547   0.9580
   7.000   1.0006   0.02732   0.02001  -0.0548   0.4476   0.9729
   7.500   1.0718   0.02924   0.02201  -0.0607   0.4393   0.9892
   8.000   1.1610   0.03031   0.02304  -0.0693   0.4312   1.0000
   8.500   1.2075   0.03005   0.02251  -0.0685   0.4256   1.0000
   9.000   1.0920   0.03245   0.02521  -0.0440   0.4186   1.0000
   9.500   1.1069   0.03336   0.02605  -0.0390   0.4120   1.0000
  10.000   1.1768   0.03317   0.02563  -0.0414   0.4065   1.0000
  -2.000   0.1953   0.01997   0.01111  -0.0863   0.5925   0.3757
  -1.500   0.2290   0.01984   0.01115  -0.0824   0.5815   0.3946
  -1.000   0.2848   0.01974   0.01101  -0.0826   0.5725   0.4189
  -0.500   0.3164   0.01980   0.01126  -0.0783   0.5629   0.4434
   0.000   0.3628   0.01976   0.01128  -0.0767   0.5541   0.4746
   0.500   0.4099   0.01996   0.01155  -0.0753   0.5460   0.5110
   1.000   0.4425   0.02006   0.01189  -0.0712   0.5370   0.5482
   1.500   0.4991   0.02018   0.01205  -0.0714   0.5296   0.5927
   2.000   0.5302   0.02059   0.01265  -0.0671   0.5215   0.6315
   2.500   0.5669   0.02082   0.01305  -0.0636   0.5135   0.6693
   3.000   0.6382   0.02119   0.01337  -0.0665   0.5064   0.7095
   3.500   0.6431   0.02171   0.01419  -0.0574   0.4987   0.7438
   4.000   0.6841   0.02212   0.01467  -0.0549   0.4913   0.7813
   4.500   0.7502   0.02257   0.01506  -0.0566   0.4845   0.8180
   5.000   0.7503   0.02362   0.01644  -0.0470   0.4769   0.8565
   5.500   0.7941   0.02417   0.01700  -0.0447   0.4698   0.8958
   6.000   0.8586   0.02499   0.01773  -0.0463   0.4632   0.9293
   6.500   0.8959   0.02674   0.01964  -0.0452   0.4547   0.9580
   7.000   1.0006   0.02732   0.02001  -0.0548   0.4476   0.9729
   7.500   1.0718   0.02924   0.02201  -0.0607   0.4393   0.9892
   8.000   1.1610   0.03031   0.02304  -0.0693   0.4312   1.0000
   8.500   1.2075   0.03005   0.02251  -0.0685   0.4256   1.0000
   9.000   1.0920   0.03245   0.02521  -0.0440   0.4186   1.0000
   9.500   1.1069   0.03336   0.02605  -0.0390   0.4120   1.0000
  10.000   1.1768   0.03317   0.02563  -0.0414   0.4065   1.0000
