  
       XFOIL         Version 6.99
  
 Calculated polar for: NACA 3836                                       
  
 1 1 Reynolds number fixed          Mach number fixed         
  
 xtrf =   1.000 (top)        1.000 (bottom)  
 Mach =   0.050     Re =     0.200 e 6     Ncrit =   9.000
  
   alpha    CL        CD       CDp       CM     Top_Xtr  Bot_Xtr
  ------ -------- --------- --------- -------- -------- --------
  -2.000   0.0446   0.02285   0.01448  -0.0813   0.6216   0.4240
  -1.500   0.0633   0.02294   0.01461  -0.0750   0.6074   0.4335
  -1.000   0.1276   0.02271   0.01424  -0.0773   0.5949   0.4447
  -0.500   0.1501   0.02295   0.01460  -0.0717   0.5816   0.4544
   0.000   0.2202   0.02281   0.01422  -0.0751   0.5697   0.4668
   0.500   0.2383   0.02314   0.01478  -0.0688   0.5573   0.4767
   1.000   0.3021   0.02316   0.01459  -0.0710   0.5460   0.4896
   1.500   0.3286   0.02351   0.01513  -0.0664   0.5343   0.5005
   2.000   0.3798   0.02369   0.01523  -0.0662   0.5235   0.5136
   2.500   0.4207   0.02405   0.01566  -0.0644   0.5127   0.5259
   3.000   0.4605   0.02444   0.01608  -0.0623   0.5020   0.5388
   3.500   0.5178   0.02473   0.01629  -0.0633   0.4921   0.5529
   4.000   0.5421   0.02542   0.01715  -0.0588   0.4816   0.5655
   4.500   0.6088   0.02558   0.01713  -0.0614   0.4722   0.5810
   5.000   0.6247   0.02658   0.01838  -0.0557   0.4624   0.5938
   5.500   0.6702   0.02706   0.01878  -0.0550   0.4533   0.6092
   6.000   0.7123   0.02783   0.01967  -0.0535   0.4444   0.6237
   6.500   0.7380   0.02887   0.02074  -0.0501   0.4350   0.6389
   7.000   0.8049   0.02910   0.02092  -0.0523   0.4267   0.6549
   7.500   0.8067   0.03091   0.02291  -0.0458   0.4179   0.6699
   8.000   0.8440   0.03169   0.02380  -0.0437   0.4098   0.6849
   8.500   0.8841   0.03287   0.02493  -0.0429   0.4019   0.7017
   9.000   0.8905   0.03481   0.02713  -0.0372   0.3934   0.7152
   9.500   0.9521   0.03516   0.02729  -0.0390   0.3862   0.7329
  10.000   0.9421   0.03809   0.03056  -0.0319   0.3781   0.7452
