  
       XFOIL         Version 6.99
  
 Calculated polar for: NACA 4432                                       
  
 1 1 Reynolds number fixed          Mach number fixed         
  
 xtrf =   1.000 (top)        1.000 (bottom)  
 Mach =   0.050     Re =     0.200 e 6     Ncrit =   9.000
  
   alpha    CL        CD       CDp       CM     Top_Xtr  Bot_Xtr
  ------ -------- --------- --------- -------- -------- --------
  -2.000   0.1755   0.02118   0.01229  -0.0816   0.5788   0.3770
  -1.500   0.2065   0.02111   0.01230  -0.0773   0.5690   0.3936
  -1.000   0.2621   0.02103   0.01212  -0.0775   0.5606   0.4147
  -0.500   0.2890   0.02117   0.01244  -0.0725   0.5522   0.4354
   0.000   0.3279   0.02113   0.01251  -0.0697   0.5437   0.4601
   0.500   0.3900   0.02129   0.01262  -0.0713   0.5363   0.4917
   1.000   0.4006   0.02151   0.01310  -0.0633   0.5285   0.5197
   1.500   0.4420   0.02155   0.01328  -0.0609   0.5209   0.5546
   2.000   0.5052   0.02189   0.01369  -0.0626   0.5141   0.5937
   2.500   0.5089   0.02240   0.01447  -0.0536   0.5064   0.6252
   3.000   0.5555   0.02267   0.01481  -0.0522   0.4993   0.6612
   3.500   0.6186   0.02309   0.01522  -0.0538   0.4929   0.6972
   4.000   0.6201   0.02410   0.01653  -0.0452   0.4852   0.7283
   4.500   0.6657   0.02450   0.01699  -0.0437   0.4786   0.7628
   5.000   0.7313   0.02489   0.01734  -0.0454   0.4724   0.7981
   5.500   0.7154   0.02651   0.01931  -0.0347   0.4647   0.8349
   6.000   0.7562   0.02708   0.01995  -0.0322   0.4584   0.8722
   6.500   0.8316   0.02747   0.02020  -0.0350   0.4526   0.9061
   7.000   0.8092   0.03045   0.02353  -0.0254   0.4442   0.9485
   7.500   0.9045   0.03108   0.02400  -0.0332   0.4378   0.9673
   8.000   0.9969   0.03262   0.02546  -0.0421   0.4311   0.9785
   8.500   1.0408   0.03578   0.02878  -0.0459   0.4222   0.9948
   9.000   1.1395   0.03519   0.02794  -0.0538   0.4171   1.0000
   9.500   0.9913   0.04014   0.03319  -0.0287   0.4085   1.0000
  10.000   0.9848   0.04216   0.03518  -0.0225   0.4016   1.0000
  -2.000   0.1755   0.02118   0.01229  -0.0816   0.5788   0.3770
  -1.500   0.2065   0.02111   0.01230  -0.0773   0.5690   0.3936
  -1.000   0.2621   0.02103   0.01212  -0.0775   0.5606   0.4147
  -0.500   0.2890   0.02117   0.01244  -0.0725   0.5522   0.4354
   0.000   0.3279   0.02113   0.01251  -0.0697   0.5437   0.4601
   0.500   0.3900   0.02129   0.01262  -0.0713   0.5363   0.4917
   1.000   0.4006   0.02151   0.01310  -0.0633   0.5285   0.5197
   1.500   0.4420   0.02155   0.01328  -0.0609   0.5209   0.5546
   2.000   0.5052   0.02189   0.01369  -0.0626   0.5141   0.5937
   2.500   0.5089   0.02240   0.01447  -0.0536   0.5064   0.6252
   3.000   0.5555   0.02267   0.01481  -0.0522   0.4993   0.6612
   3.500   0.6186   0.02309   0.01522  -0.0538   0.4929   0.6972
   4.000   0.6201   0.02410   0.01653  -0.0452   0.4852   0.7283
   4.500   0.6657   0.02450   0.01699  -0.0437   0.4786   0.7628
   5.000   0.7313   0.02489   0.01734  -0.0454   0.4724   0.7981
   5.500   0.7154   0.02651   0.01931  -0.0347   0.4647   0.8349
   6.000   0.7562   0.02708   0.01995  -0.0322   0.4584   0.8722
   6.500   0.8316   0.02747   0.02020  -0.0350   0.4526   0.9061
   7.000   0.8092   0.03045   0.02353  -0.0254   0.4442   0.9485
   7.500   0.9045   0.03108   0.02400  -0.0332   0.4378   0.9673
   8.000   0.9969   0.03262   0.02546  -0.0421   0.4311   0.9785
   8.500   1.0408   0.03578   0.02878  -0.0459   0.4222   0.9948
   9.000   1.1395   0.03519   0.02794  -0.0538   0.4171   1.0000
   9.500   0.9913   0.04014   0.03319  -0.0287   0.4085   1.0000
  10.000   0.9848   0.04216   0.03518  -0.0225   0.4016   1.0000
  -2.000   0.1755   0.02118   0.01229  -0.0816   0.5788   0.3770
  -1.500   0.2065   0.02111   0.01230  -0.0773   0.5690   0.3936
  -1.000   0.2621   0.02103   0.01212  -0.0775   0.5606   0.4147
  -0.500   0.2890   0.02117   0.01244  -0.0725   0.5522   0.4354
   0.000   0.3279   0.02113   0.01251  -0.0697   0.5437   0.4601
   0.500   0.3900   0.02129   0.01262  -0.0713   0.5363   0.4917
   1.000   0.4006   0.02151   0.01310  -0.0633   0.5285   0.5197
   1.500   0.4420   0.02155   0.01328  -0.0609   0.5209   0.5546
   2.000   0.5052   0.02189   0.01369  -0.0626   0.5141   0.5937
   2.500   0.5089   0.02240   0.01447  -0.0536   0.5064   0.6252
   3.000   0.5555   0.02267   0.01481  -0.0522   0.4993   0.6612
   3.500   0.6186   0.02309   0.01522  -0.0538   0.4929   0.6972
   4.000   0.6201   0.02410   0.01653  -0.0452   0.4852   0.7283
   4.500   0.6657   0.02450   0.01699  -0.0437   0.4786   0.7628
   5.000   0.7313   0.02489   0.01734  -0.0454   0.4724   0.7981
   5.500   0.7154   0.02651   0.01931  -0.0347   0.4647   0.8349
   6.000   0.7562   0.02708   0.01995  -0.0322   0.4584   0.8722
   6.500   0.8316   0.02747   0.02020  -0.0350   0.4526   0.9061
   7.000   0.8092   0.03045   0.02353  -0.0254   0.4442   0.9485
   7.500   0.9045   0.03108   0.02400  -0.0332   0.4378   0.9673
   8.000   0.9969   0.03262   0.02546  -0.0421   0.4311   0.9785
   8.500   1.0408   0.03578   0.02878  -0.0459   0.4222   0.9948
   9.000   1.1395   0.03519   0.02794  -0.0538   0.4171   1.0000
   9.500   0.9913   0.04014   0.03319  -0.0287   0.4085   1.0000
  10.000   0.9848   0.04216   0.03518  -0.0225   0.4016   1.0000
