  
       XFOIL         Version 6.99
  
 Calculated polar for: NACA 9508                                       
  
 1 1 Reynolds number fixed          Mach number fixed         
  
 xtrf =   1.000 (top)        1.000 (bottom)  
 Mach =   0.050     Re =     0.200 e 6     Ncrit =   9.000
  
   alpha    CL        CD       CDp       CM     Top_Xtr  Bot_Xtr
  ------ -------- --------- --------- -------- -------- --------
  -2.000   0.7698   0.02259   0.01565  -0.2514   0.8384   0.0643
  -0.500   0.9780   0.01910   0.01178  -0.2603   0.8234   0.1845
   0.500   1.0975   0.01842   0.01142  -0.2623   0.8095   0.3476
   1.000   1.1467   0.01857   0.01186  -0.2615   0.7995   0.4578
   1.500   1.2104   0.01721   0.01116  -0.2627   0.7950   1.0000
   2.000   1.2567   0.01775   0.01160  -0.2611   0.7842   1.0000
   3.000   1.3722   0.01782   0.01158  -0.2621   0.7682   1.0000
   3.500   1.4198   0.01828   0.01212  -0.2608   0.7576   1.0000
   4.000   1.4838   0.01810   0.01196  -0.2624   0.7505   1.0000
   4.500   1.5335   0.01844   0.01246  -0.2614   0.7396   1.0000
   5.000   1.5797   0.01895   0.01313  -0.2598   0.7280   1.0000
   5.500   1.6316   0.01895   0.01333  -0.2589   0.7147   1.0000
   6.000   1.6816   0.01764   0.01203  -0.2560   0.6842   1.0000
   6.500   1.7121   0.01748   0.01196  -0.2500   0.6489   1.0000
   7.000   1.7208   0.01802   0.01250  -0.2399   0.6000   1.0000
   7.500   1.7024   0.02005   0.01411  -0.2254   0.5053   1.0000
   8.000   1.6480   0.02546   0.01851  -0.2073   0.3488   1.0000
   8.500   1.5863   0.03340   0.02530  -0.1916   0.1716   1.0000
   9.000   1.5431   0.04133   0.03247  -0.1803   0.0600   1.0000
   9.500   1.5345   0.04695   0.03821  -0.1735   0.0441   1.0000
  10.000   1.5291   0.05258   0.04408  -0.1677   0.0367   1.0000
