  
       XFOIL         Version 6.99
  
 Calculated polar for: NACA 4418                                       
  
 1 1 Reynolds number fixed          Mach number fixed         
  
 xtrf =   1.000 (top)        1.000 (bottom)  
 Mach =   0.050     Re =     0.200 e 6     Ncrit =   9.000
  
   alpha    CL        CD       CDp       CM     Top_Xtr  Bot_Xtr
  ------ -------- --------- --------- -------- -------- --------
  -2.000   0.2440   0.01417   0.00641  -0.1023   0.7335   0.3378
  -1.500   0.2963   0.01375   0.00613  -0.1014   0.7133   0.3899
  -1.000   0.3467   0.01332   0.00600  -0.1001   0.6933   0.4744
  -0.500   0.3942   0.01293   0.00607  -0.0980   0.6741   0.6147
   0.000   0.4408   0.01275   0.00625  -0.0952   0.6558   0.7457
   0.500   0.4895   0.01284   0.00651  -0.0924   0.6387   0.8509
   1.000   0.5538   0.01319   0.00680  -0.0929   0.6223   0.9259
   1.500   0.6428   0.01363   0.00705  -0.0990   0.6062   0.9684
   2.000   0.7476   0.01403   0.00719  -0.1091   0.5903   0.9925
   2.500   0.8113   0.01425   0.00732  -0.1115   0.5755   1.0000
   3.000   0.8489   0.01458   0.00755  -0.1084   0.5625   1.0000
   3.500   0.8927   0.01497   0.00776  -0.1063   0.5507   1.0000
   4.000   0.9318   0.01534   0.00810  -0.1032   0.5380   1.0000
   4.500   0.9748   0.01582   0.00851  -0.1008   0.5261   1.0000
   5.000   1.0225   0.01627   0.00883  -0.0993   0.5144   1.0000
   5.500   1.0634   0.01677   0.00937  -0.0966   0.5019   1.0000
   6.000   1.1109   0.01732   0.00985  -0.0951   0.4902   1.0000
   6.500   1.1567   0.01780   0.01030  -0.0933   0.4777   1.0000
   7.000   1.1986   0.01838   0.01094  -0.0909   0.4648   1.0000
   7.500   1.2450   0.01896   0.01147  -0.0894   0.4525   1.0000
   8.000   1.2878   0.01947   0.01198  -0.0872   0.4392   1.0000
   8.500   1.3235   0.02009   0.01269  -0.0838   0.4254   1.0000
   9.000   1.3597   0.02072   0.01335  -0.0805   0.4116   1.0000
   9.500   1.3940   0.02132   0.01394  -0.0770   0.3977   1.0000
  10.000   1.4205   0.02198   0.01461  -0.0721   0.3833   1.0000
  -2.000   0.2440   0.01417   0.00641  -0.1023   0.7335   0.3378
  -1.500   0.2963   0.01375   0.00613  -0.1014   0.7133   0.3899
  -1.000   0.3467   0.01332   0.00600  -0.1001   0.6933   0.4744
  -0.500   0.3942   0.01293   0.00607  -0.0980   0.6741   0.6147
   0.000   0.4408   0.01275   0.00625  -0.0952   0.6558   0.7457
   0.500   0.4895   0.01284   0.00651  -0.0924   0.6387   0.8509
   1.000   0.5538   0.01319   0.00680  -0.0929   0.6223   0.9259
   1.500   0.6428   0.01363   0.00705  -0.0990   0.6062   0.9684
   2.000   0.7476   0.01403   0.00719  -0.1091   0.5903   0.9925
   2.500   0.8113   0.01425   0.00732  -0.1115   0.5755   1.0000
   3.000   0.8489   0.01458   0.00755  -0.1084   0.5625   1.0000
   3.500   0.8927   0.01497   0.00776  -0.1063   0.5507   1.0000
   4.000   0.9318   0.01534   0.00810  -0.1032   0.5380   1.0000
   4.500   0.9748   0.01582   0.00851  -0.1008   0.5261   1.0000
   5.000   1.0225   0.01627   0.00883  -0.0993   0.5144   1.0000
   5.500   1.0634   0.01677   0.00937  -0.0966   0.5019   1.0000
   6.000   1.1109   0.01732   0.00985  -0.0951   0.4902   1.0000
   6.500   1.1567   0.01780   0.01030  -0.0933   0.4777   1.0000
   7.000   1.1986   0.01838   0.01094  -0.0909   0.4648   1.0000
   7.500   1.2450   0.01896   0.01147  -0.0894   0.4525   1.0000
   8.000   1.2878   0.01947   0.01198  -0.0872   0.4392   1.0000
   8.500   1.3235   0.02009   0.01269  -0.0838   0.4254   1.0000
   9.000   1.3597   0.02072   0.01335  -0.0805   0.4116   1.0000
   9.500   1.3940   0.02132   0.01394  -0.0770   0.3977   1.0000
  10.000   1.4205   0.02198   0.01461  -0.0721   0.3833   1.0000
  -2.000   0.2440   0.01417   0.00641  -0.1023   0.7335   0.3378
  -1.500   0.2963   0.01375   0.00613  -0.1014   0.7133   0.3899
  -1.000   0.3467   0.01332   0.00600  -0.1001   0.6933   0.4744
  -0.500   0.3942   0.01293   0.00607  -0.0980   0.6741   0.6147
   0.000   0.4408   0.01275   0.00625  -0.0952   0.6558   0.7457
   0.500   0.4895   0.01284   0.00651  -0.0924   0.6387   0.8509
   1.000   0.5538   0.01319   0.00680  -0.0929   0.6223   0.9259
   1.500   0.6428   0.01363   0.00705  -0.0990   0.6062   0.9684
   2.000   0.7476   0.01403   0.00719  -0.1091   0.5903   0.9925
   2.500   0.8113   0.01425   0.00732  -0.1115   0.5755   1.0000
   3.000   0.8489   0.01458   0.00755  -0.1084   0.5625   1.0000
   3.500   0.8927   0.01497   0.00776  -0.1063   0.5507   1.0000
   4.000   0.9318   0.01534   0.00810  -0.1032   0.5380   1.0000
   4.500   0.9748   0.01582   0.00851  -0.1008   0.5261   1.0000
   5.000   1.0225   0.01627   0.00883  -0.0993   0.5144   1.0000
   5.500   1.0634   0.01677   0.00937  -0.0966   0.5019   1.0000
   6.000   1.1109   0.01732   0.00985  -0.0951   0.4902   1.0000
   6.500   1.1567   0.01780   0.01030  -0.0933   0.4777   1.0000
   7.000   1.1986   0.01838   0.01094  -0.0909   0.4648   1.0000
   7.500   1.2450   0.01896   0.01147  -0.0894   0.4525   1.0000
   8.000   1.2878   0.01947   0.01198  -0.0872   0.4392   1.0000
   8.500   1.3235   0.02009   0.01269  -0.0838   0.4254   1.0000
   9.000   1.3597   0.02072   0.01335  -0.0805   0.4116   1.0000
   9.500   1.3940   0.02132   0.01394  -0.0770   0.3977   1.0000
  10.000   1.4205   0.02198   0.01461  -0.0721   0.3833   1.0000
