  
       XFOIL         Version 6.99
  
 Calculated polar for: NACA 6828                                       
  
 1 1 Reynolds number fixed          Mach number fixed         
  
 xtrf =   1.000 (top)        1.000 (bottom)  
 Mach =   0.050     Re =     0.200 e 6     Ncrit =   9.000
  
   alpha    CL        CD       CDp       CM     Top_Xtr  Bot_Xtr
  ------ -------- --------- --------- -------- -------- --------
  -2.000   0.2470   0.02523   0.01807  -0.1627   0.7653   0.3726
  -1.500   0.3514   0.02341   0.01627  -0.1714   0.7591   0.3911
  -1.000   0.4299   0.02278   0.01561  -0.1758   0.7424   0.4083
  -0.500   0.5168   0.02222   0.01490  -0.1819   0.7263   0.4268
   0.000   0.6074   0.02153   0.01420  -0.1883   0.7108   0.4456
   0.500   0.6718   0.02158   0.01420  -0.1902   0.6912   0.4626
   1.000   0.7238   0.02205   0.01460  -0.1899   0.6712   0.4798
   1.500   0.7781   0.02234   0.01495  -0.1898   0.6530   0.4961
   2.000   0.8453   0.02249   0.01498  -0.1922   0.6362   0.5149
   2.500   0.8928   0.02301   0.01550  -0.1908   0.6186   0.5320
   3.000   0.9360   0.02364   0.01618  -0.1888   0.6014   0.5484
   3.500   0.9966   0.02408   0.01648  -0.1900   0.5860   0.5676
   4.000   1.0349   0.02471   0.01721  -0.1868   0.5700   0.5831
   4.500   1.0794   0.02548   0.01797  -0.1852   0.5545   0.6014
   5.000   1.1360   0.02591   0.01831  -0.1852   0.5403   0.6181
   5.500   1.1604   0.02701   0.01955  -0.1801   0.5254   0.6340
   6.000   1.2048   0.02776   0.02029  -0.1781   0.5120   0.6498
   6.500   1.2386   0.02871   0.02126  -0.1745   0.4981   0.6650
   7.000   1.2713   0.02979   0.02239  -0.1705   0.4850   0.6793
   7.500   1.3117   0.03062   0.02316  -0.1681   0.4722   0.6938
   8.000   1.3322   0.03204   0.02472  -0.1623   0.4595   0.7061
   8.500   1.3811   0.03275   0.02526  -0.1614   0.4472   0.7207
   9.000   1.3876   0.03460   0.02734  -0.1536   0.4351   0.7311
   9.500   1.4340   0.03547   0.02806  -0.1526   0.4235   0.7457
  10.000   1.4388   0.03752   0.03032  -0.1450   0.4118   0.7559
