  
       XFOIL         Version 6.99
  
 Calculated polar for: NACA 8712                                       
  
 1 1 Reynolds number fixed          Mach number fixed         
  
 xtrf =   1.000 (top)        1.000 (bottom)  
 Mach =   0.050     Re =     0.200 e 6     Ncrit =   9.000
  
   alpha    CL        CD       CDp       CM     Top_Xtr  Bot_Xtr
  ------ -------- --------- --------- -------- -------- --------
  -2.000   0.3388   0.04595   0.03905  -0.2104   0.9393   0.1583
  -1.500   0.4259   0.04814   0.04134  -0.2177   0.9372   0.2097
  -1.000   0.4633   0.04756   0.04085  -0.2153   0.9173   0.2522
  -0.500   0.5532   0.04727   0.04070  -0.2216   0.8997   0.3197
   0.000   0.6328   0.04694   0.04052  -0.2259   0.8852   0.3831
   1.000   0.7627   0.04662   0.04047  -0.2292   0.8594   0.4947
   1.500   0.8438   0.04647   0.04046  -0.2335   0.8554   0.5507
   2.000   0.8993   0.04605   0.04019  -0.2331   0.8424   0.5926
   2.500   0.9541   0.04560   0.03988  -0.2323   0.8296   0.6292
   3.500   1.0784   0.04396   0.03847  -0.2330   0.8110   0.6935
   4.000   1.1382   0.04276   0.03740  -0.2329   0.8000   0.7213
   4.500   1.1927   0.04154   0.03634  -0.2318   0.7865   0.7471
   5.000   1.2487   0.04014   0.03511  -0.2310   0.7725   0.7730
   5.500   1.3062   0.03850   0.03365  -0.2303   0.7574   0.7992
   6.500   1.4132   0.03476   0.03024  -0.2264   0.7048   0.8523
   7.000   1.5276   0.02830   0.02371  -0.2334   0.6654   0.9090
   7.500   1.5958   0.02675   0.02171  -0.2343   0.5893   1.0000
   8.000   1.6157   0.02874   0.02335  -0.2279   0.5173   1.0000
   8.500   1.6242   0.03153   0.02575  -0.2200   0.4435   1.0000
   9.000   1.6262   0.03495   0.02874  -0.2115   0.3597   1.0000
   9.500   1.6224   0.03909   0.03230  -0.2028   0.2623   1.0000
  10.000   1.6163   0.04378   0.03633  -0.1944   0.1639   1.0000
