  
       XFOIL         Version 6.99
  
 Calculated polar for: NACA 2320                                       
  
 1 1 Reynolds number fixed          Mach number fixed         
  
 xtrf =   1.000 (top)        1.000 (bottom)  
 Mach =   0.050     Re =     0.200 e 6     Ncrit =   9.000
  
   alpha    CL        CD       CDp       CM     Top_Xtr  Bot_Xtr
  ------ -------- --------- --------- -------- -------- --------
  -2.000  -0.0084   0.01298   0.00629  -0.0421   0.7229   0.5953
  -1.500   0.0411   0.01291   0.00624  -0.0401   0.6949   0.6371
  -1.000   0.0921   0.01289   0.00623  -0.0384   0.6678   0.6748
  -0.500   0.1434   0.01295   0.00621  -0.0367   0.6411   0.7117
   0.000   0.1947   0.01309   0.00630  -0.0350   0.6151   0.7470
   0.500   0.2451   0.01327   0.00647  -0.0332   0.5892   0.7816
   1.000   0.2959   0.01355   0.00671  -0.0313   0.5653   0.8158
   1.500   0.3473   0.01394   0.00706  -0.0295   0.5433   0.8497
   2.000   0.4006   0.01449   0.00754  -0.0278   0.5235   0.8829
   2.500   0.4580   0.01504   0.00797  -0.0274   0.5053   0.9088
   3.000   0.5266   0.01567   0.00844  -0.0294   0.4883   0.9283
   3.500   0.6076   0.01629   0.00895  -0.0343   0.4715   0.9421
   4.000   0.6948   0.01685   0.00945  -0.0407   0.4553   0.9534
   4.500   0.7768   0.01738   0.00991  -0.0463   0.4407   0.9669
   5.000   0.8596   0.01790   0.01029  -0.0522   0.4269   0.9798
   5.500   0.9436   0.01828   0.01065  -0.0585   0.4125   0.9919
   6.000   1.0207   0.01867   0.01105  -0.0637   0.3988   1.0000
   6.500   1.0553   0.01909   0.01133  -0.0605   0.3883   1.0000
   7.000   1.0799   0.01942   0.01177  -0.0553   0.3774   1.0000
   7.500   1.1107   0.01995   0.01223  -0.0512   0.3672   1.0000
   8.000   1.1338   0.02036   0.01269  -0.0454   0.3563   1.0000
   8.500   1.1602   0.02095   0.01328  -0.0403   0.3458   1.0000
   9.000   1.1852   0.02143   0.01372  -0.0349   0.3350   1.0000
   9.500   1.2053   0.02206   0.01443  -0.0288   0.3239   1.0000
  10.000   1.2345   0.02270   0.01497  -0.0243   0.3131   1.0000
