  
       XFOIL         Version 6.99
  
 Calculated polar for: NACA 1330                                       
  
 1 1 Reynolds number fixed          Mach number fixed         
  
 xtrf =   1.000 (top)        1.000 (bottom)  
 Mach =   0.050     Re =     0.200 e 6     Ncrit =   9.000
  
   alpha    CL        CD       CDp       CM     Top_Xtr  Bot_Xtr
  ------ -------- --------- --------- -------- -------- --------
  -2.000  -0.1037   0.01847   0.01028  -0.0213   0.6026   0.5087
  -1.500  -0.0590   0.01839   0.01031  -0.0191   0.5854   0.5251
  -1.000  -0.0155   0.01839   0.01031  -0.0167   0.5691   0.5419
  -0.500   0.0300   0.01850   0.01022  -0.0146   0.5542   0.5596
   0.000   0.0730   0.01849   0.01038  -0.0121   0.5388   0.5760
   0.500   0.1196   0.01859   0.01044  -0.0103   0.5250   0.5932
   1.000   0.1614   0.01869   0.01048  -0.0076   0.5115   0.6114
   1.500   0.2083   0.01886   0.01077  -0.0059   0.4985   0.6288
   2.000   0.2567   0.01899   0.01084  -0.0045   0.4865   0.6472
   2.500   0.2947   0.01924   0.01112  -0.0013   0.4748   0.6667
   3.000   0.3462   0.01946   0.01137  -0.0004   0.4639   0.6861
   3.500   0.3867   0.01978   0.01183   0.0023   0.4532   0.7060
   4.000   0.4317   0.02002   0.01205   0.0043   0.4431   0.7272
   4.500   0.4721   0.02046   0.01253   0.0069   0.4336   0.7490
   5.000   0.5137   0.02080   0.01299   0.0096   0.4238   0.7699
   5.500   0.5630   0.02136   0.01357   0.0106   0.4149   0.7908
   6.000   0.5878   0.02177   0.01414   0.0162   0.4059   0.8137
   6.500   0.6515   0.02242   0.01462   0.0147   0.3970   0.8355
   7.000   0.6615   0.02314   0.01561   0.0225   0.3889   0.8606
   7.500   0.7028   0.02379   0.01623   0.0250   0.3806   0.8839
   8.000   0.7443   0.02496   0.01748   0.0270   0.3723   0.9037
   8.500   0.7896   0.02607   0.01863   0.0279   0.3635   0.9218
   9.000   0.8541   0.02723   0.01971   0.0254   0.3551   0.9369
   9.500   0.8982   0.02872   0.02131   0.0251   0.3462   0.9541
  10.000   0.9907   0.02993   0.02238   0.0168   0.3372   0.9591
