  
       XFOIL         Version 6.99
  
 Calculated polar for: NACA 7624                                       
  
 1 1 Reynolds number fixed          Mach number fixed         
  
 xtrf =   1.000 (top)        1.000 (bottom)  
 Mach =   0.050     Re =     0.200 e 6     Ncrit =   9.000
  
   alpha    CL        CD       CDp       CM     Top_Xtr  Bot_Xtr
  ------ -------- --------- --------- -------- -------- --------
  -1.000   0.4055   0.03240   0.02487  -0.1629   0.7217   0.3248
  -0.500   0.4870   0.03066   0.02318  -0.1665   0.7206   0.3485
   0.000   0.5726   0.02877   0.02135  -0.1707   0.7197   0.3740
   1.500   0.7890   0.02538   0.01811  -0.1779   0.7011   0.4512
   2.500   0.9158   0.02416   0.01696  -0.1801   0.6810   0.5045
   3.000   0.9594   0.02438   0.01722  -0.1781   0.6661   0.5294
   4.000   1.0657   0.02438   0.01726  -0.1773   0.6391   0.5823
   4.500   1.1387   0.02371   0.01653  -0.1800   0.6273   0.6108
   5.000   1.1757   0.02443   0.01728  -0.1771   0.6110   0.6356
   5.500   1.2209   0.02493   0.01780  -0.1757   0.5959   0.6617
   6.000   1.2768   0.02508   0.01793  -0.1759   0.5822   0.6905
   6.500   1.3357   0.02519   0.01797  -0.1766   0.5685   0.7222
   7.000   1.3560   0.02654   0.01948  -0.1715   0.5528   0.7526
   7.500   1.3904   0.02744   0.02050  -0.1685   0.5387   0.7949
   8.000   1.4380   0.02704   0.02021  -0.1668   0.5264   1.0000
   8.500   1.4547   0.02898   0.02215  -0.1620   0.5116   1.0000
   9.000   1.4839   0.03056   0.02368  -0.1591   0.4978   1.0000
   9.500   1.5340   0.03123   0.02417  -0.1589   0.4854   1.0000
  10.000   1.5475   0.03339   0.02637  -0.1538   0.4715   1.0000
