  
       XFOIL         Version 6.99
  
 Calculated polar for: NACA 4216                                       
  
 1 1 Reynolds number fixed          Mach number fixed         
  
 xtrf =   1.000 (top)        1.000 (bottom)  
 Mach =   0.050     Re =     0.200 e 6     Ncrit =   9.000
  
   alpha    CL        CD       CDp       CM     Top_Xtr  Bot_Xtr
  ------ -------- --------- --------- -------- -------- --------
  -2.000   0.2165   0.01595   0.00752  -0.0724   0.7088   0.1068
  -1.500   0.2668   0.01524   0.00673  -0.0708   0.6746   0.1199
  -1.000   0.3145   0.01451   0.00596  -0.0690   0.6382   0.1377
  -0.500   0.3619   0.01406   0.00539  -0.0670   0.5987   0.1659
   0.000   0.3902   0.01192   0.00513  -0.0618   0.5598   0.6924
   1.000   0.5326   0.01308   0.00601  -0.0645   0.4480   0.9735
   1.500   0.6483   0.01403   0.00634  -0.0771   0.3968   0.9999
   2.000   0.6828   0.01446   0.00650  -0.0737   0.3754   1.0000
   2.500   0.7190   0.01498   0.00675  -0.0703   0.3604   1.0000
   3.000   0.7575   0.01554   0.00707  -0.0674   0.3486   1.0000
   3.500   0.7990   0.01607   0.00750  -0.0648   0.3397   1.0000
   4.000   0.8426   0.01670   0.00796  -0.0627   0.3324   1.0000
   4.500   0.8883   0.01742   0.00858  -0.0610   0.3263   1.0000
   5.000   0.9338   0.01804   0.00917  -0.0593   0.3200   1.0000
   5.500   0.9824   0.01881   0.00982  -0.0582   0.3150   1.0000
   6.000   1.0337   0.01981   0.01076  -0.0578   0.3106   1.0000
   6.500   1.0807   0.02058   0.01163  -0.0566   0.3063   1.0000
   7.000   1.1291   0.02142   0.01250  -0.0556   0.3016   1.0000
   7.500   1.1805   0.02242   0.01346  -0.0554   0.2978   1.0000
   8.000   1.2334   0.02386   0.01489  -0.0556   0.2941   1.0000
   8.500   1.2763   0.02484   0.01608  -0.0539   0.2904   1.0000
   9.000   1.3207   0.02601   0.01743  -0.0527   0.2866   1.0000
   9.500   1.3671   0.02722   0.01873  -0.0519   0.2829   1.0000
  10.000   1.4188   0.02865   0.02014  -0.0521   0.2790   1.0000
  -2.000   0.2165   0.01595   0.00752  -0.0724   0.7088   0.1068
  -1.500   0.2668   0.01524   0.00673  -0.0708   0.6746   0.1199
  -1.000   0.3145   0.01451   0.00596  -0.0690   0.6382   0.1377
  -0.500   0.3619   0.01406   0.00539  -0.0670   0.5987   0.1659
   0.000   0.3902   0.01192   0.00513  -0.0618   0.5598   0.6924
   1.000   0.5326   0.01308   0.00601  -0.0645   0.4480   0.9735
   1.500   0.6483   0.01403   0.00634  -0.0771   0.3968   0.9999
   2.000   0.6828   0.01446   0.00650  -0.0737   0.3754   1.0000
   2.500   0.7190   0.01498   0.00675  -0.0703   0.3604   1.0000
   3.000   0.7575   0.01554   0.00707  -0.0674   0.3486   1.0000
   3.500   0.7990   0.01607   0.00750  -0.0648   0.3397   1.0000
   4.000   0.8426   0.01670   0.00796  -0.0627   0.3324   1.0000
   4.500   0.8883   0.01742   0.00858  -0.0610   0.3263   1.0000
   5.000   0.9338   0.01804   0.00917  -0.0593   0.3200   1.0000
   5.500   0.9824   0.01881   0.00982  -0.0582   0.3150   1.0000
   6.000   1.0337   0.01981   0.01076  -0.0578   0.3106   1.0000
   6.500   1.0807   0.02058   0.01163  -0.0566   0.3063   1.0000
   7.000   1.1291   0.02142   0.01250  -0.0556   0.3016   1.0000
   7.500   1.1805   0.02242   0.01346  -0.0554   0.2978   1.0000
   8.000   1.2334   0.02386   0.01489  -0.0556   0.2941   1.0000
   8.500   1.2763   0.02484   0.01608  -0.0539   0.2904   1.0000
   9.000   1.3207   0.02601   0.01743  -0.0527   0.2866   1.0000
   9.500   1.3671   0.02722   0.01873  -0.0519   0.2829   1.0000
  10.000   1.4188   0.02865   0.02014  -0.0521   0.2790   1.0000
  -2.000   0.2165   0.01595   0.00752  -0.0724   0.7088   0.1068
  -1.500   0.2668   0.01524   0.00673  -0.0708   0.6746   0.1199
  -1.000   0.3145   0.01451   0.00596  -0.0690   0.6382   0.1377
  -0.500   0.3619   0.01406   0.00539  -0.0670   0.5987   0.1659
   0.000   0.3902   0.01192   0.00513  -0.0618   0.5598   0.6924
   1.000   0.5326   0.01308   0.00601  -0.0645   0.4480   0.9735
   1.500   0.6483   0.01403   0.00634  -0.0771   0.3968   0.9999
   2.000   0.6828   0.01446   0.00650  -0.0737   0.3754   1.0000
   2.500   0.7190   0.01498   0.00675  -0.0703   0.3604   1.0000
   3.000   0.7575   0.01554   0.00707  -0.0674   0.3486   1.0000
   3.500   0.7990   0.01607   0.00750  -0.0648   0.3397   1.0000
   4.000   0.8426   0.01670   0.00796  -0.0627   0.3324   1.0000
   4.500   0.8883   0.01742   0.00858  -0.0610   0.3263   1.0000
   5.000   0.9338   0.01804   0.00917  -0.0593   0.3200   1.0000
   5.500   0.9824   0.01881   0.00982  -0.0582   0.3150   1.0000
   6.000   1.0337   0.01981   0.01076  -0.0578   0.3106   1.0000
   6.500   1.0807   0.02058   0.01163  -0.0566   0.3063   1.0000
   7.000   1.1291   0.02142   0.01250  -0.0556   0.3016   1.0000
   7.500   1.1805   0.02242   0.01346  -0.0554   0.2978   1.0000
   8.000   1.2334   0.02386   0.01489  -0.0556   0.2941   1.0000
   8.500   1.2763   0.02484   0.01608  -0.0539   0.2904   1.0000
   9.000   1.3207   0.02601   0.01743  -0.0527   0.2866   1.0000
   9.500   1.3671   0.02722   0.01873  -0.0519   0.2829   1.0000
  10.000   1.4188   0.02865   0.02014  -0.0521   0.2790   1.0000
