  
       XFOIL         Version 6.99
  
 Calculated polar for: NACA 9520                                       
  
 1 1 Reynolds number fixed          Mach number fixed         
  
 xtrf =   1.000 (top)        1.000 (bottom)  
 Mach =   0.050     Re =     0.200 e 6     Ncrit =   9.000
  
   alpha    CL        CD       CDp       CM     Top_Xtr  Bot_Xtr
  ------ -------- --------- --------- -------- -------- --------
  -2.000   0.6871   0.02395   0.01600  -0.2228   0.7266   0.1845
  -1.500   0.7873   0.02263   0.01464  -0.2312   0.7239   0.2079
  -1.000   0.7899   0.02396   0.01600  -0.2220   0.7106   0.2204
  -0.500   0.8770   0.02284   0.01490  -0.2279   0.7067   0.2475
   0.000   0.9838   0.02189   0.01382  -0.2376   0.7034   0.2826
   0.500   0.9715   0.02334   0.01547  -0.2255   0.6897   0.2971
   1.000   1.0704   0.02225   0.01432  -0.2335   0.6858   0.3372
   1.500   1.0690   0.02391   0.01613  -0.2238   0.6730   0.3585
   2.000   1.1565   0.02296   0.01517  -0.2296   0.6682   0.4044
   2.500   1.1688   0.02445   0.01685  -0.2226   0.6567   0.4351
   3.000   1.2422   0.02386   0.01632  -0.2259   0.6506   0.4912
   3.500   1.2772   0.02465   0.01731  -0.2229   0.6413   0.5465
   4.000   1.3252   0.02474   0.01770  -0.2219   0.6328   0.6450
   4.500   1.4147   0.02322   0.01639  -0.2275   0.6282   1.0000
   5.000   1.3932   0.02576   0.01905  -0.2150   0.6148   1.0000
   5.500   1.4913   0.02477   0.01777  -0.2225   0.6099   1.0000
   6.000   1.4682   0.02767   0.02082  -0.2103   0.5965   1.0000
   6.500   1.5637   0.02655   0.01947  -0.2171   0.5914   1.0000
   7.000   1.5378   0.02986   0.02295  -0.2050   0.5780   1.0000
   7.500   1.6324   0.02857   0.02145  -0.2114   0.5728   1.0000
   8.000   1.6020   0.03236   0.02545  -0.1992   0.5592   1.0000
   8.500   1.6981   0.03082   0.02371  -0.2056   0.5540   1.0000
   9.000   1.6618   0.03518   0.02829  -0.1932   0.5401   1.0000
   9.500   1.7617   0.03326   0.02618  -0.1999   0.5350   1.0000
  10.000   1.7182   0.03824   0.03141  -0.1872   0.5208   1.0000
