  
       XFOIL         Version 6.99
  
 Calculated polar for: NACA 1220                                       
  
 1 1 Reynolds number fixed          Mach number fixed         
  
 xtrf =   1.000 (top)        1.000 (bottom)  
 Mach =   0.050     Re =     0.200 e 6     Ncrit =   9.000
  
   alpha    CL        CD       CDp       CM     Top_Xtr  Bot_Xtr
  ------ -------- --------- --------- -------- -------- --------
  -2.000  -0.1165   0.01322   0.00655  -0.0190   0.7579   0.5998
  -1.500  -0.0649   0.01305   0.00643  -0.0173   0.7287   0.6303
  -1.000  -0.0134   0.01300   0.00633  -0.0156   0.7006   0.6639
  -0.500   0.0389   0.01296   0.00625  -0.0141   0.6726   0.6929
   0.000   0.0909   0.01296   0.00628  -0.0127   0.6433   0.7210
   0.500   0.1427   0.01305   0.00632  -0.0111   0.6152   0.7507
   1.000   0.1941   0.01322   0.00638  -0.0095   0.5883   0.7810
   1.500   0.2460   0.01343   0.00663  -0.0080   0.5592   0.8085
   2.000   0.2978   0.01376   0.00690  -0.0063   0.5312   0.8361
   2.500   0.3494   0.01420   0.00721  -0.0047   0.5041   0.8629
   3.000   0.3998   0.01468   0.00760  -0.0029   0.4775   0.8889
   3.500   0.4576   0.01528   0.00812  -0.0026   0.4507   0.9097
   4.000   0.5210   0.01597   0.00867  -0.0036   0.4257   0.9281
   4.500   0.6051   0.01681   0.00932  -0.0092   0.4011   0.9378
   5.000   0.6843   0.01756   0.00990  -0.0140   0.3796   0.9505
   5.500   0.7609   0.01823   0.01048  -0.0185   0.3608   0.9642
   6.000   0.8421   0.01885   0.01106  -0.0241   0.3435   0.9759
   6.500   0.9252   0.01944   0.01163  -0.0303   0.3275   0.9863
   7.000   1.0064   0.02006   0.01221  -0.0362   0.3129   0.9966
   7.500   1.0559   0.02066   0.01269  -0.0361   0.3012   1.0000
   8.000   1.0782   0.02106   0.01319  -0.0307   0.2912   1.0000
   8.500   1.1037   0.02171   0.01378  -0.0258   0.2818   1.0000
   9.000   1.1212   0.02221   0.01435  -0.0194   0.2724   1.0000
   9.500   1.1421   0.02294   0.01505  -0.0136   0.2634   1.0000
  10.000   1.1558   0.02352   0.01568  -0.0064   0.2543   1.0000
