  
       XFOIL         Version 6.99
  
 Calculated polar for: NACA 4440                                       
  
 1 1 Reynolds number fixed          Mach number fixed         
  
 xtrf =   1.000 (top)        1.000 (bottom)  
 Mach =   0.050     Re =     0.200 e 6     Ncrit =   9.000
  
   alpha    CL        CD       CDp       CM     Top_Xtr  Bot_Xtr
  ------ -------- --------- --------- -------- -------- --------
  -2.000   0.0035   0.02745   0.01835  -0.0465   0.5369   0.3761
  -1.500   0.0330   0.02742   0.01834  -0.0428   0.5304   0.3868
  -1.000   0.1110   0.02711   0.01790  -0.0475   0.5245   0.4011
  -0.500   0.0704   0.02814   0.01918  -0.0323   0.5175   0.4092
   0.000   0.0855   0.02862   0.01963  -0.0266   0.5108   0.4213
   0.500   0.1523   0.02826   0.01930  -0.0291   0.5057   0.4383
   1.000   0.1599   0.02926   0.02043  -0.0228   0.4992   0.4520
   1.500   0.1357   0.03110   0.02248  -0.0123   0.4914   0.4648
   2.000   0.1955   0.03085   0.02226  -0.0136   0.4865   0.4853
   2.500   0.2829   0.03041   0.02175  -0.0191   0.4819   0.5103
   3.000   0.1361   0.03716   0.02900   0.0051   0.4695   0.5152
   3.500   0.2160   0.03602   0.02787   0.0016   0.4662   0.5429
   4.000   0.3237   0.03428   0.02605  -0.0054   0.4633   0.5742
   4.500   0.0919   0.04961   0.04192   0.0213   0.4424   0.5712
   5.000   0.2012   0.04593   0.03826   0.0161   0.4426   0.6051
  -2.000   0.0035   0.02745   0.01835  -0.0465   0.5369   0.3761
  -1.500   0.0330   0.02742   0.01834  -0.0428   0.5304   0.3868
  -1.000   0.1110   0.02711   0.01790  -0.0475   0.5245   0.4011
  -0.500   0.0704   0.02814   0.01918  -0.0323   0.5175   0.4092
   0.000   0.0855   0.02862   0.01963  -0.0266   0.5108   0.4213
   0.500   0.1523   0.02826   0.01930  -0.0291   0.5057   0.4383
   1.000   0.1599   0.02926   0.02043  -0.0228   0.4992   0.4520
   1.500   0.1357   0.03110   0.02248  -0.0123   0.4914   0.4648
   2.000   0.1955   0.03085   0.02226  -0.0136   0.4865   0.4853
   2.500   0.2829   0.03041   0.02175  -0.0191   0.4819   0.5103
   3.000   0.1361   0.03716   0.02900   0.0051   0.4695   0.5152
   3.500   0.2160   0.03602   0.02787   0.0016   0.4662   0.5429
   4.000   0.3237   0.03428   0.02605  -0.0054   0.4633   0.5742
   4.500   0.0919   0.04961   0.04192   0.0213   0.4424   0.5712
   5.000   0.2012   0.04593   0.03826   0.0161   0.4426   0.6051
  -2.000   0.0035   0.02745   0.01835  -0.0465   0.5369   0.3761
  -1.500   0.0330   0.02742   0.01834  -0.0428   0.5304   0.3868
  -1.000   0.1110   0.02711   0.01790  -0.0475   0.5245   0.4011
  -0.500   0.0704   0.02814   0.01918  -0.0323   0.5175   0.4092
   0.000   0.0855   0.02862   0.01963  -0.0266   0.5108   0.4213
   0.500   0.1523   0.02826   0.01930  -0.0291   0.5057   0.4383
   1.000   0.1599   0.02926   0.02043  -0.0228   0.4992   0.4520
   1.500   0.1357   0.03110   0.02248  -0.0123   0.4914   0.4648
   2.000   0.1955   0.03085   0.02226  -0.0136   0.4865   0.4853
   2.500   0.2829   0.03041   0.02175  -0.0191   0.4819   0.5103
   3.000   0.1361   0.03716   0.02900   0.0051   0.4695   0.5152
   3.500   0.2160   0.03602   0.02787   0.0016   0.4662   0.5429
   4.000   0.3237   0.03428   0.02605  -0.0054   0.4633   0.5742
   4.500   0.0919   0.04961   0.04192   0.0213   0.4424   0.5712
   5.000   0.2012   0.04593   0.03826   0.0161   0.4426   0.6051
