  
       XFOIL         Version 6.99
  
 Calculated polar for: NACA 5536                                       
  
 1 1 Reynolds number fixed          Mach number fixed         
  
 xtrf =   1.000 (top)        1.000 (bottom)  
 Mach =   0.050     Re =     0.200 e 6     Ncrit =   9.000
  
   alpha    CL        CD       CDp       CM     Top_Xtr  Bot_Xtr
  ------ -------- --------- --------- -------- -------- --------
  -2.000   0.0910   0.02619   0.01758  -0.0812   0.6092   0.3521
  -1.500   0.1489   0.02573   0.01711  -0.0820   0.6012   0.3631
  -1.000   0.2055   0.02573   0.01703  -0.0828   0.5937   0.3752
  -0.500   0.2079   0.02647   0.01786  -0.0747   0.5829   0.3841
   0.000   0.2958   0.02578   0.01707  -0.0804   0.5768   0.3989
   0.500   0.2788   0.02732   0.01872  -0.0698   0.5657   0.4074
   1.000   0.3447   0.02694   0.01836  -0.0719   0.5586   0.4220
   1.500   0.3878   0.02737   0.01875  -0.0708   0.5509   0.4357
   2.000   0.3964   0.02856   0.02010  -0.0646   0.5408   0.4476
   2.500   0.4886   0.02763   0.01903  -0.0707   0.5355   0.4664
   3.000   0.4534   0.03048   0.02214  -0.0589   0.5238   0.4763
   3.500   0.5270   0.02989   0.02145  -0.0621   0.5178   0.4956
   4.000   0.5466   0.03140   0.02311  -0.0583   0.5095   0.5118
   4.500   0.5615   0.03298   0.02475  -0.0541   0.5002   0.5282
   5.000   0.6595   0.03159   0.02327  -0.0603   0.4960   0.5539
   5.500   0.5885   0.03712   0.02915  -0.0465   0.4824   0.5650
   6.000   0.6801   0.03552   0.02746  -0.0514   0.4784   0.5935
   7.000   0.6900   0.04088   0.03324  -0.0427   0.4605   0.6420
   7.500   0.7968   0.03828   0.03063  -0.0488   0.4578   0.6851
   8.000   0.6138   0.05383   0.04674  -0.0290   0.4355   0.6907
   8.500   0.7364   0.04853   0.04151  -0.0345   0.4365   0.7557
   9.500   0.7806   0.05269   0.04630  -0.0290   0.4219   0.9502
