  
       XFOIL         Version 6.99
  
 Calculated polar for: NACA 8632                                       
  
 1 1 Reynolds number fixed          Mach number fixed         
  
 xtrf =   1.000 (top)        1.000 (bottom)  
 Mach =   0.050     Re =     0.200 e 6     Ncrit =   9.000
  
   alpha    CL        CD       CDp       CM     Top_Xtr  Bot_Xtr
  ------ -------- --------- --------- -------- -------- --------
  -2.000   0.1235   0.04268   0.03488  -0.1400   0.6511   0.2809
  -1.500   0.2037   0.04071   0.03296  -0.1436   0.6502   0.2929
  -1.000   0.2885   0.03875   0.03087  -0.1480   0.6494   0.3068
  -0.500   0.3771   0.03669   0.02887  -0.1528   0.6487   0.3212
   1.000   0.5638   0.03520   0.02739  -0.1577   0.6278   0.3624
   2.000   0.6194   0.03835   0.03060  -0.1523   0.6025   0.3873
   2.500   0.6986   0.03710   0.02923  -0.1560   0.5974   0.4049
   3.000   0.7967   0.03488   0.02703  -0.1623   0.5944   0.4257
   4.000   0.8941   0.03603   0.02818  -0.1622   0.5755   0.4595
   4.500   1.0026   0.03387   0.02591  -0.1702   0.5715   0.4826
   5.000   0.9781   0.03802   0.03019  -0.1605   0.5561   0.4941
   5.500   1.0804   0.03604   0.02812  -0.1675   0.5518   0.5181
   6.000   1.0482   0.04090   0.03312  -0.1572   0.5367   0.5293
   6.500   1.1444   0.03899   0.03114  -0.1631   0.5323   0.5540
   7.500   1.1977   0.04270   0.03494  -0.1578   0.5130   0.5902
   8.000   1.1510   0.04932   0.04184  -0.1472   0.4982   0.6005
   8.500   1.2405   0.04726   0.03964  -0.1519   0.4939   0.6261
   9.500   0.8377   0.09479   0.08816  -0.1133   0.4230   0.6093
  10.000   0.8946   0.09400   0.08739  -0.1139   0.4204   0.6327
