  
       XFOIL         Version 6.99
  
 Calculated polar for: NACA 7718                                       
  
 1 1 Reynolds number fixed          Mach number fixed         
  
 xtrf =   1.000 (top)        1.000 (bottom)  
 Mach =   0.050     Re =     0.200 e 6     Ncrit =   9.000
  
   alpha    CL        CD       CDp       CM     Top_Xtr  Bot_Xtr
  ------ -------- --------- --------- -------- -------- --------
  -2.000   0.3120   0.03858   0.03154  -0.1897   0.8428   0.2889
  -1.500   0.3899   0.03823   0.03130  -0.1938   0.8371   0.3214
  -1.000   0.4539   0.03779   0.03090  -0.1954   0.8262   0.3536
  -0.500   0.5356   0.03707   0.03032  -0.1998   0.8229   0.3892
   0.000   0.5915   0.03657   0.02987  -0.1997   0.8097   0.4215
   1.000   0.7258   0.03489   0.02842  -0.2029   0.7930   0.4899
   1.500   0.7783   0.03432   0.02800  -0.2019   0.7789   0.5204
   2.000   0.8566   0.03275   0.02655  -0.2048   0.7759   0.5557
   2.500   0.9076   0.03208   0.02598  -0.2033   0.7610   0.5857
   3.000   0.9584   0.03133   0.02537  -0.2016   0.7463   0.6125
   3.500   1.0113   0.03046   0.02461  -0.2000   0.7320   0.6381
   4.000   1.0743   0.02912   0.02334  -0.2000   0.7193   0.6634
   4.500   1.1581   0.02676   0.02097  -0.2033   0.7095   0.6902
   5.000   1.2468   0.02455   0.01869  -0.2078   0.6922   0.7157
   5.500   1.3235   0.02342   0.01743  -0.2107   0.6656   0.7382
   6.000   1.3907   0.02307   0.01691  -0.2123   0.6365   0.7604
   6.500   1.4344   0.02371   0.01747  -0.2101   0.6070   0.7812
   7.000   1.4718   0.02457   0.01824  -0.2069   0.5785   0.8016
   7.500   1.5090   0.02541   0.01899  -0.2037   0.5516   0.8218
   8.000   1.5326   0.02670   0.02033  -0.1983   0.5243   0.8427
   8.500   1.5590   0.02793   0.02152  -0.1935   0.4978   0.8666
   9.500   1.6027   0.03062   0.02422  -0.1829   0.4464   1.0000
  10.000   1.6268   0.03263   0.02618  -0.1787   0.4196   1.0000
