  
       XFOIL         Version 6.99
  
 Calculated polar for: NACA 7508                                       
  
 1 1 Reynolds number fixed          Mach number fixed         
  
 xtrf =   1.000 (top)        1.000 (bottom)  
 Mach =   0.050     Re =     0.200 e 6     Ncrit =   9.000
  
   alpha    CL        CD       CDp       CM     Top_Xtr  Bot_Xtr
  ------ -------- --------- --------- -------- -------- --------
  -2.000   0.5860   0.01814   0.01076  -0.2060   0.8766   0.0962
  -1.500   0.6434   0.01754   0.01026  -0.2066   0.8671   0.1434
  -1.000   0.7148   0.01656   0.00945  -0.2096   0.8628   0.2310
  -0.500   0.7699   0.01630   0.00943  -0.2097   0.8526   0.3302
   0.000   0.8386   0.01538   0.00889  -0.2120   0.8479   0.4777
   0.500   0.8838   0.01450   0.00888  -0.2094   0.8367   1.0000
   1.000   0.9408   0.01455   0.00874  -0.2095   0.8268   1.0000
   1.500   1.0058   0.01422   0.00827  -0.2110   0.8198   1.0000
   2.000   1.0590   0.01439   0.00840  -0.2104   0.8078   1.0000
   2.500   1.1134   0.01452   0.00853  -0.2100   0.7961   1.0000
   3.000   1.1691   0.01460   0.00863  -0.2098   0.7844   1.0000
   3.500   1.2256   0.01466   0.00876  -0.2097   0.7725   1.0000
   4.000   1.2815   0.01474   0.00893  -0.2095   0.7597   1.0000
   4.500   1.3352   0.01491   0.00925  -0.2090   0.7453   1.0000
   5.000   1.3882   0.01464   0.00907  -0.2075   0.7225   1.0000
   5.500   1.4319   0.01412   0.00855  -0.2035   0.6788   1.0000
   6.000   1.4659   0.01430   0.00865  -0.1982   0.6188   1.0000
   6.500   1.4869   0.01529   0.00936  -0.1907   0.5253   1.0000
   7.000   1.4581   0.01860   0.01149  -0.1748   0.3354   1.0000
   7.500   1.4092   0.02477   0.01606  -0.1589   0.0994   1.0000
   8.000   1.4032   0.02906   0.02012  -0.1501   0.0536   1.0000
   8.500   1.4070   0.03285   0.02404  -0.1433   0.0429   1.0000
   9.000   1.4034   0.03759   0.02886  -0.1360   0.0372   1.0000
   9.500   1.4212   0.04072   0.03224  -0.1314   0.0324   1.0000
  10.000   1.4417   0.04431   0.03587  -0.1267   0.0291   1.0000
