  
       XFOIL         Version 6.99
  
 Calculated polar for: NACA 5532                                       
  
 1 1 Reynolds number fixed          Mach number fixed         
  
 xtrf =   1.000 (top)        1.000 (bottom)  
 Mach =   0.050     Re =     0.200 e 6     Ncrit =   9.000
  
   alpha    CL        CD       CDp       CM     Top_Xtr  Bot_Xtr
  ------ -------- --------- --------- -------- -------- --------
  -2.000   0.2150   0.02264   0.01423  -0.1054   0.6403   0.3524
  -1.500   0.2903   0.02241   0.01384  -0.1093   0.6322   0.3679
  -1.000   0.2912   0.02264   0.01424  -0.0996   0.6206   0.3781
  -0.500   0.3825   0.02219   0.01364  -0.1064   0.6131   0.3962
   0.000   0.3752   0.02288   0.01450  -0.0955   0.6014   0.4070
   0.500   0.4496   0.02245   0.01398  -0.0990   0.5935   0.4252
   1.000   0.4644   0.02329   0.01491  -0.0925   0.5828   0.4396
   1.500   0.5243   0.02311   0.01474  -0.0935   0.5743   0.4582
   2.000   0.5588   0.02374   0.01535  -0.0906   0.5649   0.4758
   2.500   0.5988   0.02403   0.01576  -0.0885   0.5555   0.4955
   3.000   0.6626   0.02403   0.01575  -0.0903   0.5477   0.5183
   3.500   0.6729   0.02521   0.01700  -0.0838   0.5372   0.5372
   4.000   0.7561   0.02469   0.01645  -0.0885   0.5302   0.5666
   4.500   0.7459   0.02645   0.01852  -0.0792   0.5194   0.5876
   5.000   0.8138   0.02619   0.01824  -0.0815   0.5121   0.6203
   5.500   0.8207   0.02788   0.02014  -0.0753   0.5023   0.6497
   6.000   0.8683   0.02814   0.02053  -0.0747   0.4943   0.6900
   6.500   0.9028   0.02900   0.02159  -0.0723   0.4862   0.7382
   7.000   0.9119   0.03051   0.02344  -0.0663   0.4768   0.7999
   7.500   0.9911   0.02954   0.02253  -0.0682   0.4711   0.9155
   8.000   0.9743   0.03346   0.02672  -0.0623   0.4594   1.0000
   8.500   1.0559   0.03267   0.02561  -0.0666   0.4535   1.0000
   9.000   1.0130   0.03743   0.03056  -0.0567   0.4422   1.0000
   9.500   1.0836   0.03690   0.02980  -0.0593   0.4362   1.0000
  10.000   1.0430   0.04259   0.03568  -0.0511   0.4249   1.0000
