  
       XFOIL         Version 6.99
  
 Calculated polar for: NACA 5328                                       
  
 1 1 Reynolds number fixed          Mach number fixed         
  
 xtrf =   1.000 (top)        1.000 (bottom)  
 Mach =   0.050     Re =     0.200 e 6     Ncrit =   9.000
  
   alpha    CL        CD       CDp       CM     Top_Xtr  Bot_Xtr
  ------ -------- --------- --------- -------- -------- --------
  -2.000   0.2509   0.01908   0.00990  -0.0832   0.5284   0.2828
  -1.500   0.2864   0.01869   0.00965  -0.0797   0.5144   0.3228
  -1.000   0.3116   0.01806   0.00964  -0.0744   0.5016   0.4598
  -0.500   0.3475   0.01811   0.01000  -0.0706   0.4903   0.5666
   0.000   0.3912   0.01836   0.01028  -0.0682   0.4802   0.6235
   0.500   0.4351   0.01873   0.01074  -0.0658   0.4709   0.6653
   1.000   0.4764   0.01904   0.01109  -0.0630   0.4624   0.7027
   1.500   0.5363   0.01962   0.01156  -0.0638   0.4552   0.7417
   2.000   0.5686   0.02002   0.01216  -0.0594   0.4487   0.7757
   2.500   0.6127   0.02048   0.01268  -0.0571   0.4422   0.8110
   3.000   0.6806   0.02128   0.01334  -0.0592   0.4363   0.8471
   3.500   0.7047   0.02196   0.01421  -0.0533   0.4316   0.8861
   4.000   0.7517   0.02292   0.01523  -0.0517   0.4261   0.9202
   4.500   0.8337   0.02401   0.01617  -0.0568   0.4206   0.9477
   5.000   0.9377   0.02547   0.01745  -0.0670   0.4155   0.9605
   5.500   1.0048   0.02672   0.01881  -0.0713   0.4102   0.9774
   6.000   1.0887   0.02780   0.01984  -0.0785   0.4049   0.9907
   6.500   1.1921   0.02866   0.02051  -0.0890   0.4004   0.9980
   7.000   1.2087   0.02950   0.02132  -0.0841   0.3967   1.0000
   7.500   1.1518   0.03023   0.02221  -0.0662   0.3936   1.0000
   8.000   1.1314   0.03163   0.02372  -0.0552   0.3898   1.0000
   8.500   1.1429   0.03299   0.02509  -0.0498   0.3858   1.0000
   9.000   1.1955   0.03365   0.02560  -0.0502   0.3820   1.0000
   9.500   1.2235   0.03558   0.02754  -0.0479   0.3783   1.0000
  10.000   1.1404   0.04145   0.03386  -0.0336   0.3730   1.0000
