  
       XFOIL         Version 6.99
  
 Calculated polar for: NACA 1218                                       
  
 1 1 Reynolds number fixed          Mach number fixed         
  
 xtrf =   1.000 (top)        1.000 (bottom)  
 Mach =   0.050     Re =     0.200 e 6     Ncrit =   9.000
  
   alpha    CL        CD       CDp       CM     Top_Xtr  Bot_Xtr
  ------ -------- --------- --------- -------- -------- --------
  -2.000  -0.1168   0.01233   0.00610  -0.0199   0.8039   0.6259
  -1.500  -0.0636   0.01213   0.00584  -0.0183   0.7753   0.6635
  -1.000  -0.0130   0.01203   0.00582  -0.0162   0.7429   0.7025
  -0.500   0.0404   0.01199   0.00573  -0.0146   0.7128   0.7368
   0.000   0.0914   0.01201   0.00573  -0.0128   0.6801   0.7708
   0.500   0.1454   0.01216   0.00581  -0.0114   0.6496   0.8013
   1.000   0.1959   0.01234   0.00594  -0.0094   0.6160   0.8340
   1.500   0.2508   0.01270   0.00621  -0.0081   0.5841   0.8608
   2.000   0.3063   0.01314   0.00652  -0.0070   0.5506   0.8866
   2.500   0.3643   0.01365   0.00689  -0.0066   0.5173   0.9102
   3.000   0.4310   0.01428   0.00729  -0.0082   0.4841   0.9289
   3.500   0.5103   0.01492   0.00777  -0.0126   0.4496   0.9421
   4.000   0.5912   0.01554   0.00822  -0.0177   0.4187   0.9552
   4.500   0.6707   0.01612   0.00863  -0.0228   0.3916   0.9687
   5.000   0.7515   0.01671   0.00905  -0.0283   0.3685   0.9814
   6.000   0.9078   0.01770   0.00985  -0.0388   0.3298   1.0000
   6.500   0.9408   0.01805   0.01025  -0.0352   0.3164   1.0000
   7.000   0.9733   0.01857   0.01074  -0.0315   0.3039   1.0000
   7.500   1.0058   0.01921   0.01125  -0.0277   0.2917   1.0000
   8.000   1.0329   0.01966   0.01183  -0.0227   0.2798   1.0000
   8.500   1.0613   0.02034   0.01251  -0.0180   0.2682   1.0000
   9.000   1.0913   0.02110   0.01315  -0.0136   0.2564   1.0000
   9.500   1.1132   0.02166   0.01386  -0.0078   0.2449   1.0000
  10.000   1.1376   0.02246   0.01468  -0.0025   0.2334   1.0000
