  
       XFOIL         Version 6.99
  
 Calculated polar for: NACA 4838                                       
  
 1 1 Reynolds number fixed          Mach number fixed         
  
 xtrf =   1.000 (top)        1.000 (bottom)  
 Mach =   0.050     Re =     0.200 e 6     Ncrit =   9.000
  
   alpha    CL        CD       CDp       CM     Top_Xtr  Bot_Xtr
  ------ -------- --------- --------- -------- -------- --------
  -2.000   0.0651   0.02526   0.01680  -0.0951   0.6192   0.4042
  -1.500   0.0865   0.02533   0.01699  -0.0899   0.6059   0.4123
  -1.000   0.1691   0.02512   0.01663  -0.0955   0.5946   0.4232
  -0.500   0.1787   0.02545   0.01698  -0.0886   0.5824   0.4316
   0.000   0.2413   0.02532   0.01688  -0.0904   0.5714   0.4419
   0.500   0.2747   0.02578   0.01734  -0.0877   0.5602   0.4522
   1.000   0.3194   0.02580   0.01738  -0.0867   0.5493   0.4624
   1.500   0.3783   0.02611   0.01765  -0.0881   0.5393   0.4738
   2.000   0.4059   0.02661   0.01815  -0.0846   0.5283   0.4842
   2.500   0.4755   0.02659   0.01811  -0.0876   0.5189   0.4965
   3.000   0.4952   0.02754   0.01915  -0.0829   0.5089   0.5077
   3.500   0.5402   0.02780   0.01945  -0.0821   0.4993   0.5194
   4.000   0.5977   0.02832   0.01993  -0.0834   0.4905   0.5326
   4.500   0.6158   0.02934   0.02104  -0.0788   0.4807   0.5440
   5.000   0.6752   0.02956   0.02126  -0.0801   0.4724   0.5576
   5.500   0.7007   0.03090   0.02264  -0.0770   0.4636   0.5701
   6.000   0.7301   0.03180   0.02370  -0.0741   0.4547   0.5830
   6.500   0.8124   0.03181   0.02349  -0.0791   0.4470   0.5992
   7.000   0.7951   0.03423   0.02625  -0.0702   0.4382   0.6103
   7.500   0.8362   0.03507   0.02712  -0.0691   0.4303   0.6247
   8.000   0.8887   0.03589   0.02787  -0.0702   0.4231   0.6399
   8.500   0.8756   0.03890   0.03120  -0.0626   0.4142   0.6516
   9.000   0.9334   0.03933   0.03148  -0.0643   0.4075   0.6679
   9.500   0.9400   0.04203   0.03441  -0.0597   0.3998   0.6803
  10.000   0.9408   0.04523   0.03778  -0.0552   0.3914   0.6939
