  
       XFOIL         Version 6.99
  
 Calculated polar for: NACA 2208                                       
  
 1 1 Reynolds number fixed          Mach number fixed         
  
 xtrf =   1.000 (top)        1.000 (bottom)  
 Mach =   0.050     Re =     0.200 e 6     Ncrit =   9.000
  
   alpha    CL        CD       CDp       CM     Top_Xtr  Bot_Xtr
  ------ -------- --------- --------- -------- -------- --------
  -2.000  -0.0961   0.01413   0.00636  -0.0238   0.9940   0.0686
  -1.500  -0.0066   0.01233   0.00474  -0.0309   0.9786   0.1044
  -1.000   0.0696   0.00876   0.00421  -0.0342   0.9713   0.9597
  -0.500   0.1706   0.00856   0.00368  -0.0433   0.9555   1.0000
   0.000   0.2428   0.00834   0.00326  -0.0461   0.9235   1.0000
   0.500   0.3012   0.00817   0.00292  -0.0456   0.8794   1.0000
   1.000   0.3521   0.00815   0.00267  -0.0435   0.8256   1.0000
   1.500   0.4006   0.00833   0.00254  -0.0411   0.7568   1.0000
   2.000   0.4487   0.00870   0.00253  -0.0388   0.6749   1.0000
   2.500   0.4959   0.00931   0.00265  -0.0366   0.5781   1.0000
   3.000   0.5434   0.01011   0.00294  -0.0349   0.4844   1.0000
   3.500   0.5926   0.01093   0.00341  -0.0336   0.4233   1.0000
   4.000   0.6435   0.01167   0.00396  -0.0328   0.3868   1.0000
   4.500   0.6951   0.01243   0.00462  -0.0321   0.3621   1.0000
   5.000   0.7474   0.01311   0.00533  -0.0315   0.3409   1.0000
   5.500   0.7986   0.01378   0.00603  -0.0308   0.3168   1.0000
   6.000   0.8490   0.01430   0.00662  -0.0300   0.2875   1.0000
   6.500   0.8992   0.01478   0.00726  -0.0291   0.2571   1.0000
   7.000   0.9490   0.01515   0.00780  -0.0283   0.2110   1.0000
   7.500   0.9843   0.01812   0.00992  -0.0259   0.0645   1.0000
   8.000   1.0214   0.02081   0.01272  -0.0232   0.0457   1.0000
   8.500   1.0561   0.02382   0.01587  -0.0204   0.0372   1.0000
   9.000   1.0930   0.02690   0.01911  -0.0179   0.0326   1.0000
   9.500   1.1273   0.03162   0.02415  -0.0153   0.0292   1.0000
  10.000   1.1595   0.03587   0.02896  -0.0125   0.0270   1.0000
