  
       XFOIL         Version 6.99
  
 Calculated polar for: NACA 3706                                       
  
 1 1 Reynolds number fixed          Mach number fixed         
  
 xtrf =   1.000 (top)        1.000 (bottom)  
 Mach =   0.050     Re =     0.200 e 6     Ncrit =   9.000
  
   alpha    CL        CD       CDp       CM     Top_Xtr  Bot_Xtr
  ------ -------- --------- --------- -------- -------- --------
  -2.000   0.0792   0.01213   0.00607  -0.0970   1.0000   0.5383
  -1.500   0.1325   0.01212   0.00641  -0.0963   1.0000   0.6922
  -1.000   0.1835   0.01218   0.00661  -0.0952   1.0000   0.7822
  -0.500   0.2275   0.01192   0.00660  -0.0923   1.0000   0.8935
   0.000   0.2706   0.01220   0.00681  -0.0906   1.0000   1.0000
   0.500   0.3252   0.01271   0.00722  -0.0912   1.0000   1.0000
   1.000   0.3779   0.01328   0.00777  -0.0914   1.0000   1.0000
   1.500   0.4292   0.01393   0.00849  -0.0914   1.0000   1.0000
   2.000   0.5239   0.01442   0.00914  -0.1001   0.9843   1.0000
   2.500   0.6596   0.01305   0.00816  -0.1146   0.9443   1.0000
   3.000   0.7503   0.01000   0.00546  -0.1169   0.8660   1.0000
   3.500   0.7849   0.01443   0.00579  -0.1109   0.0739   1.0000
   4.000   0.8284   0.01677   0.00811  -0.1081   0.0429   1.0000
   4.500   0.8745   0.02073   0.01206  -0.1056   0.0347   1.0000
   5.000   0.9284   0.02337   0.01512  -0.1041   0.0294   1.0000
   5.500   0.9825   0.02947   0.02200  -0.1016   0.0309   1.0000
