  
       XFOIL         Version 6.99
  
 Calculated polar for: NACA 8434                                       
  
 1 1 Reynolds number fixed          Mach number fixed         
  
 xtrf =   1.000 (top)        1.000 (bottom)  
 Mach =   0.050     Re =     0.200 e 6     Ncrit =   9.000
  
   alpha    CL        CD       CDp       CM     Top_Xtr  Bot_Xtr
  ------ -------- --------- --------- -------- -------- --------
  -2.000   0.3702   0.02764   0.01823  -0.1244   0.5455   0.2365
  -1.500   0.4499   0.02736   0.01773  -0.1292   0.5405   0.2485
  -1.000   0.4459   0.02862   0.01924  -0.1206   0.5347   0.2551
  -0.500   0.4724   0.02945   0.02005  -0.1170   0.5287   0.2648
   0.000   0.5370   0.02920   0.01980  -0.1193   0.5241   0.2783
   0.500   0.5987   0.02957   0.02008  -0.1213   0.5198   0.2929
   1.000   0.5593   0.03237   0.02322  -0.1086   0.5130   0.2993
   1.500   0.5930   0.03335   0.02419  -0.1067   0.5077   0.3132
   2.000   0.6703   0.03281   0.02364  -0.1108   0.5043   0.3349
   2.500   0.4675   0.04620   0.03758  -0.0826   0.4886   0.3227
   3.000   0.5563   0.04417   0.03549  -0.0868   0.4871   0.3475
   3.500   0.6497   0.04212   0.03347  -0.0919   0.4856   0.3807
   4.000   0.7540   0.04002   0.03148  -0.0987   0.4840   0.4346
