  
       XFOIL         Version 6.99
  
 Calculated polar for: NACA 8328                                       
  
 1 1 Reynolds number fixed          Mach number fixed         
  
 xtrf =   1.000 (top)        1.000 (bottom)  
 Mach =   0.050     Re =     0.200 e 6     Ncrit =   9.000
  
   alpha    CL        CD       CDp       CM     Top_Xtr  Bot_Xtr
  ------ -------- --------- --------- -------- -------- --------
  -2.000   0.4178   0.02462   0.01454  -0.1107   0.4728   0.1449
  -1.500   0.4670   0.02465   0.01453  -0.1101   0.4637   0.1519
  -1.000   0.5108   0.02465   0.01446  -0.1086   0.4558   0.1599
  -0.500   0.5726   0.02480   0.01440  -0.1101   0.4490   0.1702
   0.000   0.6115   0.02498   0.01473  -0.1079   0.4432   0.1797
   0.500   0.6562   0.02519   0.01493  -0.1067   0.4374   0.1917
   1.000   0.7113   0.02547   0.01511  -0.1073   0.4325   0.2067
   1.500   0.7684   0.02578   0.01546  -0.1084   0.4283   0.2261
   2.000   0.8047   0.02626   0.01613  -0.1061   0.4245   0.2478
   2.500   0.8463   0.02655   0.01667  -0.1049   0.4205   0.2867
   3.000   0.8806   0.02566   0.01762  -0.1016   0.4169   0.7793
   3.500   0.9844   0.02657   0.01858  -0.1101   0.4130   0.9983
   4.000   1.0182   0.02765   0.01955  -0.1078   0.4102   1.0000
   4.500   1.0323   0.02898   0.02092  -0.1025   0.4075   1.0000
   5.000   1.0526   0.03048   0.02243  -0.0985   0.4042   1.0000
   5.500   1.0822   0.03190   0.02379  -0.0961   0.4009   1.0000
   6.000   1.1238   0.03314   0.02493  -0.0955   0.3982   1.0000
   6.500   1.1801   0.03422   0.02583  -0.0970   0.3957   1.0000
   7.000   1.2106   0.03645   0.02806  -0.0953   0.3931   1.0000
   7.500   1.1533   0.04164   0.03366  -0.0836   0.3896   1.0000
   8.000   0.4052   0.13902   0.13361  -0.0571   0.3771   1.0000
