  
       XFOIL         Version 6.99
  
 Calculated polar for: NACA 3420                                       
  
 1 1 Reynolds number fixed          Mach number fixed         
  
 xtrf =   1.000 (top)        1.000 (bottom)  
 Mach =   0.050     Re =     0.200 e 6     Ncrit =   9.000
  
   alpha    CL        CD       CDp       CM     Top_Xtr  Bot_Xtr
  ------ -------- --------- --------- -------- -------- --------
  -2.000   0.1272   0.01405   0.00660  -0.0769   0.7209   0.4307
  -1.500   0.1776   0.01376   0.00644  -0.0755   0.7006   0.4890
  -1.000   0.2271   0.01353   0.00640  -0.0738   0.6807   0.5591
  -0.500   0.2768   0.01341   0.00645  -0.0721   0.6619   0.6309
   0.000   0.3273   0.01341   0.00656  -0.0703   0.6441   0.6975
   1.000   0.4277   0.01366   0.00701  -0.0663   0.6103   0.8112
   1.500   0.4782   0.01398   0.00736  -0.0643   0.5944   0.8606
   2.000   0.5357   0.01443   0.00776  -0.0635   0.5798   0.9015
   2.500   0.6074   0.01497   0.00812  -0.0659   0.5651   0.9320
   3.000   0.6895   0.01547   0.00859  -0.0709   0.5491   0.9543
   3.500   0.7818   0.01597   0.00900  -0.0783   0.5333   0.9713
   4.000   0.8759   0.01638   0.00929  -0.0863   0.5180   0.9875
   4.500   0.9689   0.01671   0.00945  -0.0944   0.5026   1.0000
   5.000   0.9954   0.01691   0.00969  -0.0896   0.4895   1.0000
   5.500   1.0260   0.01728   0.01000  -0.0854   0.4772   1.0000
   6.000   1.0602   0.01764   0.01023  -0.0816   0.4647   1.0000
   6.500   1.0857   0.01804   0.01070  -0.0761   0.4515   1.0000
   7.000   1.1187   0.01852   0.01111  -0.0719   0.4389   1.0000
   7.500   1.1526   0.01895   0.01146  -0.0679   0.4258   1.0000
   8.000   1.1781   0.01946   0.01203  -0.0624   0.4122   1.0000
   8.500   1.2095   0.02003   0.01259  -0.0581   0.3987   1.0000
   9.000   1.2428   0.02060   0.01307  -0.0543   0.3851   1.0000
   9.500   1.2617   0.02124   0.01377  -0.0480   0.3712   1.0000
  10.000   1.2840   0.02211   0.01470  -0.0429   0.3567   1.0000
