  
       XFOIL         Version 6.99
  
 Calculated polar for: NACA 1236                                       
  
 1 1 Reynolds number fixed          Mach number fixed         
  
 xtrf =   1.000 (top)        1.000 (bottom)  
 Mach =   0.050     Re =     0.200 e 6     Ncrit =   9.000
  
   alpha    CL        CD       CDp       CM     Top_Xtr  Bot_Xtr
  ------ -------- --------- --------- -------- -------- --------
  -2.000  -0.1068   0.02277   0.01420  -0.0146   0.5535   0.4908
  -1.500  -0.0592   0.02257   0.01410  -0.0134   0.5401   0.5008
  -1.000  -0.0292   0.02260   0.01406  -0.0090   0.5281   0.5114
  -0.500   0.0014   0.02240   0.01385  -0.0047   0.5159   0.5218
   0.000   0.0396   0.02252   0.01396  -0.0018   0.5044   0.5331
   0.500   0.0572   0.02240   0.01377   0.0049   0.4931   0.5442
   1.000   0.1044   0.02251   0.01392   0.0061   0.4820   0.5562
   1.500   0.1098   0.02249   0.01388   0.0150   0.4716   0.5683
   2.000   0.1677   0.02260   0.01397   0.0141   0.4610   0.5813
   2.500   0.1683   0.02277   0.01421   0.0236   0.4509   0.5945
   3.000   0.2232   0.02286   0.01426   0.0233   0.4408   0.6085
   3.500   0.2344   0.02338   0.01487   0.0302   0.4313   0.6231
   4.000   0.2772   0.02360   0.01514   0.0319   0.4218   0.6383
   5.500   0.3813   0.02516   0.01678   0.0397   0.3950   0.6887
   6.000   0.4006   0.02602   0.01781   0.0443   0.3862   0.7069
   6.500   0.4633   0.02630   0.01799   0.0427   0.3783   0.7258
   7.000   0.4651   0.02768   0.01959   0.0491   0.3707   0.7459
   7.500   0.5028   0.02842   0.02041   0.0508   0.3634   0.7666
   8.000   0.5426   0.02939   0.02145   0.0521   0.3566   0.7873
   8.500   0.5506   0.03111   0.02338   0.0569   0.3497   0.8101
   9.000   0.5962   0.03176   0.02397   0.0575   0.3437   0.8337
   9.500   0.6164   0.03367   0.02607   0.0607   0.3377   0.8560
  10.000   0.6187   0.03625   0.02888   0.0654   0.3314   0.8790
