  
       XFOIL         Version 6.99
  
 Calculated polar for: NACA 6610                                       
  
 1 1 Reynolds number fixed          Mach number fixed         
  
 xtrf =   1.000 (top)        1.000 (bottom)  
 Mach =   0.050     Re =     0.200 e 6     Ncrit =   9.000
  
   alpha    CL        CD       CDp       CM     Top_Xtr  Bot_Xtr
  ------ -------- --------- --------- -------- -------- --------
  -2.000   0.3753   0.02500   0.01784  -0.1792   0.9049   0.2189
  -1.000   0.4975   0.02511   0.01836  -0.1824   0.8912   0.3792
  -0.500   0.5765   0.02488   0.01837  -0.1868   0.8883   0.4719
   0.000   0.6192   0.02527   0.01895  -0.1846   0.8766   0.5440
   1.000   0.7431   0.02506   0.01911  -0.1865   0.8614   0.6872
   2.000   0.8643   0.02369   0.01828  -0.1870   0.8459   1.0000
   2.500   0.9188   0.02367   0.01823  -0.1866   0.8336   1.0000
   3.000   0.9996   0.02248   0.01707  -0.1903   0.8296   1.0000
   3.500   1.0600   0.02176   0.01643  -0.1903   0.8181   1.0000
   4.000   1.1527   0.01951   0.01431  -0.1956   0.8158   1.0000
   4.500   1.2263   0.01753   0.01246  -0.1970   0.8017   1.0000
   5.000   1.2911   0.01526   0.01028  -0.1959   0.7723   1.0000
   5.500   1.3277   0.01477   0.00988  -0.1906   0.7312   1.0000
   6.000   1.3741   0.01439   0.00937  -0.1872   0.6564   1.0000
   6.500   1.4020   0.01557   0.00977  -0.1808   0.5347   1.0000
   7.000   1.4021   0.01790   0.01150  -0.1703   0.4233   1.0000
   7.500   1.3906   0.02124   0.01402  -0.1590   0.2848   1.0000
   8.000   1.3769   0.02567   0.01738  -0.1487   0.1310   1.0000
   8.500   1.3820   0.02929   0.02065  -0.1415   0.0807   1.0000
   9.000   1.3946   0.03244   0.02378  -0.1355   0.0636   1.0000
   9.500   1.4093   0.03559   0.02702  -0.1300   0.0541   1.0000
  10.000   1.4250   0.03894   0.03046  -0.1249   0.0474   1.0000
