  
       XFOIL         Version 6.99
  
 Calculated polar for: NACA 5436                                       
  
 1 1 Reynolds number fixed          Mach number fixed         
  
 xtrf =   1.000 (top)        1.000 (bottom)  
 Mach =   0.050     Re =     0.200 e 6     Ncrit =   9.000
  
   alpha    CL        CD       CDp       CM     Top_Xtr  Bot_Xtr
  ------ -------- --------- --------- -------- -------- --------
  -2.000   0.1732   0.02494   0.01564  -0.0806   0.5519   0.3423
  -1.500   0.1756   0.02503   0.01592  -0.0718   0.5442   0.3524
  -1.000   0.2211   0.02504   0.01585  -0.0706   0.5379   0.3666
  -0.500   0.2838   0.02500   0.01584  -0.0726   0.5318   0.3839
   0.000   0.2750   0.02584   0.01679  -0.0624   0.5247   0.3959
   0.500   0.3134   0.02599   0.01708  -0.0602   0.5185   0.4149
   1.000   0.3888   0.02573   0.01680  -0.0642   0.5132   0.4406
   1.500   0.3799   0.02704   0.01838  -0.0548   0.5065   0.4594
   2.000   0.3957   0.02799   0.01952  -0.0496   0.4999   0.4852
   2.500   0.4614   0.02778   0.01937  -0.0518   0.4949   0.5236
   3.000   0.4993   0.02863   0.02036  -0.0501   0.4893   0.5617
   3.500   0.4564   0.03173   0.02386  -0.0377   0.4810   0.5876
   4.000   0.5146   0.03174   0.02392  -0.0386   0.4762   0.6303
   4.500   0.6100   0.03094   0.02306  -0.0444   0.4724   0.6739
   5.000   0.2000   0.05992   0.05298  -0.0037   0.4356   0.6411
   5.500   0.2740   0.05771   0.05094  -0.0048   0.4352   0.6914
   6.000   0.3559   0.05504   0.04833  -0.0065   0.4349   0.7414
   6.500   0.4410   0.05215   0.04557  -0.0080   0.4346   0.7930
