  
       XFOIL         Version 6.99
  
 Calculated polar for: NACA 7818                                       
  
 1 1 Reynolds number fixed          Mach number fixed         
  
 xtrf =   1.000 (top)        1.000 (bottom)  
 Mach =   0.050     Re =     0.200 e 6     Ncrit =   9.000
  
   alpha    CL        CD       CDp       CM     Top_Xtr  Bot_Xtr
  ------ -------- --------- --------- -------- -------- --------
  -2.000   0.3228   0.04006   0.03341  -0.2023   0.8802   0.3264
  -1.000   0.4668   0.03904   0.03256  -0.2090   0.8590   0.3909
  -0.500   0.5486   0.03827   0.03195  -0.2137   0.8536   0.4247
   0.000   0.6139   0.03739   0.03113  -0.2154   0.8409   0.4567
   0.500   0.6764   0.03644   0.03033  -0.2163   0.8274   0.4866
   1.000   0.7391   0.03548   0.02951  -0.2171   0.8139   0.5165
   1.500   0.8050   0.03441   0.02855  -0.2183   0.8017   0.5471
   2.000   0.8802   0.03267   0.02690  -0.2207   0.7958   0.5776
   2.500   0.9449   0.03129   0.02565  -0.2211   0.7821   0.6040
   3.000   1.0186   0.02949   0.02392  -0.2231   0.7684   0.6296
   3.500   1.1026   0.02729   0.02173  -0.2269   0.7523   0.6536
   4.000   1.1877   0.02546   0.01981  -0.2311   0.7286   0.6754
   4.500   1.2651   0.02451   0.01868  -0.2343   0.6991   0.6956
   5.000   1.3061   0.02485   0.01895  -0.2304   0.6654   0.7081
   5.500   1.3505   0.02534   0.01930  -0.2276   0.6338   0.7232
   6.000   1.3884   0.02622   0.02008  -0.2239   0.6017   0.7399
   6.500   1.4213   0.02693   0.02068  -0.2189   0.5726   0.7521
   7.000   1.4497   0.02804   0.02177  -0.2136   0.5424   0.7661
   7.500   1.4830   0.02912   0.02274  -0.2094   0.5129   0.7813
   8.000   1.5143   0.03037   0.02394  -0.2051   0.4839   0.7962
   8.500   1.5390   0.03166   0.02521  -0.1995   0.4553   0.8093
   9.000   1.5654   0.03305   0.02651  -0.1945   0.4274   0.8225
   9.500   1.5891   0.03468   0.02815  -0.1893   0.3989   0.8355
  10.000   1.6114   0.03649   0.02994  -0.1841   0.3708   0.8482
