  
       XFOIL         Version 6.99
  
 Calculated polar for: NACA 4408                                       
  
 1 1 Reynolds number fixed          Mach number fixed         
  
 xtrf =   1.000 (top)        1.000 (bottom)  
 Mach =   0.050     Re =     0.200 e 6     Ncrit =   9.000
  
   alpha    CL        CD       CDp       CM     Top_Xtr  Bot_Xtr
  ------ -------- --------- --------- -------- -------- --------
  -2.000   0.2284   0.01330   0.00595  -0.1077   0.9318   0.1276
  -1.500   0.2961   0.01217   0.00521  -0.1099   0.9183   0.2385
  -1.000   0.3521   0.01017   0.00483  -0.1098   0.9030   0.6933
   0.500   0.5269   0.00923   0.00362  -0.1081   0.8370   1.0000
   1.000   0.5812   0.00926   0.00346  -0.1071   0.8090   1.0000
   1.500   0.6350   0.00939   0.00341  -0.1061   0.7784   1.0000
   2.000   0.6885   0.00961   0.00346  -0.1052   0.7469   1.0000
   2.500   0.7418   0.00991   0.00361  -0.1043   0.7157   1.0000
   3.000   0.7949   0.01029   0.00388  -0.1035   0.6858   1.0000
   3.500   0.8477   0.01071   0.00423  -0.1027   0.6572   1.0000
   4.000   0.9003   0.01117   0.00470  -0.1019   0.6298   1.0000
   4.500   0.9524   0.01166   0.00523  -0.1011   0.6026   1.0000
   5.000   0.9995   0.01203   0.00549  -0.0989   0.5535   1.0000
   5.500   1.0470   0.01250   0.00598  -0.0971   0.5067   1.0000
   6.000   1.0922   0.01311   0.00656  -0.0950   0.4478   1.0000
   6.500   1.1248   0.01465   0.00745  -0.0910   0.2851   1.0000
   7.000   1.1329   0.01946   0.01074  -0.0842   0.0647   1.0000
   7.500   1.1615   0.02201   0.01337  -0.0799   0.0475   1.0000
   8.000   1.1873   0.02483   0.01630  -0.0753   0.0392   1.0000
   8.500   1.2162   0.02819   0.01972  -0.0713   0.0343   1.0000
   9.000   1.2553   0.03173   0.02354  -0.0687   0.0302   1.0000
   9.500   1.2982   0.03601   0.02818  -0.0667   0.0279   1.0000
  10.000   1.3349   0.04157   0.03427  -0.0641   0.0268   1.0000
  -2.000   0.2284   0.01330   0.00595  -0.1077   0.9318   0.1276
  -1.500   0.2961   0.01217   0.00521  -0.1099   0.9183   0.2385
  -1.000   0.3521   0.01017   0.00483  -0.1098   0.9030   0.6933
   0.500   0.5269   0.00923   0.00362  -0.1081   0.8370   1.0000
   1.000   0.5812   0.00926   0.00346  -0.1071   0.8090   1.0000
   1.500   0.6350   0.00939   0.00341  -0.1061   0.7784   1.0000
   2.000   0.6885   0.00961   0.00346  -0.1052   0.7469   1.0000
   2.500   0.7418   0.00991   0.00361  -0.1043   0.7157   1.0000
   3.000   0.7949   0.01029   0.00388  -0.1035   0.6858   1.0000
   3.500   0.8477   0.01071   0.00423  -0.1027   0.6572   1.0000
   4.000   0.9003   0.01117   0.00470  -0.1019   0.6298   1.0000
   4.500   0.9524   0.01166   0.00523  -0.1011   0.6026   1.0000
   5.000   0.9995   0.01203   0.00549  -0.0989   0.5535   1.0000
   5.500   1.0470   0.01250   0.00598  -0.0971   0.5067   1.0000
   6.000   1.0922   0.01311   0.00656  -0.0950   0.4478   1.0000
   6.500   1.1248   0.01465   0.00745  -0.0910   0.2851   1.0000
   7.000   1.1329   0.01946   0.01074  -0.0842   0.0647   1.0000
   7.500   1.1615   0.02201   0.01337  -0.0799   0.0475   1.0000
   8.000   1.1873   0.02483   0.01630  -0.0753   0.0392   1.0000
   8.500   1.2162   0.02819   0.01972  -0.0713   0.0343   1.0000
   9.000   1.2553   0.03173   0.02354  -0.0687   0.0302   1.0000
   9.500   1.2982   0.03601   0.02818  -0.0667   0.0279   1.0000
  10.000   1.3349   0.04157   0.03427  -0.0641   0.0268   1.0000
