  
       XFOIL         Version 6.99
  
 Calculated polar for: NACA 8114                                       
  
 1 1 Reynolds number fixed          Mach number fixed         
  
 xtrf =   1.000 (top)        1.000 (bottom)  
 Mach =   0.050     Re =     0.200 e 6     Ncrit =   9.000
  
   alpha    CL        CD       CDp       CM     Top_Xtr  Bot_Xtr
  ------ -------- --------- --------- -------- -------- --------
  -2.000   0.4749   0.04321   0.03557  -0.0849   0.1700   0.0127
  -1.000   0.5655   0.03881   0.03059  -0.0827   0.1657   0.0134
  -0.500   0.6121   0.03702   0.02847  -0.0816   0.1639   0.0143
   0.000   0.6640   0.03659   0.02765  -0.0803   0.1623   0.0154
   0.500   0.7174   0.03515   0.02585  -0.0805   0.1611   0.0164
   1.000   0.7721   0.03529   0.02568  -0.0791   0.1604   0.0186
   1.500   0.8232   0.03355   0.02375  -0.0791   0.1595   0.0202
   2.000   0.8770   0.03463   0.02455  -0.0776   0.1586   0.0218
   2.500   0.9292   0.03321   0.02301  -0.0779   0.1581   0.0235
   3.500   1.0332   0.03398   0.02354  -0.0767   0.1572   0.0288
   4.000   1.0834   0.03465   0.02417  -0.0760   0.1569   0.0323
   4.500   1.1315   0.03560   0.02514  -0.0751   0.1567   0.0375
   5.500   1.2195   0.03824   0.02798  -0.0726   0.1565   0.0678
   6.000   1.2586   0.03948   0.02953  -0.0713   0.1565   0.1153
   6.500   1.2933   0.04171   0.03180  -0.0693   0.1567   0.1434
   7.000   1.3211   0.04455   0.03495  -0.0664   0.1570   0.2968
   7.500   1.3397   0.04820   0.03864  -0.0625   0.1575   0.1312
   8.000   1.3462   0.05225   0.04295  -0.0576   0.1581   0.1117
   8.500   1.3369   0.05689   0.04786  -0.0515   0.1586   0.1084
   9.000   1.3099   0.06288   0.05423  -0.0455   0.1590   0.1048
   9.500   1.2665   0.07184   0.06356  -0.0413   0.1601   0.1042
  10.000   1.2521   0.07880   0.07071  -0.0397   0.1621   0.1052
