  
       XFOIL         Version 6.99
  
 Calculated polar for: NACA 9808                                       
  
 1 1 Reynolds number fixed          Mach number fixed         
  
 xtrf =   1.000 (top)        1.000 (bottom)  
 Mach =   0.050     Re =     0.200 e 6     Ncrit =   9.000
  
   alpha    CL        CD       CDp       CM     Top_Xtr  Bot_Xtr
  ------ -------- --------- --------- -------- -------- --------
  -2.000   0.4503   0.05345   0.04671  -0.2475   0.9785   0.0913
  -1.500   0.5334   0.05475   0.04823  -0.2548   0.9786   0.1617
  -1.000   0.6093   0.05667   0.05042  -0.2605   0.9785   0.2694
  -0.500   0.6785   0.05904   0.05295  -0.2644   0.9781   0.3652
   0.000   0.7448   0.06192   0.05599  -0.2675   0.9778   0.4451
   0.500   0.7634   0.06034   0.05463  -0.2609   0.9690   0.4921
   1.000   0.8286   0.06341   0.05785  -0.2635   0.9678   0.5531
   1.500   0.8572   0.06364   0.05829  -0.2591   0.9578   0.5910
   2.000   0.8966   0.06473   0.05953  -0.2567   0.9472   0.6273
   3.000   0.9950   0.06303   0.05816  -0.2533   0.9064   0.6781
   4.000   1.1138   0.06056   0.05605  -0.2533   0.8793   0.7214
   4.500   1.1734   0.05877   0.05451  -0.2532   0.8668   0.7402
   5.000   1.2444   0.05304   0.04901  -0.2530   0.8391   0.7622
   5.500   1.2900   0.05004   0.04630  -0.2489   0.7921   0.7811
   6.000   1.4268   0.03828   0.03222  -0.2579   0.3995   0.8046
   6.500   1.4153   0.04307   0.03474  -0.2455   0.0713   0.8137
   7.000   1.4376   0.04585   0.03748  -0.2391   0.0489   0.8268
   7.500   1.4677   0.04803   0.03982  -0.2343   0.0392   0.8402
   8.000   1.5070   0.05040   0.04236  -0.2304   0.0342   0.8527
   8.500   1.5620   0.05236   0.04440  -0.2299   0.0288   0.8656
   9.000   1.6980   0.05857   0.05143  -0.2419   0.0263   0.8812
   9.500   1.7408   0.06644   0.06025  -0.2382   0.0260   0.8909
