  
       XFOIL         Version 6.99
  
 Calculated polar for: NACA 5526                                       
  
 1 1 Reynolds number fixed          Mach number fixed         
  
 xtrf =   1.000 (top)        1.000 (bottom)  
 Mach =   0.050     Re =     0.200 e 6     Ncrit =   9.000
  
   alpha    CL        CD       CDp       CM     Top_Xtr  Bot_Xtr
  ------ -------- --------- --------- -------- -------- --------
  -2.000   0.3164   0.01939   0.01132  -0.1284   0.6955   0.3493
  -1.500   0.3812   0.01902   0.01092  -0.1300   0.6856   0.3699
  -1.000   0.4209   0.01909   0.01102  -0.1270   0.6731   0.3890
  -0.500   0.4894   0.01881   0.01067  -0.1293   0.6635   0.4127
   0.000   0.5239   0.01900   0.01094  -0.1254   0.6506   0.4337
   0.500   0.5977   0.01880   0.01065  -0.1287   0.6413   0.4610
   1.000   0.6248   0.01898   0.01103  -0.1234   0.6282   0.4838
   1.500   0.6867   0.01896   0.01100  -0.1246   0.6182   0.5134
   2.000   0.7233   0.01910   0.01125  -0.1210   0.6059   0.5419
   2.500   0.7732   0.01927   0.01146  -0.1200   0.5953   0.5754
   3.000   0.8160   0.01931   0.01163  -0.1176   0.5839   0.6114
   3.500   0.8526   0.01960   0.01210  -0.1142   0.5728   0.6525
   4.000   0.9038   0.01963   0.01225  -0.1133   0.5621   0.7047
   4.500   0.9310   0.02011   0.01303  -0.1081   0.5507   0.7704
   5.000   0.9804   0.02008   0.01320  -0.1059   0.5409   0.8782
   5.500   1.0315   0.02092   0.01414  -0.1062   0.5284   1.0000
   6.000   1.0956   0.02117   0.01410  -0.1083   0.5186   1.0000
   6.500   1.1039   0.02218   0.01515  -0.1010   0.5069   1.0000
   7.000   1.1537   0.02274   0.01554  -0.1006   0.4969   1.0000
   7.500   1.1776   0.02374   0.01652  -0.0961   0.4856   1.0000
   8.000   1.2133   0.02470   0.01742  -0.0938   0.4752   1.0000
   8.500   1.2491   0.02556   0.01821  -0.0914   0.4646   1.0000
   9.000   1.2715   0.02702   0.01969  -0.0874   0.4538   1.0000
   9.500   1.3194   0.02763   0.02016  -0.0869   0.4439   1.0000
  10.000   1.3264   0.02974   0.02238  -0.0813   0.4327   1.0000
