  
       XFOIL         Version 6.99
  
 Calculated polar for: NACA 4506                                       
  
 1 1 Reynolds number fixed          Mach number fixed         
  
 xtrf =   1.000 (top)        1.000 (bottom)  
 Mach =   0.050     Re =     0.200 e 6     Ncrit =   9.000
  
   alpha    CL        CD       CDp       CM     Top_Xtr  Bot_Xtr
  ------ -------- --------- --------- -------- -------- --------
  -2.000   0.1856   0.01434   0.00690  -0.1107   0.9713   0.0905
  -1.500   0.2604   0.01302   0.00642  -0.1156   0.9640   0.3271
  -1.000   0.3275   0.01127   0.00632  -0.1177   0.9574   1.0000
  -0.500   0.3972   0.01136   0.00607  -0.1207   0.9459   1.0000
   0.000   0.4675   0.01139   0.00592  -0.1237   0.9348   1.0000
   0.500   0.5371   0.01132   0.00575  -0.1264   0.9239   1.0000
   1.000   0.6033   0.01119   0.00561  -0.1282   0.9121   1.0000
   1.500   0.6647   0.01104   0.00549  -0.1288   0.8980   1.0000
   2.000   0.7231   0.01089   0.00541  -0.1286   0.8819   1.0000
   2.500   0.7807   0.01070   0.00537  -0.1281   0.8645   1.0000
   3.000   0.8349   0.01057   0.00539  -0.1268   0.8422   1.0000
   3.500   0.8817   0.00972   0.00449  -0.1217   0.7711   1.0000
   4.000   0.9263   0.00996   0.00442  -0.1176   0.6581   1.0000
   4.500   0.9294   0.01498   0.00625  -0.1082   0.0914   1.0000
   5.000   0.9650   0.01781   0.00898  -0.1043   0.0417   1.0000
   5.500   1.0027   0.02063   0.01189  -0.1008   0.0320   1.0000
   6.000   1.0474   0.02429   0.01565  -0.0982   0.0282   1.0000
   6.500   1.0987   0.03062   0.02245  -0.0964   0.0257   1.0000
   7.000   1.1456   0.03709   0.02959  -0.0937   0.0269   1.0000
  -2.000   0.1856   0.01434   0.00690  -0.1107   0.9713   0.0905
  -1.500   0.2604   0.01302   0.00642  -0.1156   0.9640   0.3271
  -1.000   0.3275   0.01127   0.00632  -0.1177   0.9574   1.0000
  -0.500   0.3972   0.01136   0.00607  -0.1207   0.9459   1.0000
   0.000   0.4675   0.01139   0.00592  -0.1237   0.9348   1.0000
   0.500   0.5371   0.01132   0.00575  -0.1264   0.9239   1.0000
   1.000   0.6033   0.01119   0.00561  -0.1282   0.9121   1.0000
   1.500   0.6647   0.01104   0.00549  -0.1288   0.8980   1.0000
   2.000   0.7231   0.01089   0.00541  -0.1286   0.8819   1.0000
   2.500   0.7807   0.01070   0.00537  -0.1281   0.8645   1.0000
   3.000   0.8349   0.01057   0.00539  -0.1268   0.8422   1.0000
   3.500   0.8817   0.00972   0.00449  -0.1217   0.7711   1.0000
   4.000   0.9263   0.00996   0.00442  -0.1176   0.6581   1.0000
   4.500   0.9294   0.01498   0.00625  -0.1082   0.0914   1.0000
   5.000   0.9650   0.01781   0.00898  -0.1043   0.0417   1.0000
   5.500   1.0027   0.02063   0.01189  -0.1008   0.0320   1.0000
   6.000   1.0474   0.02429   0.01565  -0.0982   0.0282   1.0000
   6.500   1.0987   0.03062   0.02245  -0.0964   0.0257   1.0000
   7.000   1.1456   0.03709   0.02959  -0.0937   0.0269   1.0000
  -2.000   0.1856   0.01434   0.00690  -0.1107   0.9713   0.0905
  -1.500   0.2604   0.01302   0.00642  -0.1156   0.9640   0.3271
  -1.000   0.3275   0.01127   0.00632  -0.1177   0.9574   1.0000
  -0.500   0.3972   0.01136   0.00607  -0.1207   0.9459   1.0000
   0.000   0.4675   0.01139   0.00592  -0.1237   0.9348   1.0000
   0.500   0.5371   0.01132   0.00575  -0.1264   0.9239   1.0000
   1.000   0.6033   0.01119   0.00561  -0.1282   0.9121   1.0000
   1.500   0.6647   0.01104   0.00549  -0.1288   0.8980   1.0000
   2.000   0.7231   0.01089   0.00541  -0.1286   0.8819   1.0000
   2.500   0.7807   0.01070   0.00537  -0.1281   0.8645   1.0000
   3.000   0.8349   0.01057   0.00539  -0.1268   0.8422   1.0000
   3.500   0.8817   0.00972   0.00449  -0.1217   0.7711   1.0000
   4.000   0.9263   0.00996   0.00442  -0.1176   0.6581   1.0000
   4.500   0.9294   0.01498   0.00625  -0.1082   0.0914   1.0000
   5.000   0.9650   0.01781   0.00898  -0.1043   0.0417   1.0000
   5.500   1.0027   0.02063   0.01189  -0.1008   0.0320   1.0000
   6.000   1.0474   0.02429   0.01565  -0.0982   0.0282   1.0000
   6.500   1.0987   0.03062   0.02245  -0.0964   0.0257   1.0000
   7.000   1.1456   0.03709   0.02959  -0.0937   0.0269   1.0000
