  
       XFOIL         Version 6.99
  
 Calculated polar for: NACA 4712                                       
  
 1 1 Reynolds number fixed          Mach number fixed         
  
 xtrf =   1.000 (top)        1.000 (bottom)  
 Mach =   0.050     Re =     0.200 e 6     Ncrit =   9.000
  
   alpha    CL        CD       CDp       CM     Top_Xtr  Bot_Xtr
  ------ -------- --------- --------- -------- -------- --------
  -2.000   0.1003   0.02161   0.01491  -0.1172   0.9654   0.4078
  -1.500   0.1784   0.02185   0.01536  -0.1219   0.9558   0.4786
  -1.000   0.2574   0.02201   0.01572  -0.1265   0.9465   0.5458
  -0.500   0.3249   0.02201   0.01592  -0.1286   0.9339   0.6029
   0.000   0.3927   0.02200   0.01605  -0.1305   0.9211   0.6536
   0.500   0.4614   0.02185   0.01603  -0.1323   0.9086   0.6968
   1.000   0.5424   0.02136   0.01565  -0.1363   0.9005   0.7370
   1.500   0.6112   0.02056   0.01501  -0.1378   0.8877   0.7721
   2.000   0.6771   0.01953   0.01415  -0.1384   0.8735   0.8071
   2.500   0.7427   0.01820   0.01302  -0.1388   0.8589   0.8446
   3.000   0.8042   0.01647   0.01155  -0.1378   0.8434   0.8924
   3.500   0.8555   0.01495   0.01019  -0.1352   0.8174   1.0000
   4.000   0.9193   0.01369   0.00897  -0.1352   0.7790   1.0000
   4.500   1.0319   0.01181   0.00669  -0.1442   0.6888   1.0000
   5.000   1.0908   0.01277   0.00702  -0.1443   0.5911   1.0000
   5.500   1.1243   0.01391   0.00777  -0.1397   0.5132   1.0000
   6.000   1.1507   0.01514   0.00862  -0.1339   0.4378   1.0000
   6.500   1.1765   0.01657   0.00966  -0.1283   0.3575   1.0000
   7.000   1.2008   0.01829   0.01093  -0.1229   0.2720   1.0000
   7.500   1.2248   0.02034   0.01249  -0.1177   0.1875   1.0000
   8.000   1.2489   0.02260   0.01436  -0.1128   0.1311   1.0000
   8.500   1.2742   0.02481   0.01640  -0.1080   0.1014   1.0000
   9.000   1.2997   0.02702   0.01857  -0.1035   0.0842   1.0000
   9.500   1.3250   0.02934   0.02091  -0.0990   0.0729   1.0000
  10.000   1.3506   0.03182   0.02346  -0.0947   0.0645   1.0000
