  
       XFOIL         Version 6.99
  
 Calculated polar for: NACA 7340                                       
  
 1 1 Reynolds number fixed          Mach number fixed         
  
 xtrf =   1.000 (top)        1.000 (bottom)  
 Mach =   0.050     Re =     0.200 e 6     Ncrit =   9.000
  
   alpha    CL        CD       CDp       CM     Top_Xtr  Bot_Xtr
  ------ -------- --------- --------- -------- -------- --------
  -2.000   0.1222   0.03061   0.02043  -0.0532   0.4542   0.2479
  -1.500   0.1322   0.03105   0.02106  -0.0475   0.4481   0.2569
  -1.000   0.1664   0.03121   0.02115  -0.0453   0.4426   0.2683
  -0.500   0.2304   0.03074   0.02063  -0.0475   0.4377   0.2873
   0.000   0.2245   0.03170   0.02195  -0.0400   0.4333   0.3036
   0.500   0.2384   0.03232   0.02294  -0.0356   0.4289   0.3403
   1.000   0.2679   0.03232   0.02360  -0.0332   0.4251   0.4676
   1.500   0.3288   0.03242   0.02382  -0.0347   0.4216   0.5456
   2.000   0.3379   0.03448   0.02611  -0.0301   0.4178   0.5785
   2.500   0.3145   0.03808   0.02995  -0.0226   0.4136   0.6008
   3.000   0.3078   0.04145   0.03359  -0.0175   0.4095   0.6235
   3.500   0.3533   0.04238   0.03454  -0.0177   0.4065   0.6515
   4.000   0.4320   0.04196   0.03401  -0.0212   0.4041   0.6805
   5.000  -0.3657   0.13098   0.12453   0.0213   0.3775   0.5523
   5.500  -0.3239   0.13341   0.12716   0.0209   0.3744   0.6070
   6.000  -0.2714   0.13618   0.13010   0.0199   0.3727   0.6521
   6.500  -0.2087   0.14022   0.13426   0.0182   0.3718   0.6945
   7.000  -0.2496   0.14332   0.13753   0.0207   0.3596   0.7120
   7.500  -0.2012   0.14599   0.14037   0.0202   0.3579   0.7530
   8.000  -0.1460   0.14982   0.14436   0.0195   0.3569   0.8013
   8.500  -0.1821   0.15308   0.14788   0.0221   0.3457   0.8374
   9.000  -0.1414   0.15562   0.15060   0.0234   0.3438   0.9047
   9.500  -0.0708   0.16084   0.15580   0.0183   0.3428   0.9631
  10.000  -0.0689   0.16677   0.16179   0.0120   0.3323   0.9881
