  
       XFOIL         Version 6.99
  
 Calculated polar for: NACA 1138                                       
  
 1 1 Reynolds number fixed          Mach number fixed         
  
 xtrf =   1.000 (top)        1.000 (bottom)  
 Mach =   0.050     Re =     0.200 e 6     Ncrit =   9.000
  
   alpha    CL        CD       CDp       CM     Top_Xtr  Bot_Xtr
  ------ -------- --------- --------- -------- -------- --------
  -2.000  -0.0648   0.02415   0.01555  -0.0180   0.5420   0.4781
  -1.500  -0.0526   0.02396   0.01526  -0.0105   0.5313   0.4876
  -1.000  -0.0056   0.02405   0.01539  -0.0094   0.5205   0.4974
  -0.500  -0.0026   0.02404   0.01536  -0.0001   0.5103   0.5076
   0.000   0.0570   0.02398   0.01522  -0.0014   0.4998   0.5185
   0.500   0.0544   0.02410   0.01548   0.0088   0.4904   0.5286
   1.000   0.0756   0.02394   0.01525   0.0146   0.4812   0.5397
   1.500   0.1086   0.02416   0.01553   0.0182   0.4719   0.5510
   2.000   0.1081   0.02429   0.01562   0.0276   0.4629   0.5623
   2.500   0.1789   0.02433   0.01564   0.0244   0.4536   0.5757
   3.000   0.1701   0.02486   0.01629   0.0348   0.4452   0.5880
   3.500   0.2088   0.02503   0.01654   0.0369   0.4364   0.6012
   4.000   0.2457   0.02548   0.01692   0.0392   0.4283   0.6158
   4.500   0.2613   0.02611   0.01776   0.0446   0.4194   0.6294
   5.000   0.3178   0.02622   0.01769   0.0439   0.4117   0.6457
   5.500   0.3233   0.02733   0.01910   0.0502   0.4034   0.6603
   6.000   0.3552   0.02786   0.01957   0.0527   0.3955   0.6771
   6.500   0.4015   0.02846   0.02027   0.0531   0.3881   0.6944
   7.000   0.4024   0.02992   0.02191   0.0590   0.3798   0.7118
   7.500   0.4599   0.03008   0.02201   0.0580   0.3729   0.7314
   8.000   0.4568   0.03218   0.02440   0.0637   0.3649   0.7496
   8.500   0.4852   0.03320   0.02545   0.0657   0.3576   0.7706
   9.000   0.5296   0.03402   0.02630   0.0661   0.3509   0.7919
   9.500   0.5102   0.03726   0.02987   0.0722   0.3426   0.8127
  10.000   0.5745   0.03703   0.02952   0.0709   0.3366   0.8355
  -2.000  -0.0648   0.02415   0.01555  -0.0180   0.5420   0.4781
  -1.500  -0.0526   0.02396   0.01526  -0.0105   0.5313   0.4876
  -1.000  -0.0056   0.02405   0.01539  -0.0094   0.5205   0.4974
  -0.500  -0.0026   0.02404   0.01536  -0.0001   0.5103   0.5076
   0.000   0.0570   0.02398   0.01522  -0.0014   0.4998   0.5185
   0.500   0.0544   0.02410   0.01548   0.0088   0.4904   0.5286
   1.000   0.0756   0.02394   0.01525   0.0146   0.4812   0.5397
   1.500   0.1086   0.02416   0.01553   0.0182   0.4719   0.5510
   2.000   0.1081   0.02429   0.01562   0.0276   0.4629   0.5623
   2.500   0.1789   0.02433   0.01564   0.0244   0.4536   0.5757
   3.000   0.1701   0.02486   0.01629   0.0348   0.4452   0.5880
   3.500   0.2088   0.02503   0.01654   0.0369   0.4364   0.6012
   4.000   0.2457   0.02548   0.01692   0.0392   0.4283   0.6158
   4.500   0.2613   0.02611   0.01776   0.0446   0.4194   0.6294
   5.000   0.3178   0.02622   0.01769   0.0439   0.4117   0.6457
   5.500   0.3233   0.02733   0.01910   0.0502   0.4034   0.6603
   6.000   0.3552   0.02786   0.01957   0.0527   0.3955   0.6771
   6.500   0.4015   0.02846   0.02027   0.0531   0.3881   0.6944
   7.000   0.4024   0.02992   0.02191   0.0590   0.3798   0.7118
   7.500   0.4599   0.03008   0.02201   0.0580   0.3729   0.7314
   8.000   0.4568   0.03218   0.02440   0.0637   0.3649   0.7496
   8.500   0.4852   0.03320   0.02545   0.0657   0.3576   0.7706
   9.000   0.5296   0.03402   0.02630   0.0661   0.3509   0.7919
   9.500   0.5102   0.03726   0.02987   0.0722   0.3426   0.8127
  10.000   0.5745   0.03703   0.02952   0.0709   0.3366   0.8355
