  
       XFOIL         Version 6.99
  
 Calculated polar for: NACA 5504                                       
  
 1 1 Reynolds number fixed          Mach number fixed         
  
 xtrf =   1.000 (top)        1.000 (bottom)  
 Mach =   0.050     Re =     0.200 e 6     Ncrit =   9.000
  
   alpha    CL        CD       CDp       CM     Top_Xtr  Bot_Xtr
  ------ -------- --------- --------- -------- -------- --------
  -1.500   0.3546   0.01617   0.00892  -0.1405   0.9611   0.0414
  -1.000   0.4414   0.01345   0.00686  -0.1477   0.9591   0.2937
  -0.500   0.5053   0.01197   0.00668  -0.1496   0.9517   1.0000
   0.000   0.5785   0.01203   0.00644  -0.1534   0.9438   1.0000
   0.500   0.6432   0.01212   0.00644  -0.1554   0.9327   1.0000
   1.000   0.7068   0.01215   0.00644  -0.1570   0.9216   1.0000
   1.500   0.7689   0.01213   0.00649  -0.1582   0.9102   1.0000
   2.000   0.8293   0.01206   0.00671  -0.1587   0.8979   1.0000
   2.500   0.8882   0.01180   0.00671  -0.1585   0.8827   1.0000
   3.000   0.9315   0.00934   0.00398  -0.1487   0.7429   1.0000
   3.500   0.9268   0.01585   0.00669  -0.1366   0.0318   1.0000
   4.000   0.9618   0.01930   0.01032  -0.1319   0.0237   1.0000
   4.500   1.0102   0.02392   0.01518  -0.1289   0.0248   1.0000
