  
       XFOIL         Version 6.99
  
 Calculated polar for: NACA 5708                                       
  
 1 1 Reynolds number fixed          Mach number fixed         
  
 xtrf =   1.000 (top)        1.000 (bottom)  
 Mach =   0.050     Re =     0.200 e 6     Ncrit =   9.000
  
   alpha    CL        CD       CDp       CM     Top_Xtr  Bot_Xtr
  ------ -------- --------- --------- -------- -------- --------
  -2.000   0.1712   0.02197   0.01505  -0.1406   1.0000   0.2359
  -1.500   0.2345   0.02223   0.01569  -0.1431   1.0000   0.3744
  -1.000   0.2921   0.02273   0.01651  -0.1443   1.0000   0.4910
  -0.500   0.3449   0.02343   0.01745  -0.1443   1.0000   0.5873
   0.000   0.3922   0.02432   0.01850  -0.1431   1.0000   0.6602
   0.500   0.4913   0.02552   0.01976  -0.1520   0.9847   0.7265
   1.500   0.6341   0.02588   0.02041  -0.1584   0.9524   0.8207
   2.000   0.7028   0.02558   0.02037  -0.1607   0.9386   0.8830
   2.500   0.7753   0.02520   0.02013  -0.1639   0.9234   1.0000
   3.000   0.8591   0.02458   0.01965  -0.1689   0.9087   1.0000
   3.500   0.9584   0.02166   0.01695  -0.1747   0.8833   1.0000
   4.000   1.0558   0.01736   0.01293  -0.1786   0.8521   1.0000
   4.500   1.1541   0.01323   0.00747  -0.1809   0.5436   1.0000
   5.000   1.1407   0.01707   0.00952  -0.1677   0.2415   1.0000
   5.500   1.1581   0.02084   0.01204  -0.1610   0.0694   1.0000
   6.000   1.1895   0.02333   0.01452  -0.1563   0.0512   1.0000
   6.500   1.2290   0.02653   0.01772  -0.1531   0.0417   1.0000
   7.000   1.2787   0.02881   0.02018  -0.1516   0.0353   1.0000
   7.500   1.3666   0.03549   0.02721  -0.1572   0.0311   1.0000
   8.000   1.4109   0.03975   0.03216  -0.1541   0.0287   1.0000
   8.500   1.4427   0.04788   0.04123  -0.1489   0.0294   1.0000
