  
       XFOIL         Version 6.99
  
 Calculated polar for: NACA 5314                                       
  
 1 1 Reynolds number fixed          Mach number fixed         
  
 xtrf =   1.000 (top)        1.000 (bottom)  
 Mach =   0.050     Re =     0.200 e 6     Ncrit =   9.000
  
   alpha    CL        CD       CDp       CM     Top_Xtr  Bot_Xtr
  ------ -------- --------- --------- -------- -------- --------
  -2.000   0.3290   0.01479   0.00662  -0.1080   0.7322   0.1214
  -1.500   0.3812   0.01425   0.00599  -0.1068   0.6982   0.1413
  -1.000   0.4326   0.01392   0.00549  -0.1055   0.6611   0.1681
  -0.500   0.4826   0.01357   0.00511  -0.1041   0.6236   0.2071
   0.000   0.5311   0.01308   0.00480  -0.1028   0.5878   0.2996
   0.500   0.6066   0.01176   0.00503  -0.1057   0.5534   1.0000
   1.000   0.6532   0.01227   0.00510  -0.1039   0.5294   1.0000
   1.500   0.7017   0.01276   0.00529  -0.1025   0.5094   1.0000
   2.000   0.7518   0.01328   0.00554  -0.1014   0.4932   1.0000
   2.500   0.8030   0.01378   0.00586  -0.1006   0.4800   1.0000
   3.000   0.8548   0.01433   0.00628  -0.1000   0.4685   1.0000
   3.500   0.9084   0.01497   0.00671  -0.0997   0.4591   1.0000
   4.000   0.9601   0.01551   0.00725  -0.0991   0.4500   1.0000
   4.500   1.0145   0.01622   0.00780  -0.0991   0.4421   1.0000
   5.000   1.0655   0.01682   0.00848  -0.0985   0.4344   1.0000
   5.500   1.1197   0.01754   0.00910  -0.0985   0.4272   1.0000
   6.000   1.1704   0.01830   0.00996  -0.0979   0.4203   1.0000
   6.500   1.2221   0.01900   0.01069  -0.0976   0.4131   1.0000
   7.000   1.2753   0.01995   0.01164  -0.0976   0.4069   1.0000
   7.500   1.3223   0.02072   0.01260  -0.0965   0.3995   1.0000
   8.000   1.3765   0.02160   0.01344  -0.0967   0.3930   1.0000
   8.500   1.4206   0.02260   0.01469  -0.0952   0.3858   1.0000
   9.000   1.4693   0.02341   0.01560  -0.0945   0.3784   1.0000
   9.500   1.5157   0.02451   0.01684  -0.0935   0.3711   1.0000
  10.000   1.5580   0.02532   0.01784  -0.0917   0.3627   1.0000
