  
       XFOIL         Version 6.99
  
 Calculated polar for: NACA 9614                                       
  
 1 1 Reynolds number fixed          Mach number fixed         
  
 xtrf =   1.000 (top)        1.000 (bottom)  
 Mach =   0.050     Re =     0.200 e 6     Ncrit =   9.000
  
   alpha    CL        CD       CDp       CM     Top_Xtr  Bot_Xtr
  ------ -------- --------- --------- -------- -------- --------
  -1.500   0.5675   0.04416   0.03695  -0.2322   0.8103   0.1651
  -0.500   0.6545   0.04529   0.03818  -0.2298   0.7873   0.2220
   0.000   0.7259   0.04491   0.03782  -0.2326   0.7829   0.2662
   0.500   0.8041   0.04419   0.03724  -0.2363   0.7807   0.3160
   1.500   0.8847   0.04555   0.03881  -0.2321   0.7556   0.4000
   2.000   0.9541   0.04476   0.03818  -0.2340   0.7515   0.4541
   2.500   1.0290   0.04359   0.03715  -0.2366   0.7494   0.5108
   3.500   1.1064   0.04475   0.03858  -0.2313   0.7233   0.5968
   4.000   1.1768   0.04333   0.03727  -0.2329   0.7200   0.6471
   4.500   1.2510   0.04144   0.03552  -0.2351   0.7180   0.6996
   6.000   1.4001   0.03898   0.03354  -0.2308   0.6893   1.0000
   6.500   1.4790   0.03635   0.03092  -0.2334   0.6873   1.0000
   7.000   1.5660   0.03326   0.02787  -0.2373   0.6853   1.0000
   7.500   1.6001   0.03362   0.02830  -0.2336   0.6669   1.0000
   8.500   1.7006   0.03232   0.02706  -0.2307   0.6275   1.0000
   9.000   1.7549   0.03136   0.02598  -0.2295   0.5959   1.0000
   9.500   1.7931   0.03189   0.02636  -0.2264   0.5629   1.0000
  10.000   1.8159   0.03356   0.02796  -0.2213   0.5305   1.0000
