  
       XFOIL         Version 6.99
  
 Calculated polar for: NACA 9428                                       
  
 1 1 Reynolds number fixed          Mach number fixed         
  
 xtrf =   1.000 (top)        1.000 (bottom)  
 Mach =   0.050     Re =     0.200 e 6     Ncrit =   9.000
  
   alpha    CL        CD       CDp       CM     Top_Xtr  Bot_Xtr
  ------ -------- --------- --------- -------- -------- --------
  -2.000   0.6183   0.02433   0.01487  -0.1748   0.5668   0.1848
  -1.500   0.6346   0.02480   0.01539  -0.1684   0.5600   0.1927
  -1.000   0.6807   0.02490   0.01554  -0.1675   0.5536   0.2028
  -0.500   0.7528   0.02479   0.01525  -0.1710   0.5480   0.2167
   0.000   0.7772   0.02567   0.01624  -0.1664   0.5422   0.2277
   0.500   0.8126   0.02623   0.01690  -0.1639   0.5365   0.2406
   1.000   0.8719   0.02636   0.01696  -0.1653   0.5315   0.2583
   1.500   0.9372   0.02678   0.01729  -0.1678   0.5268   0.2789
   2.000   0.9378   0.02831   0.01912  -0.1600   0.5213   0.2933
   2.500   0.9703   0.02924   0.02016  -0.1574   0.5161   0.3148
   3.000   1.0359   0.02926   0.02017  -0.1599   0.5119   0.3484
   3.500   1.0972   0.02974   0.02079  -0.1621   0.5078   0.3963
   4.000   1.0567   0.03322   0.02479  -0.1495   0.5015   0.4310
   4.500   1.0687   0.03421   0.02705  -0.1440   0.4962   0.7702
   5.000   1.1332   0.03380   0.02659  -0.1453   0.4927   1.0000
   6.000   0.9352   0.05459   0.04810  -0.1159   0.4708   1.0000
   6.500   1.0452   0.05066   0.04380  -0.1213   0.4712   1.0000
   8.000   0.6252   0.11595   0.11023  -0.0946   0.4037   1.0000
   8.500   0.5757   0.12866   0.12306  -0.0936   0.3898   1.0000
   9.000   0.6364   0.12828   0.12248  -0.0941   0.3885   1.0000
  10.000   0.6249   0.14340   0.13762  -0.0944   0.3715   1.0000
