  
       XFOIL         Version 6.99
  
 Calculated polar for: NACA 4220                                       
  
 1 1 Reynolds number fixed          Mach number fixed         
  
 xtrf =   1.000 (top)        1.000 (bottom)  
 Mach =   0.050     Re =     0.200 e 6     Ncrit =   9.000
  
   alpha    CL        CD       CDp       CM     Top_Xtr  Bot_Xtr
  ------ -------- --------- --------- -------- -------- --------
  -2.000   0.2119   0.01597   0.00730  -0.0687   0.6378   0.1548
  -1.500   0.2557   0.01539   0.00665  -0.0661   0.6087   0.1794
  -1.000   0.2815   0.01352   0.00615  -0.0609   0.5817   0.5251
  -0.500   0.3195   0.01323   0.00633  -0.0564   0.5510   0.6844
   0.000   0.3623   0.01338   0.00651  -0.0528   0.5194   0.7646
   0.500   0.4051   0.01369   0.00680  -0.0492   0.4850   0.8252
   1.000   0.4492   0.01427   0.00722  -0.0458   0.4507   0.8776
   1.500   0.5012   0.01510   0.00775  -0.0442   0.4180   0.9196
   2.000   0.5754   0.01611   0.00848  -0.0474   0.3884   0.9504
   2.500   0.6795   0.01725   0.00927  -0.0571   0.3657   0.9697
   3.000   0.7698   0.01805   0.00980  -0.0647   0.3510   0.9839
   3.500   0.8601   0.01885   0.01027  -0.0725   0.3396   0.9957
   4.000   0.9102   0.01920   0.01062  -0.0727   0.3321   1.0000
   4.500   0.9371   0.01960   0.01093  -0.0681   0.3267   1.0000
   5.000   0.9751   0.02035   0.01146  -0.0655   0.3216   1.0000
   5.500   1.0033   0.02087   0.01203  -0.0608   0.3178   1.0000
   6.000   1.0349   0.02147   0.01263  -0.0568   0.3132   1.0000
   6.500   1.0722   0.02216   0.01327  -0.0539   0.3091   1.0000
   7.000   1.1183   0.02309   0.01408  -0.0527   0.3054   1.0000
   7.500   1.1633   0.02423   0.01523  -0.0514   0.3021   1.0000
   8.000   1.1964   0.02512   0.01625  -0.0480   0.2988   1.0000
   8.500   1.2342   0.02614   0.01734  -0.0455   0.2952   1.0000
   9.000   1.2767   0.02724   0.01848  -0.0441   0.2921   1.0000
   9.500   1.3253   0.02844   0.01964  -0.0437   0.2890   1.0000
  10.000   1.3750   0.03025   0.02147  -0.0440   0.2855   1.0000
  -2.000   0.2119   0.01597   0.00730  -0.0687   0.6378   0.1548
  -1.500   0.2557   0.01539   0.00665  -0.0661   0.6087   0.1794
  -1.000   0.2815   0.01352   0.00615  -0.0609   0.5817   0.5251
  -0.500   0.3195   0.01323   0.00633  -0.0564   0.5510   0.6844
   0.000   0.3623   0.01338   0.00651  -0.0528   0.5194   0.7646
   0.500   0.4051   0.01369   0.00680  -0.0492   0.4850   0.8252
   1.000   0.4492   0.01427   0.00722  -0.0458   0.4507   0.8776
   1.500   0.5012   0.01510   0.00775  -0.0442   0.4180   0.9196
   2.000   0.5754   0.01611   0.00848  -0.0474   0.3884   0.9504
   2.500   0.6795   0.01725   0.00927  -0.0571   0.3657   0.9697
   3.000   0.7698   0.01805   0.00980  -0.0647   0.3510   0.9839
   3.500   0.8601   0.01885   0.01027  -0.0725   0.3396   0.9957
   4.000   0.9102   0.01920   0.01062  -0.0727   0.3321   1.0000
   4.500   0.9371   0.01960   0.01093  -0.0681   0.3267   1.0000
   5.000   0.9751   0.02035   0.01146  -0.0655   0.3216   1.0000
   5.500   1.0033   0.02087   0.01203  -0.0608   0.3178   1.0000
   6.000   1.0349   0.02147   0.01263  -0.0568   0.3132   1.0000
   6.500   1.0722   0.02216   0.01327  -0.0539   0.3091   1.0000
   7.000   1.1183   0.02309   0.01408  -0.0527   0.3054   1.0000
   7.500   1.1633   0.02423   0.01523  -0.0514   0.3021   1.0000
   8.000   1.1964   0.02512   0.01625  -0.0480   0.2988   1.0000
   8.500   1.2342   0.02614   0.01734  -0.0455   0.2952   1.0000
   9.000   1.2767   0.02724   0.01848  -0.0441   0.2921   1.0000
   9.500   1.3253   0.02844   0.01964  -0.0437   0.2890   1.0000
  10.000   1.3750   0.03025   0.02147  -0.0440   0.2855   1.0000
  -2.000   0.2119   0.01597   0.00730  -0.0687   0.6378   0.1548
  -1.500   0.2557   0.01539   0.00665  -0.0661   0.6087   0.1794
  -1.000   0.2815   0.01352   0.00615  -0.0609   0.5817   0.5251
  -0.500   0.3195   0.01323   0.00633  -0.0564   0.5510   0.6844
   0.000   0.3623   0.01338   0.00651  -0.0528   0.5194   0.7646
   0.500   0.4051   0.01369   0.00680  -0.0492   0.4850   0.8252
   1.000   0.4492   0.01427   0.00722  -0.0458   0.4507   0.8776
   1.500   0.5012   0.01510   0.00775  -0.0442   0.4180   0.9196
   2.000   0.5754   0.01611   0.00848  -0.0474   0.3884   0.9504
   2.500   0.6795   0.01725   0.00927  -0.0571   0.3657   0.9697
   3.000   0.7698   0.01805   0.00980  -0.0647   0.3510   0.9839
   3.500   0.8601   0.01885   0.01027  -0.0725   0.3396   0.9957
   4.000   0.9102   0.01920   0.01062  -0.0727   0.3321   1.0000
   4.500   0.9371   0.01960   0.01093  -0.0681   0.3267   1.0000
   5.000   0.9751   0.02035   0.01146  -0.0655   0.3216   1.0000
   5.500   1.0033   0.02087   0.01203  -0.0608   0.3178   1.0000
   6.000   1.0349   0.02147   0.01263  -0.0568   0.3132   1.0000
   6.500   1.0722   0.02216   0.01327  -0.0539   0.3091   1.0000
   7.000   1.1183   0.02309   0.01408  -0.0527   0.3054   1.0000
   7.500   1.1633   0.02423   0.01523  -0.0514   0.3021   1.0000
   8.000   1.1964   0.02512   0.01625  -0.0480   0.2988   1.0000
   8.500   1.2342   0.02614   0.01734  -0.0455   0.2952   1.0000
   9.000   1.2767   0.02724   0.01848  -0.0441   0.2921   1.0000
   9.500   1.3253   0.02844   0.01964  -0.0437   0.2890   1.0000
  10.000   1.3750   0.03025   0.02147  -0.0440   0.2855   1.0000
