  
       XFOIL         Version 6.99
  
 Calculated polar for: NACA 4420                                       
  
 1 1 Reynolds number fixed          Mach number fixed         
  
 xtrf =   1.000 (top)        1.000 (bottom)  
 Mach =   0.050     Re =     0.200 e 6     Ncrit =   9.000
  
   alpha    CL        CD       CDp       CM     Top_Xtr  Bot_Xtr
  ------ -------- --------- --------- -------- -------- --------
  -2.000   0.2392   0.01489   0.00694  -0.1001   0.7002   0.3494
  -1.500   0.2902   0.01459   0.00673  -0.0990   0.6815   0.3933
  -1.000   0.3401   0.01430   0.00664  -0.0977   0.6635   0.4561
  -0.500   0.3888   0.01402   0.00670  -0.0961   0.6470   0.5538
   0.000   0.4381   0.01388   0.00684  -0.0942   0.6318   0.6630
   0.500   0.4857   0.01388   0.00707  -0.0918   0.6167   0.7546
   1.000   0.5332   0.01407   0.00744  -0.0891   0.6023   0.8330
   1.500   0.5900   0.01446   0.00779  -0.0881   0.5896   0.8965
   2.000   0.6592   0.01493   0.00816  -0.0900   0.5762   0.9442
   2.500   0.7537   0.01549   0.00861  -0.0977   0.5623   0.9693
   3.000   0.8547   0.01597   0.00889  -0.1071   0.5495   0.9890
   3.500   0.9341   0.01625   0.00908  -0.1126   0.5367   1.0000
   4.000   0.9649   0.01661   0.00938  -0.1085   0.5260   1.0000
   4.500   1.0008   0.01693   0.00959  -0.1051   0.5155   1.0000
   5.000   1.0337   0.01742   0.01006  -0.1011   0.5048   1.0000
   5.500   1.0765   0.01783   0.01034  -0.0987   0.4944   1.0000
   6.000   1.1091   0.01838   0.01093  -0.0945   0.4835   1.0000
   6.500   1.1597   0.01890   0.01127  -0.0937   0.4731   1.0000
   7.000   1.1891   0.01944   0.01194  -0.0890   0.4617   1.0000
   7.500   1.2359   0.02003   0.01244  -0.0876   0.4511   1.0000
   8.000   1.2700   0.02057   0.01304  -0.0839   0.4395   1.0000
   8.500   1.3074   0.02126   0.01374  -0.0809   0.4283   1.0000
   9.000   1.3484   0.02179   0.01421  -0.0785   0.4170   1.0000
   9.500   1.3672   0.02257   0.01513  -0.0724   0.4052   1.0000
  10.000   1.4007   0.02329   0.01582  -0.0691   0.3937   1.0000
  -2.000   0.2392   0.01489   0.00694  -0.1001   0.7002   0.3494
  -1.500   0.2902   0.01459   0.00673  -0.0990   0.6815   0.3933
  -1.000   0.3401   0.01430   0.00664  -0.0977   0.6635   0.4561
  -0.500   0.3888   0.01402   0.00670  -0.0961   0.6470   0.5538
   0.000   0.4381   0.01388   0.00684  -0.0942   0.6318   0.6630
   0.500   0.4857   0.01388   0.00707  -0.0918   0.6167   0.7546
   1.000   0.5332   0.01407   0.00744  -0.0891   0.6023   0.8330
   1.500   0.5900   0.01446   0.00779  -0.0881   0.5896   0.8965
   2.000   0.6592   0.01493   0.00816  -0.0900   0.5762   0.9442
   2.500   0.7537   0.01549   0.00861  -0.0977   0.5623   0.9693
   3.000   0.8547   0.01597   0.00889  -0.1071   0.5495   0.9890
   3.500   0.9341   0.01625   0.00908  -0.1126   0.5367   1.0000
   4.000   0.9649   0.01661   0.00938  -0.1085   0.5260   1.0000
   4.500   1.0008   0.01693   0.00959  -0.1051   0.5155   1.0000
   5.000   1.0337   0.01742   0.01006  -0.1011   0.5048   1.0000
   5.500   1.0765   0.01783   0.01034  -0.0987   0.4944   1.0000
   6.000   1.1091   0.01838   0.01093  -0.0945   0.4835   1.0000
   6.500   1.1597   0.01890   0.01127  -0.0937   0.4731   1.0000
   7.000   1.1891   0.01944   0.01194  -0.0890   0.4617   1.0000
   7.500   1.2359   0.02003   0.01244  -0.0876   0.4511   1.0000
   8.000   1.2700   0.02057   0.01304  -0.0839   0.4395   1.0000
   8.500   1.3074   0.02126   0.01374  -0.0809   0.4283   1.0000
   9.000   1.3484   0.02179   0.01421  -0.0785   0.4170   1.0000
   9.500   1.3672   0.02257   0.01513  -0.0724   0.4052   1.0000
  10.000   1.4007   0.02329   0.01582  -0.0691   0.3937   1.0000
  -2.000   0.2392   0.01489   0.00694  -0.1001   0.7002   0.3494
  -1.500   0.2902   0.01459   0.00673  -0.0990   0.6815   0.3933
  -1.000   0.3401   0.01430   0.00664  -0.0977   0.6635   0.4561
  -0.500   0.3888   0.01402   0.00670  -0.0961   0.6470   0.5538
   0.000   0.4381   0.01388   0.00684  -0.0942   0.6318   0.6630
   0.500   0.4857   0.01388   0.00707  -0.0918   0.6167   0.7546
   1.000   0.5332   0.01407   0.00744  -0.0891   0.6023   0.8330
   1.500   0.5900   0.01446   0.00779  -0.0881   0.5896   0.8965
   2.000   0.6592   0.01493   0.00816  -0.0900   0.5762   0.9442
   2.500   0.7537   0.01549   0.00861  -0.0977   0.5623   0.9693
   3.000   0.8547   0.01597   0.00889  -0.1071   0.5495   0.9890
   3.500   0.9341   0.01625   0.00908  -0.1126   0.5367   1.0000
   4.000   0.9649   0.01661   0.00938  -0.1085   0.5260   1.0000
   4.500   1.0008   0.01693   0.00959  -0.1051   0.5155   1.0000
   5.000   1.0337   0.01742   0.01006  -0.1011   0.5048   1.0000
   5.500   1.0765   0.01783   0.01034  -0.0987   0.4944   1.0000
   6.000   1.1091   0.01838   0.01093  -0.0945   0.4835   1.0000
   6.500   1.1597   0.01890   0.01127  -0.0937   0.4731   1.0000
   7.000   1.1891   0.01944   0.01194  -0.0890   0.4617   1.0000
   7.500   1.2359   0.02003   0.01244  -0.0876   0.4511   1.0000
   8.000   1.2700   0.02057   0.01304  -0.0839   0.4395   1.0000
   8.500   1.3074   0.02126   0.01374  -0.0809   0.4283   1.0000
   9.000   1.3484   0.02179   0.01421  -0.0785   0.4170   1.0000
   9.500   1.3672   0.02257   0.01513  -0.0724   0.4052   1.0000
  10.000   1.4007   0.02329   0.01582  -0.0691   0.3937   1.0000
