  
       XFOIL         Version 6.99
  
 Calculated polar for: NACA 3308                                       
  
 1 1 Reynolds number fixed          Mach number fixed         
  
 xtrf =   1.000 (top)        1.000 (bottom)  
 Mach =   0.050     Re =     0.200 e 6     Ncrit =   9.000
  
   alpha    CL        CD       CDp       CM     Top_Xtr  Bot_Xtr
  ------ -------- --------- --------- -------- -------- --------
  -2.000   0.0735   0.01340   0.00585  -0.0650   0.9594   0.0899
  -1.500   0.1520   0.01200   0.00473  -0.0696   0.9458   0.1562
  -1.000   0.2277   0.00888   0.00423  -0.0728   0.9332   1.0000
  -0.500   0.2925   0.00865   0.00367  -0.0738   0.9076   1.0000
   0.000   0.3490   0.00848   0.00325  -0.0730   0.8750   1.0000
   0.500   0.4018   0.00842   0.00295  -0.0714   0.8352   1.0000
   1.000   0.4533   0.00850   0.00276  -0.0696   0.7879   1.0000
   1.500   0.5041   0.00874   0.00268  -0.0678   0.7325   1.0000
   2.000   0.5546   0.00913   0.00274  -0.0662   0.6724   1.0000
   2.500   0.6051   0.00965   0.00293  -0.0649   0.6154   1.0000
   3.000   0.6562   0.01023   0.00325  -0.0638   0.5694   1.0000
   3.500   0.7082   0.01082   0.00368  -0.0630   0.5338   1.0000
   4.000   0.7606   0.01142   0.00420  -0.0624   0.5058   1.0000
   4.500   0.8132   0.01204   0.00477  -0.0618   0.4820   1.0000
   5.000   0.8653   0.01260   0.00542  -0.0611   0.4569   1.0000
   5.500   0.9144   0.01304   0.00584  -0.0598   0.4169   1.0000
   6.000   0.9637   0.01356   0.00640  -0.0587   0.3808   1.0000
   6.500   1.0120   0.01402   0.00699  -0.0573   0.3315   1.0000
   7.000   1.0436   0.01651   0.00840  -0.0543   0.1146   1.0000
   7.500   1.0713   0.02004   0.01154  -0.0504   0.0532   1.0000
   8.000   1.1019   0.02296   0.01456  -0.0467   0.0419   1.0000
   8.500   1.1373   0.02545   0.01726  -0.0437   0.0357   1.0000
   9.000   1.1709   0.02979   0.02172  -0.0407   0.0316   1.0000
   9.500   1.2090   0.03318   0.02550  -0.0381   0.0285   1.0000
  10.000   1.2433   0.03812   0.03095  -0.0354   0.0271   1.0000
