  
       XFOIL         Version 6.99
  
 Calculated polar for: NACA 1136                                       
  
 1 1 Reynolds number fixed          Mach number fixed         
  
 xtrf =   1.000 (top)        1.000 (bottom)  
 Mach =   0.050     Re =     0.200 e 6     Ncrit =   9.000
  
   alpha    CL        CD       CDp       CM     Top_Xtr  Bot_Xtr
  ------ -------- --------- --------- -------- -------- --------
  -2.000  -0.0755   0.02262   0.01411  -0.0169   0.5554   0.4848
  -1.500  -0.0639   0.02255   0.01393  -0.0090   0.5434   0.4952
  -1.000  -0.0077   0.02252   0.01396  -0.0095   0.5315   0.5065
  -0.500   0.0084   0.02251   0.01394  -0.0024   0.5199   0.5177
   0.000   0.0633   0.02251   0.01388  -0.0027   0.5087   0.5296
   0.500   0.0756   0.02257   0.01404   0.0050   0.4979   0.5413
   1.000   0.1238   0.02252   0.01391   0.0061   0.4874   0.5540
   1.500   0.1396   0.02271   0.01421   0.0130   0.4773   0.5664
   2.000   0.1687   0.02263   0.01411   0.0175   0.4674   0.5795
   2.500   0.2004   0.02290   0.01442   0.0214   0.4578   0.5933
   3.000   0.2204   0.02302   0.01460   0.0273   0.4480   0.6070
   3.500   0.2738   0.02330   0.01479   0.0272   0.4388   0.6228
   4.000   0.2839   0.02377   0.01546   0.0343   0.4294   0.6372
   4.500   0.3322   0.02399   0.01557   0.0351   0.4206   0.6543
   5.000   0.3523   0.02471   0.01651   0.0400   0.4116   0.6699
   5.500   0.3854   0.02512   0.01688   0.0428   0.4029   0.6881
   6.000   0.4254   0.02577   0.01764   0.0445   0.3945   0.7060
   6.500   0.4443   0.02660   0.01861   0.0490   0.3856   0.7247
   7.000   0.5041   0.02689   0.01875   0.0478   0.3776   0.7453
   7.500   0.5007   0.02847   0.02068   0.0547   0.3692   0.7650
   8.000   0.5459   0.02894   0.02112   0.0554   0.3614   0.7861
   8.500   0.5560   0.03060   0.02295   0.0600   0.3533   0.8091
   9.000   0.5834   0.03173   0.02416   0.0626   0.3453   0.8319
   9.500   0.6130   0.03313   0.02563   0.0649   0.3379   0.8539
  10.000   0.6179   0.03541   0.02810   0.0692   0.3297   0.8771
  -2.000  -0.0755   0.02262   0.01411  -0.0169   0.5554   0.4848
  -1.500  -0.0639   0.02255   0.01393  -0.0090   0.5434   0.4952
  -1.000  -0.0077   0.02252   0.01396  -0.0095   0.5315   0.5065
  -0.500   0.0084   0.02251   0.01394  -0.0024   0.5199   0.5177
   0.000   0.0633   0.02251   0.01388  -0.0027   0.5087   0.5296
   0.500   0.0756   0.02257   0.01404   0.0050   0.4979   0.5413
   1.000   0.1238   0.02252   0.01391   0.0061   0.4874   0.5540
   1.500   0.1396   0.02271   0.01421   0.0130   0.4773   0.5664
   2.000   0.1687   0.02263   0.01411   0.0175   0.4674   0.5795
   2.500   0.2004   0.02290   0.01442   0.0214   0.4578   0.5933
   3.000   0.2204   0.02302   0.01460   0.0273   0.4480   0.6070
   3.500   0.2738   0.02330   0.01479   0.0272   0.4388   0.6228
   4.000   0.2839   0.02377   0.01546   0.0343   0.4294   0.6372
   4.500   0.3322   0.02399   0.01557   0.0351   0.4206   0.6543
   5.000   0.3523   0.02471   0.01651   0.0400   0.4116   0.6699
   5.500   0.3854   0.02512   0.01688   0.0428   0.4029   0.6881
   6.000   0.4254   0.02577   0.01764   0.0445   0.3945   0.7060
   6.500   0.4443   0.02660   0.01861   0.0490   0.3856   0.7247
   7.000   0.5041   0.02689   0.01875   0.0478   0.3776   0.7453
   7.500   0.5007   0.02847   0.02068   0.0547   0.3692   0.7650
   8.000   0.5459   0.02894   0.02112   0.0554   0.3614   0.7861
   8.500   0.5560   0.03060   0.02295   0.0600   0.3533   0.8091
   9.000   0.5834   0.03173   0.02416   0.0626   0.3453   0.8319
   9.500   0.6130   0.03313   0.02563   0.0649   0.3379   0.8539
  10.000   0.6179   0.03541   0.02810   0.0692   0.3297   0.8771
