  
       XFOIL         Version 6.99
  
 Calculated polar for: NACA 5524                                       
  
 1 1 Reynolds number fixed          Mach number fixed         
  
 xtrf =   1.000 (top)        1.000 (bottom)  
 Mach =   0.050     Re =     0.200 e 6     Ncrit =   9.000
  
   alpha    CL        CD       CDp       CM     Top_Xtr  Bot_Xtr
  ------ -------- --------- --------- -------- -------- --------
  -2.000   0.3386   0.01845   0.01043  -0.1339   0.7169   0.3473
  -1.500   0.3932   0.01831   0.01030  -0.1336   0.7058   0.3696
  -1.000   0.4519   0.01804   0.01003  -0.1340   0.6945   0.3940
  -0.500   0.4982   0.01805   0.01013  -0.1322   0.6820   0.4181
   0.000   0.5647   0.01777   0.00982  -0.1341   0.6717   0.4468
   0.500   0.6042   0.01789   0.01007  -0.1310   0.6583   0.4734
   1.000   0.6656   0.01778   0.00999  -0.1319   0.6476   0.5055
   1.500   0.7099   0.01783   0.01016  -0.1297   0.6347   0.5379
   2.000   0.7579   0.01797   0.01037  -0.1282   0.6228   0.5752
   2.500   0.8149   0.01789   0.01037  -0.1283   0.6113   0.6180
   3.000   0.8509   0.01813   0.01082  -0.1246   0.5985   0.6651
   3.500   0.9092   0.01809   0.01091  -0.1247   0.5876   0.7287
   4.000   0.9349   0.01824   0.01141  -0.1186   0.5749   0.8141
   4.500   0.9936   0.01855   0.01192  -0.1185   0.5630   0.9616
   5.000   1.0608   0.01885   0.01200  -0.1214   0.5509   1.0000
   5.500   1.0792   0.01949   0.01259  -0.1151   0.5384   1.0000
   6.000   1.1331   0.01990   0.01280  -0.1151   0.5272   1.0000
   6.500   1.1576   0.02062   0.01350  -0.1100   0.5147   1.0000
   7.000   1.1935   0.02139   0.01421  -0.1071   0.5030   1.0000
   7.500   1.2426   0.02189   0.01456  -0.1064   0.4915   1.0000
   8.000   1.2606   0.02307   0.01580  -0.1009   0.4791   1.0000
   8.500   1.3046   0.02380   0.01642  -0.0995   0.4678   1.0000
   9.000   1.3303   0.02490   0.01753  -0.0955   0.4557   1.0000
   9.500   1.3553   0.02625   0.01890  -0.0917   0.4438   1.0000
  10.000   1.4061   0.02685   0.01932  -0.0915   0.4327   1.0000
