  
       XFOIL         Version 6.99
  
 Calculated polar for: NACA 6110                                       
  
 1 1 Reynolds number fixed          Mach number fixed         
  
 xtrf =   1.000 (top)        1.000 (bottom)  
 Mach =   0.050     Re =     0.200 e 6     Ncrit =   9.000
  
   alpha    CL        CD       CDp       CM     Top_Xtr  Bot_Xtr
  ------ -------- --------- --------- -------- -------- --------
  -2.000   0.3207   0.03752   0.02993  -0.0743   0.1881   0.0139
  -1.500   0.3712   0.03476   0.02678  -0.0742   0.1821   0.0149
  -1.000   0.4250   0.03324   0.02486  -0.0732   0.1782   0.0164
  -0.500   0.4802   0.03193   0.02314  -0.0721   0.1752   0.0172
   0.000   0.5310   0.02912   0.02003  -0.0720   0.1725   0.0192
   0.500   0.5859   0.02835   0.01885  -0.0707   0.1702   0.0226
   1.000   0.6391   0.02732   0.01746  -0.0699   0.1682   0.0269
   1.500   0.6933   0.02695   0.01671  -0.0690   0.1665   0.0293
   2.000   0.7474   0.02682   0.01632  -0.0686   0.1649   0.0346
   2.500   0.8010   0.02623   0.01561  -0.0679   0.1637   0.0394
   3.000   0.8545   0.02620   0.01547  -0.0672   0.1627   0.0483
   3.500   0.9073   0.02628   0.01552  -0.0666   0.1619   0.0736
