  
       XFOIL         Version 6.99
  
 Calculated polar for: NACA 1238                                       
  
 1 1 Reynolds number fixed          Mach number fixed         
  
 xtrf =   1.000 (top)        1.000 (bottom)  
 Mach =   0.050     Re =     0.200 e 6     Ncrit =   9.000
  
   alpha    CL        CD       CDp       CM     Top_Xtr  Bot_Xtr
  ------ -------- --------- --------- -------- -------- --------
  -2.000  -0.0935   0.02418   0.01557  -0.0163   0.5401   0.4836
  -1.500  -0.0513   0.02411   0.01553  -0.0142   0.5283   0.4925
  -1.000  -0.0353   0.02412   0.01546  -0.0074   0.5177   0.5020
  -0.500  -0.0113   0.02392   0.01528  -0.0021   0.5065   0.5114
   0.000   0.0288   0.02402   0.01534   0.0003   0.4961   0.5215
   0.500   0.0180   0.02393   0.01520   0.0120   0.4863   0.5309
   1.000   0.0851   0.02393   0.01517   0.0094   0.4757   0.5425
   1.500   0.0709   0.02404   0.01539   0.0214   0.4665   0.5529
   2.000   0.1042   0.02403   0.01535   0.0248   0.4571   0.5643
   2.500   0.1357   0.02442   0.01579   0.0283   0.4479   0.5767
   3.000   0.1548   0.02467   0.01603   0.0337   0.4384   0.5891
   3.500   0.2084   0.02492   0.01625   0.0334   0.4294   0.6027
   4.000   0.2135   0.02556   0.01698   0.0406   0.4205   0.6161
   4.500   0.2647   0.02576   0.01719   0.0406   0.4123   0.6306
   5.000   0.2801   0.02661   0.01811   0.0457   0.4038   0.6456
   5.500   0.3133   0.02717   0.01878   0.0481   0.3954   0.6611
   6.000   0.3602   0.02767   0.01922   0.0484   0.3880   0.6781
   6.500   0.3667   0.02902   0.02081   0.0539   0.3800   0.6948
   7.000   0.4181   0.02931   0.02104   0.0536   0.3730   0.7128
   7.500   0.4303   0.03094   0.02281   0.0578   0.3659   0.7319
   8.000   0.4515   0.03230   0.02437   0.0607   0.3589   0.7507
   8.500   0.5209   0.03228   0.02421   0.0584   0.3531   0.7718
   9.000   0.4941   0.03557   0.02786   0.0658   0.3463   0.7932
   9.500   0.5176   0.03725   0.02970   0.0680   0.3403   0.8145
  10.000   0.5952   0.03688   0.02917   0.0653   0.3356   0.8365
