  
       XFOIL         Version 6.99
  
 Calculated polar for: NACA 7728                                       
  
 1 1 Reynolds number fixed          Mach number fixed         
  
 xtrf =   1.000 (top)        1.000 (bottom)  
 Mach =   0.050     Re =     0.200 e 6     Ncrit =   9.000
  
   alpha    CL        CD       CDp       CM     Top_Xtr  Bot_Xtr
  ------ -------- --------- --------- -------- -------- --------
  -2.000   0.2099   0.03446   0.02707  -0.1601   0.7284   0.3235
  -1.500   0.2900   0.03272   0.02544  -0.1639   0.7262   0.3398
  -1.000   0.3749   0.03087   0.02361  -0.1685   0.7245   0.3573
  -0.500   0.4280   0.03073   0.02340  -0.1685   0.7105   0.3729
   0.000   0.5185   0.02872   0.02146  -0.1739   0.7077   0.3924
   0.500   0.5839   0.02810   0.02089  -0.1756   0.6953   0.4096
   1.000   0.6842   0.02610   0.01882  -0.1829   0.6896   0.4312
   1.500   0.7512   0.02586   0.01848  -0.1850   0.6746   0.4503
   2.000   0.8421   0.02477   0.01736  -0.1910   0.6636   0.4715
   2.500   0.9056   0.02478   0.01733  -0.1926   0.6478   0.4904
   3.000   0.9492   0.02560   0.01808  -0.1911   0.6308   0.5087
   3.500   1.0068   0.02585   0.01838  -0.1917   0.6166   0.5277
   4.000   1.0677   0.02604   0.01849  -0.1929   0.6025   0.5473
   4.500   1.0955   0.02733   0.01983  -0.1887   0.5868   0.5651
   5.000   1.1505   0.02773   0.02022  -0.1889   0.5739   0.5832
   5.500   1.1878   0.02869   0.02116  -0.1863   0.5598   0.6019
   6.000   1.2216   0.02983   0.02238  -0.1831   0.5463   0.6181
   6.500   1.2781   0.03019   0.02263  -0.1835   0.5342   0.6363
   7.000   1.2947   0.03197   0.02454  -0.1779   0.5204   0.6524
   7.500   1.3516   0.03232   0.02478  -0.1783   0.5092   0.6685
   8.000   1.3662   0.03427   0.02684  -0.1728   0.4959   0.6849
   8.500   1.4090   0.03512   0.02767  -0.1712   0.4848   0.7005
   9.000   1.4319   0.03675   0.02937  -0.1670   0.4725   0.7151
   9.500   1.4668   0.03809   0.03070  -0.1648   0.4613   0.7319
  10.000   1.4953   0.03956   0.03219  -0.1616   0.4498   0.7477
