  
       XFOIL         Version 6.99
  
 Calculated polar for: NACA 5122                                       
  
 1 1 Reynolds number fixed          Mach number fixed         
  
 xtrf =   1.000 (top)        1.000 (bottom)  
 Mach =   0.050     Re =     0.200 e 6     Ncrit =   9.000
  
   alpha    CL        CD       CDp       CM     Top_Xtr  Bot_Xtr
  ------ -------- --------- --------- -------- -------- --------
  -2.000   0.2870   0.02083   0.01211  -0.0639   0.5836   0.1306
  -1.000   0.3918   0.01973   0.01071  -0.0598   0.5315   0.1109
  -0.500   0.4413   0.02017   0.01087  -0.0570   0.5054   0.0892
   0.000   0.4861   0.01995   0.01051  -0.0542   0.4795   0.0836
   0.500   0.5274   0.01967   0.01014  -0.0509   0.4538   0.0787
   1.000   0.5648   0.01951   0.00984  -0.0471   0.4281   0.0782
   1.500   0.5959   0.01898   0.00940  -0.0427   0.4009   0.0820
   2.000   0.6258   0.01910   0.00931  -0.0379   0.3700   0.0838
   2.500   0.6480   0.01932   0.00929  -0.0319   0.3341   0.0888
   3.000   0.6665   0.02017   0.00977  -0.0258   0.2858   0.0943
   3.500   0.6819   0.02164   0.01082  -0.0200   0.2373   0.1048
   4.000   0.6967   0.02128   0.01224  -0.0147   0.2139   0.6862
   4.500   0.7592   0.02292   0.01448  -0.0165   0.1990   0.9912
   5.000   0.7933   0.02437   0.01570  -0.0149   0.1923   1.0000
   5.500   0.8145   0.02554   0.01673  -0.0105   0.1878   1.0000
   6.000   0.8411   0.02692   0.01791  -0.0073   0.1841   1.0000
   6.500   0.8760   0.02830   0.01910  -0.0053   0.1811   1.0000
   7.000   0.9117   0.02960   0.02036  -0.0036   0.1788   1.0000
   7.500   0.9480   0.03097   0.02167  -0.0022   0.1764   1.0000
   8.000   0.9852   0.03239   0.02302  -0.0010   0.1741   1.0000
   8.500   1.0247   0.03381   0.02435  -0.0002   0.1723   1.0000
   9.000   1.0691   0.03521   0.02565   0.0001   0.1708   1.0000
   9.500   1.1228   0.03670   0.02702  -0.0005   0.1693   1.0000
  10.000   1.1579   0.03853   0.02893   0.0004   0.1685   1.0000
