  
       XFOIL         Version 6.99
  
 Calculated polar for: NACA 3814                                       
  
 1 1 Reynolds number fixed          Mach number fixed         
  
 xtrf =   1.000 (top)        1.000 (bottom)  
 Mach =   0.050     Re =     0.200 e 6     Ncrit =   9.000
  
   alpha    CL        CD       CDp       CM     Top_Xtr  Bot_Xtr
  ------ -------- --------- --------- -------- -------- --------
  -2.000   0.0150   0.01965   0.01324  -0.0939   0.9735   0.4924
  -1.500   0.0979   0.01971   0.01348  -0.0993   0.9611   0.5456
  -1.000   0.1780   0.01959   0.01353  -0.1040   0.9483   0.5956
  -0.500   0.2553   0.01926   0.01340  -0.1076   0.9348   0.6403
   0.000   0.3297   0.01874   0.01305  -0.1104   0.9207   0.6806
   0.500   0.4013   0.01802   0.01248  -0.1123   0.9057   0.7159
   1.000   0.4592   0.01722   0.01181  -0.1112   0.8826   0.7467
   1.500   0.5214   0.01621   0.01094  -0.1106   0.8612   0.7723
   2.000   0.5707   0.01537   0.01019  -0.1076   0.8240   0.7977
   2.500   0.6559   0.01363   0.00844  -0.1110   0.7929   0.8217
   3.000   0.7783   0.01244   0.00695  -0.1226   0.7322   0.8424
   3.500   0.8381   0.01290   0.00709  -0.1227   0.6642   0.8644
   4.000   0.8759   0.01328   0.00727  -0.1182   0.6064   0.8863
   4.500   0.9096   0.01365   0.00745  -0.1131   0.5528   0.9108
   5.000   0.9377   0.01391   0.00756  -0.1069   0.5027   0.9392
   5.500   0.9718   0.01422   0.00772  -0.1024   0.4509   1.0000
   6.000   1.0198   0.01519   0.00845  -0.1016   0.3936   1.0000
   6.500   1.0649   0.01629   0.00930  -0.1003   0.3361   1.0000
   7.000   1.1066   0.01757   0.01030  -0.0983   0.2795   1.0000
   7.500   1.1462   0.01900   0.01147  -0.0961   0.2259   1.0000
   8.000   1.1826   0.02064   0.01285  -0.0933   0.1806   1.0000
   8.500   1.2169   0.02241   0.01444  -0.0902   0.1469   1.0000
   9.000   1.2492   0.02426   0.01618  -0.0868   0.1230   1.0000
   9.500   1.2781   0.02635   0.01820  -0.0829   0.1062   1.0000
  10.000   1.3067   0.02846   0.02031  -0.0791   0.0938   1.0000
