  
       XFOIL         Version 6.99
  
 Calculated polar for: NACA 4202                                       
  
 1 1 Reynolds number fixed          Mach number fixed         
  
 xtrf =   1.000 (top)        1.000 (bottom)  
 Mach =   0.050     Re =     0.200 e 6     Ncrit =   9.000
  
   alpha    CL        CD       CDp       CM     Top_Xtr  Bot_Xtr
  ------ -------- --------- --------- -------- -------- --------
  -1.500   0.1036   0.03214   0.02742  -0.0533   1.0000   0.0254
  -1.000   0.1806   0.02458   0.01959  -0.0606   0.9948   0.0317
  -0.500   0.2776   0.02016   0.01466  -0.0681   0.9821   0.0434
   0.000   0.3672   0.01664   0.01060  -0.0736   0.9609   0.0665
   0.500   0.4471   0.01317   0.00663  -0.0756   0.9232   0.0314
   1.000   0.4946   0.00193  -0.00503  -0.0702   0.7946   0.0262
   1.500   0.5395   0.00175  -0.00600  -0.0671   0.5970   0.1496
   2.000   0.5822   0.00189  -0.00557  -0.0649   0.4261   1.0000
   2.500   0.6318   0.00222  -0.00573  -0.0644   0.3802   1.0000
   3.000   0.6823   0.00252  -0.00567  -0.0641   0.3542   1.0000
   3.500   0.7320   0.00277  -0.00556  -0.0638   0.3139   1.0000
   4.000   0.7763   0.00385  -0.00564  -0.0631   0.0274   1.0000
   4.500   0.8266   0.00488  -0.00399  -0.0616   0.0217   1.0000
  -1.500   0.1036   0.03214   0.02742  -0.0533   1.0000   0.0254
  -1.000   0.1806   0.02458   0.01959  -0.0606   0.9948   0.0317
  -0.500   0.2776   0.02016   0.01466  -0.0681   0.9821   0.0434
   0.000   0.3672   0.01664   0.01060  -0.0736   0.9609   0.0665
   0.500   0.4471   0.01317   0.00663  -0.0756   0.9232   0.0314
   1.000   0.4946   0.00193  -0.00503  -0.0702   0.7946   0.0262
   1.500   0.5395   0.00175  -0.00600  -0.0671   0.5970   0.1496
   2.000   0.5822   0.00189  -0.00557  -0.0649   0.4261   1.0000
   2.500   0.6318   0.00222  -0.00573  -0.0644   0.3802   1.0000
   3.000   0.6823   0.00252  -0.00567  -0.0641   0.3542   1.0000
   3.500   0.7320   0.00277  -0.00556  -0.0638   0.3139   1.0000
   4.000   0.7763   0.00385  -0.00564  -0.0631   0.0274   1.0000
   4.500   0.8266   0.00488  -0.00399  -0.0616   0.0217   1.0000
  -1.500   0.1036   0.03214   0.02742  -0.0533   1.0000   0.0254
  -1.000   0.1806   0.02458   0.01959  -0.0606   0.9948   0.0317
  -0.500   0.2776   0.02016   0.01466  -0.0681   0.9821   0.0434
   0.000   0.3672   0.01664   0.01060  -0.0736   0.9609   0.0665
   0.500   0.4471   0.01317   0.00663  -0.0756   0.9232   0.0314
   1.000   0.4946   0.00193  -0.00503  -0.0702   0.7946   0.0262
   1.500   0.5395   0.00175  -0.00600  -0.0671   0.5970   0.1496
   2.000   0.5822   0.00189  -0.00557  -0.0649   0.4261   1.0000
   2.500   0.6318   0.00222  -0.00573  -0.0644   0.3802   1.0000
   3.000   0.6823   0.00252  -0.00567  -0.0641   0.3542   1.0000
   3.500   0.7320   0.00277  -0.00556  -0.0638   0.3139   1.0000
   4.000   0.7763   0.00385  -0.00564  -0.0631   0.0274   1.0000
   4.500   0.8266   0.00488  -0.00399  -0.0616   0.0217   1.0000
