  
       XFOIL         Version 6.99
  
 Calculated polar for: NACA 8614                                       
  
 1 1 Reynolds number fixed          Mach number fixed         
  
 xtrf =   1.000 (top)        1.000 (bottom)  
 Mach =   0.050     Re =     0.200 e 6     Ncrit =   9.000
  
   alpha    CL        CD       CDp       CM     Top_Xtr  Bot_Xtr
  ------ -------- --------- --------- -------- -------- --------
  -2.000   0.4478   0.03807   0.03072  -0.2105   0.8270   0.1714
  -1.500   0.5305   0.03752   0.03026  -0.2155   0.8247   0.2095
  -1.000   0.5680   0.03818   0.03097  -0.2131   0.8119   0.2413
  -0.500   0.6479   0.03756   0.03048  -0.2173   0.8093   0.2899
   1.500   0.8603   0.03794   0.03140  -0.2160   0.7714   0.4781
   2.000   0.9237   0.03737   0.03096  -0.2169   0.7646   0.5316
   2.500   0.9998   0.03609   0.02981  -0.2195   0.7623   0.5862
   3.500   1.0962   0.03587   0.02986  -0.2164   0.7397   0.6756
   4.000   1.1966   0.03249   0.02666  -0.2223   0.7452   0.7388
   5.000   1.3137   0.02941   0.02395  -0.2214   0.7299   1.0000
   6.000   1.4508   0.02627   0.02083  -0.2241   0.7134   1.0000
   7.000   1.5350   0.02593   0.02059  -0.2184   0.6743   1.0000
   7.500   1.5934   0.02494   0.01958  -0.2180   0.6517   1.0000
   8.000   1.6430   0.02453   0.01906  -0.2161   0.6183   1.0000
   8.500   1.6862   0.02481   0.01912  -0.2135   0.5811   1.0000
   9.000   1.7099   0.02630   0.02050  -0.2081   0.5447   1.0000
   9.500   1.7256   0.02826   0.02238  -0.2018   0.5096   1.0000
  10.000   1.7359   0.03065   0.02471  -0.1950   0.4741   1.0000
