  
       XFOIL         Version 6.99
  
 Calculated polar for: NACA 5816                                       
  
 1 1 Reynolds number fixed          Mach number fixed         
  
 xtrf =   1.000 (top)        1.000 (bottom)  
 Mach =   0.050     Re =     0.200 e 6     Ncrit =   9.000
  
   alpha    CL        CD       CDp       CM     Top_Xtr  Bot_Xtr
  ------ -------- --------- --------- -------- -------- --------
  -2.000   0.1960   0.02978   0.02320  -0.1551   0.9278   0.3982
  -1.000   0.3620   0.02935   0.02303  -0.1656   0.9109   0.4827
  -0.500   0.4338   0.02865   0.02247  -0.1683   0.8984   0.5209
   0.000   0.5039   0.02779   0.02176  -0.1706   0.8856   0.5581
   0.500   0.5717   0.02677   0.02086  -0.1721   0.8721   0.5943
   1.000   0.6350   0.02559   0.01987  -0.1724   0.8572   0.6253
   1.500   0.6832   0.02464   0.01906  -0.1699   0.8315   0.6545
   2.000   0.7417   0.02350   0.01805  -0.1689   0.8115   0.6819
   2.500   0.8073   0.02201   0.01666  -0.1688   0.7933   0.7057
   3.000   0.8919   0.01991   0.01457  -0.1720   0.7735   0.7281
   3.500   0.9980   0.01783   0.01233  -0.1798   0.7408   0.7491
   4.000   1.0764   0.01751   0.01176  -0.1831   0.6916   0.7679
   4.500   1.1280   0.01803   0.01203  -0.1816   0.6448   0.7857
   5.000   1.1659   0.01876   0.01261  -0.1775   0.6010   0.8033
   5.500   1.2014   0.01950   0.01321  -0.1732   0.5596   0.8206
   6.000   1.2350   0.02026   0.01385  -0.1686   0.5194   0.8378
   6.500   1.2681   0.02107   0.01454  -0.1641   0.4802   0.8548
   7.000   1.3000   0.02195   0.01531  -0.1596   0.4413   0.8716
   7.500   1.3305   0.02294   0.01620  -0.1550   0.4027   0.8879
   8.000   1.3585   0.02397   0.01714  -0.1501   0.3646   0.9038
   8.500   1.3841   0.02515   0.01823  -0.1449   0.3271   0.9203
   9.000   1.4074   0.02647   0.01946  -0.1396   0.2904   0.9385
   9.500   1.4244   0.02782   0.02074  -0.1333   0.2563   0.9699
  10.000   1.4500   0.02995   0.02275  -0.1294   0.2214   1.0000
