  
       XFOIL         Version 6.99
  
 Calculated polar for: NACA 5228                                       
  
 1 1 Reynolds number fixed          Mach number fixed         
  
 xtrf =   1.000 (top)        1.000 (bottom)  
 Mach =   0.050     Re =     0.200 e 6     Ncrit =   9.000
  
   alpha    CL        CD       CDp       CM     Top_Xtr  Bot_Xtr
  ------ -------- --------- --------- -------- -------- --------
  -2.000   0.2559   0.01915   0.00989  -0.0669   0.5264   0.1923
  -1.500   0.2620   0.01760   0.00928  -0.0584   0.5102   0.4011
  -1.000   0.2838   0.01734   0.00938  -0.0518   0.4917   0.5298
  -0.500   0.3076   0.01744   0.00954  -0.0455   0.4721   0.5829
   0.000   0.3331   0.01766   0.00981  -0.0397   0.4520   0.6229
   0.500   0.3632   0.01808   0.01020  -0.0350   0.4317   0.6590
   1.000   0.3947   0.01864   0.01069  -0.0309   0.4119   0.6945
   1.500   0.4269   0.01926   0.01131  -0.0270   0.3935   0.7291
   2.000   0.4603   0.01996   0.01204  -0.0233   0.3775   0.7663
   2.500   0.4964   0.02072   0.01276  -0.0201   0.3644   0.8057
   3.000   0.5332   0.02152   0.01352  -0.0168   0.3535   0.8463
   3.500   0.5667   0.02244   0.01449  -0.0129   0.3444   0.8902
   4.000   0.6173   0.02359   0.01552  -0.0120   0.3367   0.9290
   4.500   0.6840   0.02490   0.01673  -0.0150   0.3299   0.9560
   5.000   0.7719   0.02632   0.01803  -0.0227   0.3235   0.9679
   5.500   0.8682   0.02752   0.01893  -0.0315   0.3180   0.9783
   6.000   0.9473   0.02901   0.02043  -0.0383   0.3134   0.9907
   6.500   1.0306   0.03035   0.02176  -0.0460   0.3091   0.9995
   7.000   1.0328   0.03077   0.02212  -0.0390   0.3067   1.0000
   7.500   1.0481   0.03131   0.02257  -0.0336   0.3044   1.0000
   8.000   1.0882   0.03208   0.02318  -0.0321   0.3018   1.0000
   8.500   1.1081   0.03338   0.02449  -0.0279   0.2996   1.0000
   9.000   1.1117   0.03503   0.02627  -0.0221   0.2975   1.0000
   9.500   1.1233   0.03704   0.02840  -0.0179   0.2953   1.0000
  10.000   1.1378   0.03930   0.03076  -0.0148   0.2931   1.0000
