  
       XFOIL         Version 6.99
  
 Calculated polar for: NACA 8734                                       
  
 1 1 Reynolds number fixed          Mach number fixed         
  
 xtrf =   1.000 (top)        1.000 (bottom)  
 Mach =   0.050     Re =     0.200 e 6     Ncrit =   9.000
  
   alpha    CL        CD       CDp       CM     Top_Xtr  Bot_Xtr
  ------ -------- --------- --------- -------- -------- --------
  -2.000   0.2072   0.03561   0.02798  -0.1638   0.6864   0.3154
  -1.500   0.3063   0.03348   0.02589  -0.1710   0.6847   0.3279
   0.500   0.5857   0.03165   0.02390  -0.1839   0.6450   0.3768
   1.000   0.6292   0.03250   0.02471  -0.1834   0.6321   0.3885
   1.500   0.7041   0.03199   0.02419  -0.1871   0.6229   0.4023
   2.000   0.7469   0.03295   0.02510  -0.1864   0.6108   0.4149
   2.500   0.8074   0.03302   0.02521  -0.1880   0.6008   0.4285
   3.000   0.8560   0.03384   0.02594  -0.1882   0.5899   0.4422
   3.500   0.8980   0.03465   0.02686  -0.1870   0.5790   0.4553
   4.000   0.9722   0.03451   0.02654  -0.1909   0.5705   0.4716
   4.500   0.9808   0.03670   0.02896  -0.1849   0.5580   0.4832
   5.000   1.0698   0.03588   0.02790  -0.1909   0.5508   0.5014
   5.500   1.0573   0.03918   0.03149  -0.1821   0.5378   0.5119
   6.000   1.1267   0.03894   0.03115  -0.1849   0.5302   0.5296
   6.500   1.1353   0.04168   0.03404  -0.1796   0.5190   0.5420
   7.000   1.1808   0.04249   0.03486  -0.1790   0.5103   0.5576
   7.500   1.2348   0.04314   0.03544  -0.1800   0.5023   0.5742
   8.000   1.2292   0.04665   0.03919  -0.1728   0.4911   0.5854
   8.500   1.3087   0.04582   0.03814  -0.1771   0.4848   0.6045
   9.000   1.2751   0.05127   0.04394  -0.1669   0.4728   0.6133
   9.500   1.3317   0.05141   0.04400  -0.1678   0.4658   0.6302
  10.000   1.3366   0.05504   0.04776  -0.1631   0.4564   0.6420
