  
       XFOIL         Version 6.99
  
 Calculated polar for: NACA 1222                                       
  
 1 1 Reynolds number fixed          Mach number fixed         
  
 xtrf =   1.000 (top)        1.000 (bottom)  
 Mach =   0.050     Re =     0.200 e 6     Ncrit =   9.000
  
   alpha    CL        CD       CDp       CM     Top_Xtr  Bot_Xtr
  ------ -------- --------- --------- -------- -------- --------
  -2.000  -0.1164   0.01417   0.00719  -0.0181   0.7164   0.5774
  -1.500  -0.0664   0.01409   0.00703  -0.0163   0.6902   0.6053
  -1.000  -0.0145   0.01401   0.00695  -0.0149   0.6646   0.6318
  -0.500   0.0378   0.01398   0.00687  -0.0136   0.6395   0.6562
   0.000   0.0892   0.01399   0.00687  -0.0122   0.6140   0.6813
   0.500   0.1401   0.01405   0.00693  -0.0107   0.5891   0.7071
   1.000   0.1908   0.01416   0.00705  -0.0092   0.5644   0.7336
   1.500   0.2408   0.01433   0.00720  -0.0074   0.5395   0.7609
   2.000   0.2903   0.01456   0.00740  -0.0056   0.5156   0.7885
   3.000   0.3897   0.01527   0.00804  -0.0020   0.4691   0.8408
   3.500   0.4406   0.01579   0.00850  -0.0004   0.4472   0.8646
   4.000   0.4932   0.01640   0.00904   0.0008   0.4263   0.8869
   4.500   0.5495   0.01709   0.00965   0.0012   0.4066   0.9071
   5.000   0.6109   0.01786   0.01033   0.0004   0.3884   0.9254
   5.500   0.6915   0.01878   0.01115  -0.0046   0.3706   0.9361
   6.000   0.7710   0.01963   0.01188  -0.0096   0.3548   0.9478
   6.500   0.8458   0.02046   0.01255  -0.0138   0.3407   0.9614
   7.000   0.9283   0.02115   0.01331  -0.0198   0.3269   0.9714
   7.500   1.0070   0.02193   0.01406  -0.0252   0.3145   0.9824
   8.000   1.0864   0.02274   0.01471  -0.0309   0.3026   0.9926
   8.500   1.1492   0.02329   0.01540  -0.0336   0.2915   1.0000
   9.000   1.1704   0.02394   0.01595  -0.0283   0.2837   1.0000
   9.500   1.1738   0.02442   0.01657  -0.0198   0.2763   1.0000
  10.000   1.1924   0.02506   0.01707  -0.0138   0.2687   1.0000
