  
       XFOIL         Version 6.99
  
 Calculated polar for: NACA 8724                                       
  
 1 1 Reynolds number fixed          Mach number fixed         
  
 xtrf =   1.000 (top)        1.000 (bottom)  
 Mach =   0.050     Re =     0.200 e 6     Ncrit =   9.000
  
   alpha    CL        CD       CDp       CM     Top_Xtr  Bot_Xtr
  ------ -------- --------- --------- -------- -------- --------
  -2.000   0.3014   0.04193   0.03471  -0.1934   0.7607   0.2849
  -1.500   0.3816   0.04075   0.03360  -0.1975   0.7577   0.3052
  -0.500   0.5114   0.03935   0.03236  -0.2011   0.7416   0.3445
   0.500   0.6403   0.03776   0.03088  -0.2041   0.7256   0.3870
   1.000   0.7194   0.03598   0.02914  -0.2075   0.7236   0.4114
   2.000   0.8551   0.03381   0.02702  -0.2110   0.7074   0.4589
   2.500   0.9189   0.03309   0.02634  -0.2122   0.6957   0.4828
   3.000   1.0109   0.03081   0.02406  -0.2176   0.6903   0.5101
   3.500   1.0815   0.02997   0.02324  -0.2199   0.6767   0.5342
   4.000   1.1860   0.02769   0.02085  -0.2276   0.6678   0.5618
   4.500   1.2396   0.02797   0.02112  -0.2272   0.6493   0.5824
   5.000   1.2852   0.02867   0.02178  -0.2257   0.6308   0.6029
   5.500   1.3282   0.02953   0.02261  -0.2237   0.6130   0.6236
   6.000   1.3725   0.03018   0.02327  -0.2217   0.5968   0.6398
   6.500   1.4296   0.03041   0.02338  -0.2220   0.5818   0.6586
   7.000   1.4577   0.03182   0.02481  -0.2178   0.5648   0.6767
   7.500   1.4841   0.03326   0.02631  -0.2133   0.5486   0.6917
   8.000   1.5240   0.03417   0.02719  -0.2111   0.5338   0.7082
   8.500   1.5679   0.03489   0.02782  -0.2095   0.5192   0.7254
   9.000   1.5850   0.03689   0.02993  -0.2041   0.5035   0.7413
   9.500   1.6180   0.03822   0.03127  -0.2012   0.4891   0.7578
