  
       XFOIL         Version 6.99
  
 Calculated polar for: NACA 3524                                       
  
 1 1 Reynolds number fixed          Mach number fixed         
  
 xtrf =   1.000 (top)        1.000 (bottom)  
 Mach =   0.050     Re =     0.200 e 6     Ncrit =   9.000
  
   alpha    CL        CD       CDp       CM     Top_Xtr  Bot_Xtr
  ------ -------- --------- --------- -------- -------- --------
  -2.000   0.1367   0.01664   0.00884  -0.0858   0.7222   0.4271
  -1.500   0.1861   0.01651   0.00875  -0.0844   0.7063   0.4502
  -1.000   0.2408   0.01633   0.00858  -0.0839   0.6918   0.4752
  -0.500   0.2968   0.01613   0.00840  -0.0836   0.6770   0.5015
   0.000   0.3439   0.01608   0.00844  -0.0816   0.6606   0.5280
   0.500   0.3948   0.01604   0.00848  -0.0804   0.6453   0.5566
   1.000   0.4507   0.01599   0.00844  -0.0801   0.6309   0.5879
   1.500   0.4975   0.01599   0.00854  -0.0781   0.6149   0.6207
   2.000   0.5444   0.01609   0.00871  -0.0761   0.5992   0.6564
   2.500   0.5946   0.01615   0.00889  -0.0747   0.5846   0.6942
   3.000   0.6457   0.01624   0.00900  -0.0734   0.5698   0.7376
   3.500   0.6850   0.01641   0.00940  -0.0697   0.5542   0.7831
   4.000   0.7285   0.01668   0.00979  -0.0667   0.5397   0.8332
   4.500   0.7792   0.01705   0.01015  -0.0648   0.5255   0.8841
   5.000   0.8309   0.01758   0.01072  -0.0635   0.5099   0.9306
   5.500   0.9059   0.01834   0.01144  -0.0674   0.4934   0.9628
   6.000   1.0000   0.01915   0.01215  -0.0756   0.4763   0.9823
   6.500   1.0948   0.01990   0.01279  -0.0842   0.4591   0.9987
   7.000   1.1012   0.02004   0.01277  -0.0759   0.4471   1.0000
   7.500   1.0839   0.02031   0.01306  -0.0629   0.4354   1.0000
   8.000   1.1071   0.02085   0.01347  -0.0574   0.4229   1.0000
   8.500   1.1291   0.02152   0.01408  -0.0520   0.4097   1.0000
   9.000   1.1505   0.02246   0.01504  -0.0469   0.3964   1.0000
   9.500   1.1816   0.02341   0.01590  -0.0436   0.3836   1.0000
  10.000   1.2124   0.02440   0.01680  -0.0405   0.3706   1.0000
