  
       XFOIL         Version 6.99
  
 Calculated polar for: NACA 8230                                       
  
 1 1 Reynolds number fixed          Mach number fixed         
  
 xtrf =   1.000 (top)        1.000 (bottom)  
 Mach =   0.050     Re =     0.200 e 6     Ncrit =   9.000
  
   alpha    CL        CD       CDp       CM     Top_Xtr  Bot_Xtr
  ------ -------- --------- --------- -------- -------- --------
  -2.000   0.3359   0.03010   0.02073  -0.0691   0.4417   0.0979
  -1.500   0.3583   0.02982   0.02018  -0.0641   0.4188   0.0991
  -1.000   0.3793   0.02996   0.01998  -0.0592   0.3958   0.1015
  -0.500   0.4016   0.03024   0.01996  -0.0548   0.3750   0.1042
   0.000   0.4277   0.03071   0.02032  -0.0514   0.3577   0.1069
   0.500   0.4588   0.03124   0.02069  -0.0487   0.3445   0.1108
   1.000   0.4953   0.03161   0.02091  -0.0468   0.3348   0.1151
   1.500   0.5317   0.03213   0.02140  -0.0451   0.3270   0.1198
   2.000   0.5782   0.03241   0.02153  -0.0447   0.3209   0.1260
   2.500   0.6160   0.03311   0.02226  -0.0433   0.3159   0.1325
   3.000   0.6560   0.03363   0.02283  -0.0425   0.3114   0.1408
   3.500   0.7063   0.03394   0.02305  -0.0428   0.3074   0.1514
   4.000   0.7519   0.03464   0.02374  -0.0428   0.3044   0.1655
   4.500   0.7899   0.03563   0.02478  -0.0421   0.3017   0.1888
   5.000   0.8176   0.03489   0.02643  -0.0387   0.2994   0.8101
   5.500   0.8855   0.03639   0.02810  -0.0428   0.2967   1.0000
   6.000   0.9246   0.03755   0.02905  -0.0421   0.2948   1.0000
   6.500   0.9720   0.03862   0.02991  -0.0425   0.2929   1.0000
   7.000   1.0250   0.03994   0.03103  -0.0437   0.2909   1.0000
   7.500   1.0373   0.04246   0.03367  -0.0409   0.2895   1.0000
   8.000   1.0495   0.04536   0.03667  -0.0386   0.2880   1.0000
   8.500   1.0580   0.04880   0.04023  -0.0363   0.2867   1.0000
   9.000   1.0560   0.05320   0.04480  -0.0337   0.2853   1.0000
   9.500   1.0278   0.06003   0.05192  -0.0302   0.2840   1.0000
