  
       XFOIL         Version 6.99
  
 Calculated polar for: NACA 7322                                       
  
 1 1 Reynolds number fixed          Mach number fixed         
  
 xtrf =   1.000 (top)        1.000 (bottom)  
 Mach =   0.050     Re =     0.200 e 6     Ncrit =   9.000
  
   alpha    CL        CD       CDp       CM     Top_Xtr  Bot_Xtr
  ------ -------- --------- --------- -------- -------- --------
  -2.000   0.4655   0.02019   0.01062  -0.1253   0.5226   0.1338
  -1.500   0.5123   0.02004   0.01024  -0.1237   0.5052   0.1436
  -1.000   0.5587   0.02007   0.01013  -0.1220   0.4904   0.1548
  -0.500   0.6066   0.02000   0.01006  -0.1207   0.4784   0.1682
   0.000   0.6595   0.02006   0.00999  -0.1204   0.4682   0.1849
   0.500   0.7059   0.02010   0.01010  -0.1190   0.4594   0.2044
   1.000   0.7565   0.02005   0.01014  -0.1184   0.4521   0.2321
   2.000   0.8597   0.01899   0.01128  -0.1166   0.4400   0.9516
   2.500   0.9407   0.01970   0.01171  -0.1223   0.4336   1.0000
   3.000   0.9997   0.02053   0.01221  -0.1235   0.4287   1.0000
   3.500   1.0336   0.02115   0.01283  -0.1200   0.4250   1.0000
   4.000   1.0742   0.02186   0.01348  -0.1178   0.4206   1.0000
   4.500   1.1206   0.02257   0.01408  -0.1168   0.4162   1.0000
   5.000   1.1769   0.02341   0.01474  -0.1176   0.4124   1.0000
   5.500   1.2307   0.02459   0.01583  -0.1183   0.4089   1.0000
   6.000   1.2607   0.02558   0.01692  -0.1146   0.4055   1.0000
   6.500   1.2918   0.02661   0.01801  -0.1111   0.4016   1.0000
   7.000   1.3324   0.02766   0.01905  -0.1096   0.3980   1.0000
   7.500   1.3838   0.02870   0.02002  -0.1099   0.3949   1.0000
   8.000   1.4496   0.03027   0.02147  -0.1131   0.3913   1.0000
   8.500   1.4503   0.03187   0.02332  -0.1052   0.3883   1.0000
   9.000   1.4594   0.03389   0.02555  -0.0995   0.3848   1.0000
   9.500   1.4719   0.03608   0.02788  -0.0947   0.3814   1.0000
  10.000   1.5001   0.03779   0.02964  -0.0924   0.3779   1.0000
