  
       XFOIL         Version 6.99
  
 Calculated polar for: NACA 3506                                       
  
 1 1 Reynolds number fixed          Mach number fixed         
  
 xtrf =   1.000 (top)        1.000 (bottom)  
 Mach =   0.050     Re =     0.200 e 6     Ncrit =   9.000
  
   alpha    CL        CD       CDp       CM     Top_Xtr  Bot_Xtr
  ------ -------- --------- --------- -------- -------- --------
  -2.000   0.0215   0.01279   0.00527  -0.0701   0.9991   0.1038
  -1.500   0.1022   0.01113   0.00504  -0.0767   0.9951   0.4824
  -1.000   0.1691   0.00995   0.00497  -0.0785   0.9854   1.0000
  -0.500   0.2472   0.01018   0.00489  -0.0836   0.9741   1.0000
   0.000   0.3241   0.01033   0.00487  -0.0883   0.9618   1.0000
   0.500   0.4003   0.01037   0.00484  -0.0927   0.9490   1.0000
   1.000   0.4758   0.01030   0.00478  -0.0966   0.9357   1.0000
   1.500   0.5450   0.01013   0.00469  -0.0989   0.9200   1.0000
   2.000   0.6095   0.00986   0.00453  -0.0997   0.9025   1.0000
   2.500   0.6649   0.00965   0.00449  -0.0984   0.8771   1.0000
   3.000   0.7137   0.00908   0.00394  -0.0944   0.8220   1.0000
   3.500   0.7603   0.00907   0.00380  -0.0904   0.7277   1.0000
   4.000   0.7954   0.01049   0.00409  -0.0850   0.4706   1.0000
   4.500   0.8155   0.01548   0.00672  -0.0796   0.0515   1.0000
   5.000   0.8564   0.01819   0.00948  -0.0766   0.0375   1.0000
   5.500   0.9023   0.02116   0.01265  -0.0742   0.0304   1.0000
   6.000   0.9532   0.02541   0.01725  -0.0721   0.0286   1.0000
   6.500   1.0022   0.03188   0.02460  -0.0690   0.0303   1.0000
