  
       XFOIL         Version 6.99
  
 Calculated polar for: NACA 3726                                       
  
 1 1 Reynolds number fixed          Mach number fixed         
  
 xtrf =   1.000 (top)        1.000 (bottom)  
 Mach =   0.050     Re =     0.200 e 6     Ncrit =   9.000
  
   alpha    CL        CD       CDp       CM     Top_Xtr  Bot_Xtr
  ------ -------- --------- --------- -------- -------- --------
  -2.000   0.0658   0.01766   0.01034  -0.0863   0.7621   0.4375
  -1.500   0.1354   0.01701   0.00973  -0.0884   0.7437   0.4566
  -1.000   0.2088   0.01652   0.00921  -0.0914   0.7236   0.4764
  -0.500   0.2822   0.01626   0.00887  -0.0945   0.7019   0.4969
   0.000   0.3483   0.01624   0.00875  -0.0963   0.6794   0.5175
   0.500   0.4048   0.01641   0.00881  -0.0963   0.6572   0.5377
   1.000   0.4551   0.01658   0.00901  -0.0950   0.6359   0.5570
   1.500   0.5029   0.01679   0.00922  -0.0933   0.6158   0.5764
   2.000   0.5513   0.01705   0.00943  -0.0917   0.5967   0.5967
   2.500   0.6013   0.01737   0.00966  -0.0905   0.5784   0.6178
   3.000   0.6502   0.01770   0.00998  -0.0889   0.5605   0.6378
   3.500   0.6830   0.01805   0.01042  -0.0844   0.5430   0.6564
   4.000   0.7259   0.01851   0.01088  -0.0819   0.5261   0.6764
   4.500   0.7736   0.01899   0.01129  -0.0804   0.5101   0.6973
   5.000   0.8172   0.01947   0.01174  -0.0781   0.4941   0.7174
   5.500   0.8515   0.02001   0.01239  -0.0742   0.4784   0.7367
   6.000   0.8937   0.02053   0.01291  -0.0719   0.4635   0.7569
   6.500   0.9408   0.02101   0.01329  -0.0704   0.4488   0.7781
   7.000   0.9671   0.02166   0.01410  -0.0656   0.4343   0.8000
   7.500   1.0043   0.02229   0.01475  -0.0626   0.4205   0.8229
   8.000   1.0456   0.02282   0.01522  -0.0602   0.4070   0.8477
   8.500   1.0632   0.02358   0.01622  -0.0541   0.3938   0.8768
   9.000   1.0924   0.02424   0.01693  -0.0497   0.3815   0.9169
   9.500   1.1336   0.02486   0.01754  -0.0485   0.3682   1.0000
  10.000   1.1662   0.02625   0.01896  -0.0470   0.3549   1.0000
