  
       XFOIL         Version 6.99
  
 Calculated polar for: NACA 2428                                       
  
 1 1 Reynolds number fixed          Mach number fixed         
  
 xtrf =   1.000 (top)        1.000 (bottom)  
 Mach =   0.050     Re =     0.200 e 6     Ncrit =   9.000
  
   alpha    CL        CD       CDp       CM     Top_Xtr  Bot_Xtr
  ------ -------- --------- --------- -------- -------- --------
  -1.500   0.0547   0.01754   0.00935  -0.0467   0.6134   0.4839
  -1.000   0.0993   0.01753   0.00942  -0.0445   0.5992   0.5080
  -0.500   0.1507   0.01752   0.00936  -0.0435   0.5863   0.5342
   0.000   0.1912   0.01756   0.00954  -0.0405   0.5728   0.5602
   1.000   0.2844   0.01774   0.00983  -0.0367   0.5484   0.6152
   1.500   0.3376   0.01793   0.01001  -0.0361   0.5373   0.6431
   2.000   0.3783   0.01807   0.01029  -0.0331   0.5253   0.6701
   2.500   0.4317   0.01834   0.01055  -0.0324   0.5146   0.6978
   3.000   0.4709   0.01855   0.01091  -0.0292   0.5031   0.7249
   3.500   0.5253   0.01890   0.01122  -0.0287   0.4928   0.7524
   4.000   0.5608   0.01919   0.01169  -0.0248   0.4818   0.7798
   4.500   0.6171   0.01962   0.01207  -0.0246   0.4717   0.8070
   5.500   0.7055   0.02059   0.01311  -0.0197   0.4512   0.8609
   6.000   0.7248   0.02116   0.01391  -0.0128   0.4411   0.8886
   6.500   0.7893   0.02185   0.01443  -0.0141   0.4312   0.9116
   7.000   0.8224   0.02286   0.01561  -0.0104   0.4207   0.9356
   7.500   0.9186   0.02387   0.01643  -0.0184   0.4098   0.9459
   8.000   0.9766   0.02495   0.01763  -0.0205   0.3983   0.9617
   8.500   1.0517   0.02587   0.01845  -0.0255   0.3879   0.9752
   9.000   1.1207   0.02680   0.01940  -0.0301   0.3767   0.9873
  10.000   1.1926   0.02841   0.02098  -0.0282   0.3578   1.0000
