  
       XFOIL         Version 6.99
  
 Calculated polar for: NACA 5814                                       
  
 1 1 Reynolds number fixed          Mach number fixed         
  
 xtrf =   1.000 (top)        1.000 (bottom)  
 Mach =   0.050     Re =     0.200 e 6     Ncrit =   9.000
  
   alpha    CL        CD       CDp       CM     Top_Xtr  Bot_Xtr
  ------ -------- --------- --------- -------- -------- --------
  -2.000   0.1557   0.02962   0.02308  -0.1485   0.9764   0.3855
  -1.500   0.2494   0.02978   0.02339  -0.1559   0.9571   0.4418
  -1.000   0.3310   0.02984   0.02362  -0.1610   0.9432   0.4920
  -0.500   0.4091   0.02974   0.02364  -0.1653   0.9304   0.5405
   0.000   0.4835   0.02940   0.02350  -0.1685   0.9179   0.5835
   1.000   0.6259   0.02807   0.02247  -0.1730   0.8924   0.6592
   2.500   0.7970   0.02463   0.01946  -0.1694   0.8332   0.7372
   3.000   0.8478   0.02345   0.01840  -0.1666   0.8052   0.7573
   3.500   0.9232   0.02129   0.01629  -0.1679   0.7838   0.7779
   4.000   1.0348   0.01827   0.01314  -0.1764   0.7475   0.7998
   4.500   1.1338   0.01726   0.01173  -0.1838   0.6802   0.8204
   5.000   1.1762   0.01784   0.01205  -0.1805   0.6180   0.8376
   5.500   1.2100   0.01860   0.01259  -0.1757   0.5615   0.8549
   6.000   1.2414   0.01946   0.01324  -0.1707   0.5071   0.8724
   6.500   1.2722   0.02041   0.01401  -0.1658   0.4531   0.8895
   7.000   1.3013   0.02146   0.01486  -0.1608   0.3986   0.9063
   7.500   1.3272   0.02260   0.01582  -0.1554   0.3438   0.9237
   8.000   1.3514   0.02390   0.01691  -0.1499   0.2884   0.9436
   8.500   1.3705   0.02530   0.01812  -0.1437   0.2360   1.0000
   9.000   1.3997   0.02760   0.02014  -0.1401   0.1846   1.0000
   9.500   1.4249   0.03018   0.02249  -0.1360   0.1475   1.0000
  10.000   1.4496   0.03279   0.02499  -0.1320   0.1217   1.0000
