  
       XFOIL         Version 6.99
  
 Calculated polar for: NACA 7214                                       
  
 1 1 Reynolds number fixed          Mach number fixed         
  
 xtrf =   1.000 (top)        1.000 (bottom)  
 Mach =   0.050     Re =     0.200 e 6     Ncrit =   9.000
  
   alpha    CL        CD       CDp       CM     Top_Xtr  Bot_Xtr
  ------ -------- --------- --------- -------- -------- --------
  -2.000   0.4587   0.03223   0.02551  -0.1127   0.4775   0.0613
  -1.000   0.5400   0.02874   0.02062  -0.1082   0.3634   0.0734
  -0.500   0.5881   0.02715   0.01854  -0.1069   0.3453   0.0845
   0.000   0.6385   0.02576   0.01668  -0.1059   0.3342   0.0967
   1.500   0.8032   0.02231   0.01192  -0.1026   0.3151   0.0818
   2.000   0.8570   0.02177   0.01121  -0.1020   0.3107   0.0866
   2.500   0.9111   0.02159   0.01085  -0.1017   0.3068   0.0958
   3.000   0.9653   0.02174   0.01096  -0.1016   0.3032   0.1107
   3.500   1.0176   0.02187   0.01115  -0.1013   0.3002   0.1331
   4.000   1.0709   0.02222   0.01147  -0.1013   0.2974   0.1751
   4.500   1.1211   0.02144   0.01215  -0.1004   0.2949   1.0000
   5.000   1.1743   0.02239   0.01292  -0.1005   0.2925   1.0000
   5.500   1.2284   0.02351   0.01388  -0.1008   0.2903   1.0000
   6.000   1.2835   0.02511   0.01537  -0.1016   0.2879   1.0000
   6.500   1.3304   0.02609   0.01644  -0.1007   0.2861   1.0000
   7.000   1.3776   0.02731   0.01777  -0.1001   0.2844   1.0000
   7.500   1.4238   0.02867   0.01925  -0.0994   0.2827   1.0000
   8.000   1.4688   0.03015   0.02085  -0.0986   0.2810   1.0000
   8.500   1.5120   0.03175   0.02260  -0.0976   0.2794   1.0000
   9.000   1.5534   0.03341   0.02439  -0.0965   0.2776   1.0000
   9.500   1.5943   0.03509   0.02619  -0.0953   0.2756   1.0000
  10.000   1.6347   0.03712   0.02835  -0.0944   0.2742   1.0000
