  
       XFOIL         Version 6.99
  
 Calculated polar for: NACA 9612                                       
  
 1 1 Reynolds number fixed          Mach number fixed         
  
 xtrf =   1.000 (top)        1.000 (bottom)  
 Mach =   0.050     Re =     0.200 e 6     Ncrit =   9.000
  
   alpha    CL        CD       CDp       CM     Top_Xtr  Bot_Xtr
  ------ -------- --------- --------- -------- -------- --------
  -2.000   0.5025   0.04398   0.03680  -0.2315   0.8346   0.1107
  -1.500   0.5897   0.04349   0.03628  -0.2376   0.8325   0.1408
  -0.500   0.6769   0.04468   0.03761  -0.2353   0.8110   0.2056
   0.000   0.7449   0.04455   0.03757  -0.2378   0.8054   0.2577
   0.500   0.8230   0.04407   0.03720  -0.2417   0.8030   0.3197
   1.500   0.9058   0.04541   0.03881  -0.2378   0.7789   0.4219
   2.000   0.9755   0.04478   0.03836  -0.2399   0.7747   0.4867
   2.500   1.0504   0.04385   0.03758  -0.2426   0.7727   0.5518
   3.000   1.0879   0.04442   0.03828  -0.2396   0.7592   0.6006
   3.500   1.1635   0.04309   0.03708  -0.2423   0.7575   0.6602
   4.000   1.2021   0.04339   0.03756  -0.2395   0.7439   0.7099
   4.500   1.2751   0.04135   0.03583  -0.2414   0.7422   0.8124
   5.000   1.2876   0.04290   0.03750  -0.2348   0.7204   1.0000
   6.500   1.5087   0.03646   0.03123  -0.2406   0.7115   1.0000
   7.500   1.6063   0.03441   0.02946  -0.2365   0.6840   1.0000
   8.000   1.6534   0.03255   0.02763  -0.2333   0.6545   1.0000
   8.500   1.7148   0.03070   0.02575  -0.2327   0.6209   1.0000
   9.000   1.7649   0.03007   0.02493  -0.2308   0.5757   1.0000
   9.500   1.7859   0.03171   0.02636  -0.2249   0.5257   1.0000
  10.000   1.7892   0.03472   0.02918  -0.2170   0.4729   1.0000
