  
       XFOIL         Version 6.99
  
 Calculated polar for: NACA 1424                                       
  
 1 1 Reynolds number fixed          Mach number fixed         
  
 xtrf =   1.000 (top)        1.000 (bottom)  
 Mach =   0.050     Re =     0.200 e 6     Ncrit =   9.000
  
   alpha    CL        CD       CDp       CM     Top_Xtr  Bot_Xtr
  ------ -------- --------- --------- -------- -------- --------
  -2.000  -0.0942   0.01533   0.00774  -0.0286   0.6950   0.5133
  -1.000   0.0054   0.01509   0.00756  -0.0255   0.6534   0.5657
  -0.500   0.0545   0.01505   0.00759  -0.0238   0.6333   0.5926
   0.000   0.1042   0.01506   0.00766  -0.0222   0.6140   0.6202
   0.500   0.1545   0.01513   0.00774  -0.0207   0.5957   0.6483
   1.000   0.2058   0.01524   0.00784  -0.0193   0.5783   0.6766
   1.500   0.2563   0.01537   0.00795  -0.0179   0.5609   0.7049
   2.000   0.3044   0.01551   0.00818  -0.0160   0.5435   0.7328
   2.500   0.3551   0.01574   0.00849  -0.0145   0.5269   0.7599
   3.000   0.4073   0.01605   0.00879  -0.0132   0.5111   0.7868
   3.500   0.4576   0.01636   0.00913  -0.0115   0.4950   0.8132
   4.000   0.5054   0.01676   0.00961  -0.0094   0.4788   0.8389
   4.500   0.5561   0.01728   0.01012  -0.0079   0.4634   0.8630
   5.000   0.6112   0.01788   0.01062  -0.0071   0.4482   0.8851
   5.500   0.6640   0.01846   0.01122  -0.0061   0.4323   0.9059
   6.000   0.7230   0.01916   0.01193  -0.0066   0.4161   0.9247
   6.500   0.7886   0.01993   0.01265  -0.0085   0.4000   0.9417
   7.000   0.8767   0.02078   0.01342  -0.0153   0.3824   0.9496
   7.500   0.9495   0.02153   0.01407  -0.0193   0.3660   0.9633
   8.000   1.0214   0.02229   0.01472  -0.0234   0.3495   0.9769
   8.500   1.0940   0.02300   0.01546  -0.0280   0.3328   0.9888
   9.000   1.1637   0.02373   0.01621  -0.0323   0.3165   0.9995
   9.500   1.1459   0.02410   0.01657  -0.0205   0.3076   1.0000
  10.000   1.1274   0.02452   0.01697  -0.0086   0.2985   1.0000
