  
       XFOIL         Version 6.99
  
 Calculated polar for: NACA 9318                                       
  
 1 1 Reynolds number fixed          Mach number fixed         
  
 xtrf =   1.000 (top)        1.000 (bottom)  
 Mach =   0.050     Re =     0.200 e 6     Ncrit =   9.000
  
   alpha    CL        CD       CDp       CM     Top_Xtr  Bot_Xtr
  ------ -------- --------- --------- -------- -------- --------
  -2.000   0.6000   0.02322   0.01650  -0.1484   0.4850   0.1088
  -1.500   0.6484   0.02108   0.01387  -0.1493   0.4735   0.1198
  -1.000   0.6963   0.01943   0.01190  -0.1494   0.4636   0.1334
  -0.500   0.7492   0.01796   0.00995  -0.1501   0.4551   0.1475
   0.000   0.8210   0.01263   0.00328  -0.1523   0.4491   0.0990
   0.500   0.8717   0.01214   0.00255  -0.1518   0.4428   0.1080
   1.000   0.9258   0.01197   0.00218  -0.1520   0.4373   0.1193
   1.500   0.9835   0.01205   0.00215  -0.1530   0.4325   0.1336
   2.000   1.0286   0.01212   0.00230  -0.1517   0.4277   0.1495
   2.500   1.0779   0.01230   0.00252  -0.1512   0.4233   0.1707
   3.000   1.1314   0.01252   0.00276  -0.1516   0.4196   0.1999
   3.500   1.1945   0.01296   0.00320  -0.1541   0.4159   0.2515
   4.000   1.2324   0.01247   0.00412  -0.1514   0.4132   1.0000
   4.500   1.2712   0.01335   0.00495  -0.1493   0.4097   1.0000
   5.000   1.3125   0.01429   0.00583  -0.1477   0.4062   1.0000
   5.500   1.3577   0.01529   0.00676  -0.1470   0.4033   1.0000
   6.000   1.4097   0.01638   0.00774  -0.1475   0.4005   1.0000
   6.500   1.4696   0.01799   0.00921  -0.1497   0.3975   1.0000
   7.000   1.4849   0.01943   0.01085  -0.1440   0.3950   1.0000
   7.500   1.4992   0.02121   0.01282  -0.1386   0.3922   1.0000
   8.000   1.5130   0.02333   0.01510  -0.1335   0.3894   1.0000
   8.500   1.5258   0.02571   0.01762  -0.1287   0.3867   1.0000
   9.000   1.5464   0.02797   0.01997  -0.1252   0.3839   1.0000
   9.500   1.5930   0.02967   0.02163  -0.1254   0.3812   1.0000
  10.000   1.5596   0.03540   0.02770  -0.1160   0.3784   1.0000
