  
       XFOIL         Version 6.99
  
 Calculated polar for: NACA 4528                                       
  
 1 1 Reynolds number fixed          Mach number fixed         
  
 xtrf =   1.000 (top)        1.000 (bottom)  
 Mach =   0.050     Re =     0.200 e 6     Ncrit =   9.000
  
   alpha    CL        CD       CDp       CM     Top_Xtr  Bot_Xtr
  ------ -------- --------- --------- -------- -------- --------
  -2.000   0.2075   0.01938   0.01124  -0.1018   0.6752   0.3851
  -1.000   0.3077   0.01914   0.01100  -0.0995   0.6513   0.4211
  -0.500   0.3659   0.01900   0.01085  -0.1000   0.6404   0.4408
   0.000   0.4074   0.01898   0.01085  -0.0973   0.6276   0.4604
   0.500   0.4566   0.01909   0.01092  -0.0961   0.6162   0.4818
   1.000   0.5057   0.01901   0.01091  -0.0948   0.6043   0.5046
   1.500   0.5467   0.01916   0.01117  -0.0922   0.5925   0.5274
   2.000   0.6021   0.01912   0.01113  -0.0921   0.5814   0.5537
   2.500   0.6327   0.01938   0.01151  -0.0875   0.5694   0.5792
   3.000   0.6971   0.01940   0.01150  -0.0891   0.5588   0.6110
   3.500   0.7141   0.01974   0.01206  -0.0821   0.5469   0.6405
   4.000   0.7809   0.01981   0.01210  -0.0841   0.5366   0.6795
   4.500   0.7963   0.02036   0.01290  -0.0771   0.5248   0.7187
   5.000   0.8514   0.02051   0.01314  -0.0768   0.5148   0.7679
   5.500   0.8692   0.02112   0.01405  -0.0700   0.5035   0.8270
   6.000   0.9153   0.02154   0.01454  -0.0677   0.4937   0.9013
   6.500   0.9723   0.02255   0.01562  -0.0688   0.4818   0.9676
   7.000   1.0650   0.02372   0.01671  -0.0776   0.4698   0.9993
   7.500   1.0750   0.02397   0.01681  -0.0707   0.4602   1.0000
   8.000   1.0903   0.02494   0.01774  -0.0652   0.4502   1.0000
   8.500   1.1261   0.02561   0.01827  -0.0628   0.4403   1.0000
   9.000   1.1435   0.02703   0.01971  -0.0582   0.4301   1.0000
   9.500   1.1864   0.02771   0.02025  -0.0571   0.4206   1.0000
  10.000   1.1960   0.02964   0.02227  -0.0520   0.4102   1.0000
  -2.000   0.2075   0.01938   0.01124  -0.1018   0.6752   0.3851
  -1.000   0.3077   0.01914   0.01100  -0.0995   0.6513   0.4211
  -0.500   0.3659   0.01900   0.01085  -0.1000   0.6404   0.4408
   0.000   0.4074   0.01898   0.01085  -0.0973   0.6276   0.4604
   0.500   0.4566   0.01909   0.01092  -0.0961   0.6162   0.4818
   1.000   0.5057   0.01901   0.01091  -0.0948   0.6043   0.5046
   1.500   0.5467   0.01916   0.01117  -0.0922   0.5925   0.5274
   2.000   0.6021   0.01912   0.01113  -0.0921   0.5814   0.5537
   2.500   0.6327   0.01938   0.01151  -0.0875   0.5694   0.5792
   3.000   0.6971   0.01940   0.01150  -0.0891   0.5588   0.6110
   3.500   0.7141   0.01974   0.01206  -0.0821   0.5469   0.6405
   4.000   0.7809   0.01981   0.01210  -0.0841   0.5366   0.6795
   4.500   0.7963   0.02036   0.01290  -0.0771   0.5248   0.7187
   5.000   0.8514   0.02051   0.01314  -0.0768   0.5148   0.7679
   5.500   0.8692   0.02112   0.01405  -0.0700   0.5035   0.8270
   6.000   0.9153   0.02154   0.01454  -0.0677   0.4937   0.9013
   6.500   0.9723   0.02255   0.01562  -0.0688   0.4818   0.9676
   7.000   1.0650   0.02372   0.01671  -0.0776   0.4698   0.9993
   7.500   1.0750   0.02397   0.01681  -0.0707   0.4602   1.0000
   8.000   1.0903   0.02494   0.01774  -0.0652   0.4502   1.0000
   8.500   1.1261   0.02561   0.01827  -0.0628   0.4403   1.0000
   9.000   1.1435   0.02703   0.01971  -0.0582   0.4301   1.0000
   9.500   1.1864   0.02771   0.02025  -0.0571   0.4206   1.0000
  10.000   1.1960   0.02964   0.02227  -0.0520   0.4102   1.0000
  -2.000   0.2075   0.01938   0.01124  -0.1018   0.6752   0.3851
  -1.000   0.3077   0.01914   0.01100  -0.0995   0.6513   0.4211
  -0.500   0.3659   0.01900   0.01085  -0.1000   0.6404   0.4408
   0.000   0.4074   0.01898   0.01085  -0.0973   0.6276   0.4604
   0.500   0.4566   0.01909   0.01092  -0.0961   0.6162   0.4818
   1.000   0.5057   0.01901   0.01091  -0.0948   0.6043   0.5046
   1.500   0.5467   0.01916   0.01117  -0.0922   0.5925   0.5274
   2.000   0.6021   0.01912   0.01113  -0.0921   0.5814   0.5537
   2.500   0.6327   0.01938   0.01151  -0.0875   0.5694   0.5792
   3.000   0.6971   0.01940   0.01150  -0.0891   0.5588   0.6110
   3.500   0.7141   0.01974   0.01206  -0.0821   0.5469   0.6405
   4.000   0.7809   0.01981   0.01210  -0.0841   0.5366   0.6795
   4.500   0.7963   0.02036   0.01290  -0.0771   0.5248   0.7187
   5.000   0.8514   0.02051   0.01314  -0.0768   0.5148   0.7679
   5.500   0.8692   0.02112   0.01405  -0.0700   0.5035   0.8270
   6.000   0.9153   0.02154   0.01454  -0.0677   0.4937   0.9013
   6.500   0.9723   0.02255   0.01562  -0.0688   0.4818   0.9676
   7.000   1.0650   0.02372   0.01671  -0.0776   0.4698   0.9993
   7.500   1.0750   0.02397   0.01681  -0.0707   0.4602   1.0000
   8.000   1.0903   0.02494   0.01774  -0.0652   0.4502   1.0000
   8.500   1.1261   0.02561   0.01827  -0.0628   0.4403   1.0000
   9.000   1.1435   0.02703   0.01971  -0.0582   0.4301   1.0000
   9.500   1.1864   0.02771   0.02025  -0.0571   0.4206   1.0000
  10.000   1.1960   0.02964   0.02227  -0.0520   0.4102   1.0000
