  
       XFOIL         Version 6.99
  
 Calculated polar for: NACA 3424                                       
  
 1 1 Reynolds number fixed          Mach number fixed         
  
 xtrf =   1.000 (top)        1.000 (bottom)  
 Mach =   0.050     Re =     0.200 e 6     Ncrit =   9.000
  
   alpha    CL        CD       CDp       CM     Top_Xtr  Bot_Xtr
  ------ -------- --------- --------- -------- -------- --------
  -2.000   0.1200   0.01591   0.00793  -0.0735   0.6616   0.4252
  -1.500   0.1714   0.01574   0.00776  -0.0724   0.6457   0.4622
  -1.000   0.2162   0.01560   0.00782  -0.0701   0.6294   0.5027
  -0.500   0.2644   0.01557   0.00791  -0.0684   0.6147   0.5492
   0.000   0.3175   0.01559   0.00796  -0.0675   0.6014   0.5988
   0.500   0.3618   0.01566   0.00821  -0.0650   0.5873   0.6455
   1.000   0.4128   0.01584   0.00844  -0.0636   0.5751   0.6913
   1.500   0.4616   0.01598   0.00871  -0.0618   0.5625   0.7327
   2.000   0.5104   0.01628   0.00909  -0.0600   0.5508   0.7738
   2.500   0.5620   0.01656   0.00941  -0.0584   0.5393   0.8122
   3.000   0.6076   0.01699   0.00993  -0.0560   0.5279   0.8501
   3.500   0.6649   0.01747   0.01034  -0.0554   0.5170   0.8824
   4.000   0.7154   0.01809   0.01103  -0.0539   0.5054   0.9139
   4.500   0.7933   0.01879   0.01152  -0.0579   0.4943   0.9360
   5.000   0.8699   0.01950   0.01230  -0.0622   0.4816   0.9539
   5.500   0.9657   0.02023   0.01292  -0.0705   0.4696   0.9672
   6.000   1.0575   0.02078   0.01339  -0.0782   0.4569   0.9824
   6.500   1.1414   0.02138   0.01401  -0.0849   0.4442   0.9956
   7.000   1.1975   0.02170   0.01414  -0.0861   0.4338   1.0000
   7.500   1.1847   0.02204   0.01462  -0.0745   0.4246   1.0000
   8.000   1.2028   0.02230   0.01474  -0.0680   0.4156   1.0000
   8.500   1.1871   0.02273   0.01526  -0.0554   0.4068   1.0000
   9.000   1.2050   0.02312   0.01554  -0.0490   0.3975   1.0000
   9.500   1.2136   0.02396   0.01645  -0.0415   0.3875   1.0000
  10.000   1.2499   0.02455   0.01690  -0.0388   0.3776   1.0000
