  
       XFOIL         Version 6.99
  
 Calculated polar for: NACA 4632                                       
  
 1 1 Reynolds number fixed          Mach number fixed         
  
 xtrf =   1.000 (top)        1.000 (bottom)  
 Mach =   0.050     Re =     0.200 e 6     Ncrit =   9.000
  
   alpha    CL        CD       CDp       CM     Top_Xtr  Bot_Xtr
  ------ -------- --------- --------- -------- -------- --------
  -2.000   0.0961   0.02154   0.01356  -0.0887   0.6756   0.3911
  -1.500   0.1774   0.02082   0.01272  -0.0934   0.6646   0.4059
  -1.000   0.2008   0.02102   0.01295  -0.0877   0.6489   0.4176
  -0.500   0.2575   0.02080   0.01269  -0.0881   0.6361   0.4315
   0.000   0.3126   0.02073   0.01253  -0.0881   0.6230   0.4464
   0.500   0.3480   0.02098   0.01286  -0.0848   0.6087   0.4596
   1.000   0.4207   0.02088   0.01253  -0.0881   0.5971   0.4764
   1.500   0.4463   0.02131   0.01315  -0.0831   0.5830   0.4901
   2.000   0.4990   0.02157   0.01332  -0.0830   0.5710   0.5068
   2.500   0.5429   0.02189   0.01369  -0.0813   0.5585   0.5227
   3.000   0.5828   0.02241   0.01423  -0.0791   0.5466   0.5390
   3.500   0.6352   0.02271   0.01448  -0.0789   0.5352   0.5569
   4.000   0.6659   0.02344   0.01533  -0.0754   0.5236   0.5729
   4.500   0.7212   0.02376   0.01553  -0.0757   0.5130   0.5920
   5.000   0.7466   0.02466   0.01661  -0.0715   0.5017   0.6088
   5.500   0.8004   0.02499   0.01682  -0.0718   0.4916   0.6288
   6.000   0.8239   0.02605   0.01807  -0.0675   0.4809   0.6472
   6.500   0.8725   0.02643   0.01842  -0.0671   0.4711   0.6679
   7.000   0.8978   0.02765   0.01975  -0.0634   0.4610   0.6886
   7.500   0.9390   0.02820   0.02035  -0.0619   0.4514   0.7110
   8.000   0.9677   0.02940   0.02166  -0.0590   0.4419   0.7347
   8.500   1.0004   0.03033   0.02265  -0.0567   0.4323   0.7615
   9.500   1.0492   0.03276   0.02546  -0.0496   0.4141   0.8343
  10.000   1.0919   0.03306   0.02590  -0.0474   0.4063   0.9201
  -2.000   0.0961   0.02154   0.01356  -0.0887   0.6756   0.3911
  -1.500   0.1774   0.02082   0.01272  -0.0934   0.6646   0.4059
  -1.000   0.2008   0.02102   0.01295  -0.0877   0.6489   0.4176
  -0.500   0.2575   0.02080   0.01269  -0.0881   0.6361   0.4315
   0.000   0.3126   0.02073   0.01253  -0.0881   0.6230   0.4464
   0.500   0.3480   0.02098   0.01286  -0.0848   0.6087   0.4596
   1.000   0.4207   0.02088   0.01253  -0.0881   0.5971   0.4764
   1.500   0.4463   0.02131   0.01315  -0.0831   0.5830   0.4901
   2.000   0.4990   0.02157   0.01332  -0.0830   0.5710   0.5068
   2.500   0.5429   0.02189   0.01369  -0.0813   0.5585   0.5227
   3.000   0.5828   0.02241   0.01423  -0.0791   0.5466   0.5390
   3.500   0.6352   0.02271   0.01448  -0.0789   0.5352   0.5569
   4.000   0.6659   0.02344   0.01533  -0.0754   0.5236   0.5729
   4.500   0.7212   0.02376   0.01553  -0.0757   0.5130   0.5920
   5.000   0.7466   0.02466   0.01661  -0.0715   0.5017   0.6088
   5.500   0.8004   0.02499   0.01682  -0.0718   0.4916   0.6288
   6.000   0.8239   0.02605   0.01807  -0.0675   0.4809   0.6472
   6.500   0.8725   0.02643   0.01842  -0.0671   0.4711   0.6679
   7.000   0.8978   0.02765   0.01975  -0.0634   0.4610   0.6886
   7.500   0.9390   0.02820   0.02035  -0.0619   0.4514   0.7110
   8.000   0.9677   0.02940   0.02166  -0.0590   0.4419   0.7347
   8.500   1.0004   0.03033   0.02265  -0.0567   0.4323   0.7615
   9.500   1.0492   0.03276   0.02546  -0.0496   0.4141   0.8343
  10.000   1.0919   0.03306   0.02590  -0.0474   0.4063   0.9201
