  
       XFOIL         Version 6.99
  
 Calculated polar for: NACA 6416                                       
  
 1 1 Reynolds number fixed          Mach number fixed         
  
 xtrf =   1.000 (top)        1.000 (bottom)  
 Mach =   0.050     Re =     0.200 e 6     Ncrit =   9.000
  
   alpha    CL        CD       CDp       CM     Top_Xtr  Bot_Xtr
  ------ -------- --------- --------- -------- -------- --------
  -2.000   0.4634   0.01527   0.00708  -0.1496   0.7222   0.1882
  -1.500   0.5178   0.01498   0.00672  -0.1492   0.7029   0.2176
  -1.000   0.5720   0.01479   0.00652  -0.1487   0.6845   0.2539
  -0.500   0.6254   0.01458   0.00639  -0.1482   0.6666   0.2994
   0.000   0.6788   0.01438   0.00634  -0.1478   0.6503   0.3653
   0.500   0.7259   0.01356   0.00652  -0.1462   0.6354   0.6599
   1.000   0.7922   0.01328   0.00657  -0.1472   0.6212   1.0000
   1.500   0.8427   0.01368   0.00677  -0.1463   0.6073   1.0000
   2.000   0.8954   0.01414   0.00704  -0.1458   0.5952   1.0000
   2.500   0.9517   0.01461   0.00725  -0.1460   0.5843   1.0000
   3.000   1.0008   0.01509   0.00771  -0.1449   0.5730   1.0000
   3.500   1.0555   0.01564   0.00809  -0.1449   0.5633   1.0000
   4.000   1.1061   0.01615   0.00858  -0.1441   0.5530   1.0000
   4.500   1.1588   0.01677   0.00912  -0.1438   0.5438   1.0000
   5.000   1.2097   0.01732   0.00964  -0.1431   0.5342   1.0000
   5.500   1.2606   0.01800   0.01031  -0.1426   0.5252   1.0000
   6.000   1.3108   0.01859   0.01090  -0.1418   0.5158   1.0000
   6.500   1.3595   0.01933   0.01168  -0.1409   0.5068   1.0000
   7.000   1.4089   0.01994   0.01230  -0.1401   0.4973   1.0000
   7.500   1.4539   0.02075   0.01320  -0.1386   0.4880   1.0000
   8.000   1.5037   0.02136   0.01381  -0.1379   0.4785   1.0000
   8.500   1.5422   0.02223   0.01483  -0.1353   0.4685   1.0000
   9.000   1.5959   0.02282   0.01536  -0.1353   0.4587   1.0000
   9.500   1.6223   0.02369   0.01647  -0.1306   0.4476   1.0000
  10.000   1.6619   0.02438   0.01721  -0.1282   0.4367   1.0000
