  
       XFOIL         Version 6.99
  
 Calculated polar for: NACA 5822                                       
  
 1 1 Reynolds number fixed          Mach number fixed         
  
 xtrf =   1.000 (top)        1.000 (bottom)  
 Mach =   0.050     Re =     0.200 e 6     Ncrit =   9.000
  
   alpha    CL        CD       CDp       CM     Top_Xtr  Bot_Xtr
  ------ -------- --------- --------- -------- -------- --------
  -2.000   0.2015   0.02598   0.01918  -0.1500   0.8338   0.3981
  -1.500   0.2669   0.02506   0.01835  -0.1515   0.8197   0.4217
  -1.000   0.3339   0.02407   0.01745  -0.1531   0.8065   0.4459
  -0.500   0.4076   0.02282   0.01628  -0.1557   0.7962   0.4713
   0.000   0.4923   0.02124   0.01476  -0.1601   0.7873   0.4982
   0.500   0.5799   0.01984   0.01338  -0.1652   0.7726   0.5255
   1.000   0.6777   0.01849   0.01199  -0.1724   0.7541   0.5535
   1.500   0.7704   0.01776   0.01116  -0.1789   0.7294   0.5802
   2.000   0.8508   0.01761   0.01088  -0.1832   0.7024   0.6046
   2.500   0.8990   0.01810   0.01136  -0.1813   0.6733   0.6251
   3.000   0.9475   0.01861   0.01183  -0.1794   0.6464   0.6453
   3.500   0.9948   0.01917   0.01232  -0.1774   0.6210   0.6655
   4.000   1.0407   0.01980   0.01287  -0.1752   0.5966   0.6858
   4.500   1.0787   0.02050   0.01357  -0.1712   0.5736   0.7014
   5.000   1.1173   0.02123   0.01426  -0.1675   0.5512   0.7175
   5.500   1.1574   0.02201   0.01498  -0.1644   0.5293   0.7352
   6.000   1.1907   0.02283   0.01579  -0.1597   0.5086   0.7492
   6.500   1.2260   0.02365   0.01658  -0.1556   0.4882   0.7638
   7.000   1.2624   0.02453   0.01741  -0.1521   0.4681   0.7800
   7.500   1.2982   0.02548   0.01831  -0.1486   0.4483   0.7965
   8.000   1.3290   0.02634   0.01914  -0.1440   0.4295   0.8105
   8.500   1.3604   0.02729   0.02003  -0.1399   0.4107   0.8253
   9.000   1.3873   0.02835   0.02112  -0.1352   0.3923   0.8402
   9.500   1.4127   0.02952   0.02235  -0.1305   0.3743   0.8549
  10.000   1.4381   0.03078   0.02365  -0.1260   0.3567   0.8695
