  
       XFOIL         Version 6.99
  
 Calculated polar for: NACA 2706                                       
  
 1 1 Reynolds number fixed          Mach number fixed         
  
 xtrf =   1.000 (top)        1.000 (bottom)  
 Mach =   0.050     Re =     0.200 e 6     Ncrit =   9.000
  
   alpha    CL        CD       CDp       CM     Top_Xtr  Bot_Xtr
  ------ -------- --------- --------- -------- -------- --------
  -2.000  -0.0212   0.00969   0.00410  -0.0644   1.0000   0.6801
  -1.500   0.0270   0.00944   0.00408  -0.0622   1.0000   0.8012
  -1.000   0.0602   0.00903   0.00391  -0.0569   1.0000   1.0000
  -0.500   0.1171   0.00928   0.00393  -0.0579   1.0000   1.0000
   0.000   0.1720   0.00958   0.00411  -0.0584   1.0000   1.0000
   0.500   0.2257   0.00993   0.00441  -0.0586   1.0000   1.0000
   1.000   0.2784   0.01035   0.00484  -0.0587   1.0000   1.0000
   1.500   0.3302   0.01085   0.00541  -0.0587   1.0000   1.0000
   2.000   0.4330   0.01116   0.00596  -0.0689   0.9824   1.0000
   2.500   0.5589   0.00973   0.00497  -0.0810   0.9312   1.0000
   3.000   0.6340   0.00878   0.00328  -0.0801   0.6370   1.0000
   3.500   0.6530   0.01355   0.00503  -0.0737   0.0718   1.0000
   4.000   0.6985   0.01594   0.00740  -0.0714   0.0438   1.0000
   4.500   0.7470   0.01866   0.01018  -0.0694   0.0349   1.0000
   5.000   0.7993   0.02240   0.01437  -0.0677   0.0299   1.0000
   5.500   0.8499   0.02816   0.02091  -0.0650   0.0303   1.0000
