  
       XFOIL         Version 6.99
  
 Calculated polar for: NACA 9820                                       
  
 1 1 Reynolds number fixed          Mach number fixed         
  
 xtrf =   1.000 (top)        1.000 (bottom)  
 Mach =   0.050     Re =     0.200 e 6     Ncrit =   9.000
  
   alpha    CL        CD       CDp       CM     Top_Xtr  Bot_Xtr
  ------ -------- --------- --------- -------- -------- --------
  -2.000   0.3887   0.04929   0.04263  -0.2351   0.8369   0.2692
  -1.500   0.4577   0.04900   0.04244  -0.2384   0.8261   0.2934
  -1.000   0.5374   0.04841   0.04196  -0.2433   0.8205   0.3200
  -0.500   0.6075   0.04788   0.04152  -0.2463   0.8107   0.3462
   0.500   0.7553   0.04632   0.04010  -0.2531   0.7957   0.4020
   1.500   0.8989   0.04432   0.03824  -0.2586   0.7804   0.4580
   2.000   0.9806   0.04248   0.03646  -0.2627   0.7775   0.4869
   2.500   1.0440   0.04165   0.03571  -0.2637   0.7646   0.5127
   3.000   1.1296   0.03927   0.03340  -0.2683   0.7600   0.5403
   3.500   1.2000   0.03804   0.03220  -0.2705   0.7452   0.5653
   4.000   1.2724   0.03636   0.03056  -0.2728   0.7304   0.5876
   4.500   1.3433   0.03474   0.02892  -0.2747   0.7136   0.6068
   5.000   1.4033   0.03413   0.02824  -0.2749   0.6921   0.6251
   5.500   1.4579   0.03421   0.02824  -0.2745   0.6686   0.6449
   6.000   1.4902   0.03441   0.02842  -0.2691   0.6460   0.6542
   6.500   1.5343   0.03508   0.02902  -0.2670   0.6225   0.6715
   7.000   1.5608   0.03569   0.02960  -0.2607   0.6006   0.6801
   7.500   1.5993   0.03669   0.03056  -0.2578   0.5778   0.6963
   8.000   1.6231   0.03756   0.03141  -0.2514   0.5564   0.7053
   8.500   1.6573   0.03886   0.03267  -0.2478   0.5340   0.7204
   9.000   1.6795   0.04005   0.03385  -0.2416   0.5129   0.7308
   9.500   1.7074   0.04161   0.03539  -0.2371   0.4910   0.7441
  10.000   1.7306   0.04328   0.03706  -0.2318   0.4695   0.7566
