  
       XFOIL         Version 6.99
  
 Calculated polar for: NACA 5810                                       
  
 1 1 Reynolds number fixed          Mach number fixed         
  
 xtrf =   1.000 (top)        1.000 (bottom)  
 Mach =   0.050     Re =     0.200 e 6     Ncrit =   9.000
  
   alpha    CL        CD       CDp       CM     Top_Xtr  Bot_Xtr
  ------ -------- --------- --------- -------- -------- --------
  -2.000   0.2028   0.02480   0.01832  -0.1552   1.0000   0.3891
  -1.500   0.2634   0.02538   0.01911  -0.1568   1.0000   0.4673
  -1.000   0.3200   0.02606   0.02000  -0.1575   1.0000   0.5366
  -0.500   0.3723   0.02687   0.02101  -0.1572   1.0000   0.5968
   0.000   0.4193   0.02784   0.02217  -0.1558   1.0000   0.6474
   0.500   0.4606   0.02907   0.02356  -0.1537   1.0000   0.6894
   1.000   0.5514   0.03017   0.02479  -0.1603   0.9784   0.7270
   1.500   0.6298   0.03034   0.02506  -0.1641   0.9566   0.7566
   2.000   0.7069   0.03018   0.02502  -0.1676   0.9410   0.7839
   2.500   0.7838   0.02946   0.02446  -0.1708   0.9270   0.8075
   3.500   0.9296   0.02562   0.02102  -0.1747   0.8884   0.8533
   4.500   1.0814   0.01771   0.01324  -0.1766   0.7453   0.8950
   5.000   1.1724   0.01676   0.01111  -0.1818   0.5428   0.9127
   5.500   1.1893   0.01847   0.01207  -0.1739   0.3981   0.9325
   6.500   1.2340   0.02327   0.01507  -0.1622   0.1049   1.0000
   7.000   1.2723   0.02564   0.01730  -0.1594   0.0739   1.0000
   7.500   1.3101   0.02800   0.01966  -0.1564   0.0598   1.0000
   8.000   1.3497   0.03057   0.02230  -0.1537   0.0508   1.0000
   8.500   1.3984   0.03376   0.02555  -0.1526   0.0445   1.0000
   9.000   1.4431   0.03626   0.02822  -0.1509   0.0394   1.0000
   9.500   1.5087   0.04122   0.03354  -0.1528   0.0358   1.0000
  10.000   1.5438   0.04523   0.03808  -0.1492   0.0331   1.0000
