  
       XFOIL         Version 6.99
  
 Calculated polar for: NACA 4738                                       
  
 1 1 Reynolds number fixed          Mach number fixed         
  
 xtrf =   1.000 (top)        1.000 (bottom)  
 Mach =   0.050     Re =     0.200 e 6     Ncrit =   9.000
  
   alpha    CL        CD       CDp       CM     Top_Xtr  Bot_Xtr
  ------ -------- --------- --------- -------- -------- --------
  -2.000   0.0364   0.02512   0.01669  -0.0828   0.6218   0.3963
  -1.500   0.0539   0.02537   0.01688  -0.0772   0.6086   0.4045
  -1.000   0.1160   0.02517   0.01672  -0.0789   0.5977   0.4143
  -0.500   0.1431   0.02558   0.01708  -0.0750   0.5856   0.4238
   0.000   0.1927   0.02547   0.01698  -0.0747   0.5748   0.4338
   0.500   0.2366   0.02584   0.01734  -0.0736   0.5641   0.4442
   1.000   0.2709   0.02609   0.01754  -0.0710   0.5531   0.4545
   1.500   0.3405   0.02610   0.01754  -0.0741   0.5438   0.4662
   2.000   0.3516   0.02698   0.01845  -0.0679   0.5327   0.4763
   2.500   0.4202   0.02679   0.01825  -0.0707   0.5240   0.4887
   3.000   0.4371   0.02788   0.01943  -0.0657   0.5137   0.4997
   3.500   0.4834   0.02814   0.01968  -0.0652   0.5045   0.5121
   4.000   0.5372   0.02863   0.02017  -0.0659   0.4960   0.5251
   4.500   0.5520   0.02983   0.02141  -0.0610   0.4860   0.5368
   5.000   0.6202   0.02978   0.02136  -0.0637   0.4784   0.5511
   5.500   0.6278   0.03155   0.02323  -0.0581   0.4690   0.5634
   6.000   0.6684   0.03218   0.02395  -0.0570   0.4607   0.5768
   6.500   0.7315   0.03256   0.02422  -0.0592   0.4534   0.5928
   7.000   0.7214   0.03500   0.02692  -0.0518   0.4439   0.6043
   7.500   0.7824   0.03518   0.02703  -0.0534   0.4371   0.6204
   8.000   0.7914   0.03749   0.02947  -0.0491   0.4286   0.6337
   8.500   0.8092   0.03945   0.03158  -0.0458   0.4204   0.6471
   9.000   0.8938   0.03872   0.03062  -0.0503   0.4146   0.6650
   9.500   0.8386   0.04437   0.03671  -0.0397   0.4045   0.6746
  10.000   0.8934   0.04478   0.03702  -0.0408   0.3983   0.6918
