  
       XFOIL         Version 6.99
  
 Calculated polar for: NACA 8220                                       
  
 1 1 Reynolds number fixed          Mach number fixed         
  
 xtrf =   1.000 (top)        1.000 (bottom)  
 Mach =   0.050     Re =     0.200 e 6     Ncrit =   9.000
  
   alpha    CL        CD       CDp       CM     Top_Xtr  Bot_Xtr
  ------ -------- --------- --------- -------- -------- --------
  -2.000   0.4846   0.03559   0.02809  -0.1079   0.3837   0.0778
  -1.500   0.5050   0.03427   0.02622  -0.1017   0.3586   0.0832
  -1.000   0.5367   0.03329   0.02474  -0.0975   0.3431   0.0902
   0.000   0.6159   0.03037   0.02116  -0.0930   0.3240   0.1087
   0.500   0.6651   0.02916   0.01957  -0.0925   0.3175   0.1211
   2.000   0.8265   0.02673   0.01612  -0.0895   0.3051   0.0940
   2.500   0.8871   0.02658   0.01565  -0.0903   0.3016   0.0967
   3.000   0.9440   0.02663   0.01568  -0.0909   0.2990   0.1036
   3.500   0.9931   0.02686   0.01597  -0.0903   0.2968   0.1131
   4.000   1.0413   0.02725   0.01642  -0.0897   0.2941   0.1258
   4.500   1.0910   0.02773   0.01694  -0.0896   0.2917   0.1432
   5.000   1.1421   0.02839   0.01754  -0.0897   0.2897   0.1732
   5.500   1.1906   0.02774   0.01854  -0.0890   0.2880   1.0000
   6.000   1.2436   0.02897   0.01955  -0.0895   0.2862   1.0000
   6.500   1.3022   0.03054   0.02096  -0.0913   0.2844   1.0000
   7.000   1.3517   0.03238   0.02277  -0.0917   0.2831   1.0000
   7.500   1.3837   0.03388   0.02435  -0.0892   0.2821   1.0000
   8.000   1.4100   0.03555   0.02614  -0.0861   0.2808   1.0000
   8.500   1.4334   0.03749   0.02822  -0.0829   0.2795   1.0000
   9.000   1.4537   0.03980   0.03069  -0.0797   0.2783   1.0000
   9.500   1.4668   0.04254   0.03362  -0.0760   0.2773   1.0000
  10.000   1.4699   0.04595   0.03726  -0.0718   0.2762   1.0000
