  
       XFOIL         Version 6.99
  
 Calculated polar for: NACA 9726                                       
  
 1 1 Reynolds number fixed          Mach number fixed         
  
 xtrf =   1.000 (top)        1.000 (bottom)  
 Mach =   0.050     Re =     0.200 e 6     Ncrit =   9.000
  
   alpha    CL        CD       CDp       CM     Top_Xtr  Bot_Xtr
  ------ -------- --------- --------- -------- -------- --------
  -2.000   0.3076   0.04707   0.03998  -0.2043   0.7333   0.2660
  -1.500   0.3879   0.04587   0.03878  -0.2087   0.7306   0.2829
  -0.500   0.5155   0.04492   0.03787  -0.2125   0.7151   0.3161
   0.000   0.5953   0.04333   0.03633  -0.2164   0.7133   0.3352
   1.500   0.8087   0.03993   0.03295  -0.2243   0.6966   0.3954
   2.000   0.8986   0.03766   0.03073  -0.2296   0.6949   0.4188
   2.500   0.9521   0.03775   0.03088  -0.2297   0.6811   0.4379
   3.000   1.0500   0.03526   0.02835  -0.2363   0.6775   0.4631
   4.000   1.2080   0.03312   0.02606  -0.2443   0.6564   0.5104
   4.500   1.2446   0.03423   0.02726  -0.2415   0.6394   0.5281
   5.000   1.2932   0.03489   0.02790  -0.2409   0.6247   0.5484
   5.500   1.3743   0.03392   0.02677  -0.2452   0.6140   0.5721
   6.000   1.3899   0.03595   0.02895  -0.2390   0.5974   0.5862
   6.500   1.4326   0.03692   0.02989  -0.2375   0.5837   0.6058
   7.000   1.4857   0.03708   0.03002  -0.2371   0.5715   0.6228
   7.500   1.5024   0.03930   0.03233  -0.2317   0.5565   0.6375
   8.000   1.5587   0.03948   0.03240  -0.2321   0.5451   0.6564
   8.500   1.5738   0.04159   0.03463  -0.2262   0.5311   0.6680
   9.000   1.6063   0.04314   0.03617  -0.2235   0.5185   0.6852
   9.500   1.6463   0.04399   0.03698  -0.2216   0.5066   0.7002
  10.000   1.6601   0.04652   0.03964  -0.2162   0.4933   0.7135
