  
       XFOIL         Version 6.99
  
 Calculated polar for: NACA 5610                                       
  
 1 1 Reynolds number fixed          Mach number fixed         
  
 xtrf =   1.000 (top)        1.000 (bottom)  
 Mach =   0.050     Re =     0.200 e 6     Ncrit =   9.000
  
   alpha    CL        CD       CDp       CM     Top_Xtr  Bot_Xtr
  ------ -------- --------- --------- -------- -------- --------
  -2.000   0.2830   0.02109   0.01412  -0.1521   0.9212   0.2942
  -1.500   0.3597   0.02088   0.01416  -0.1565   0.9170   0.3915
  -1.000   0.4112   0.02101   0.01453  -0.1560   0.9069   0.4733
  -0.500   0.4869   0.02080   0.01455  -0.1597   0.9023   0.5638
   0.000   0.5378   0.02096   0.01488  -0.1588   0.8911   0.6352
   0.500   0.6154   0.02037   0.01452  -0.1624   0.8872   0.7125
   1.000   0.6629   0.02002   0.01455  -0.1603   0.8751   0.8143
   2.000   0.7993   0.01879   0.01339  -0.1638   0.8588   1.0000
   2.500   0.8599   0.01838   0.01301  -0.1640   0.8465   1.0000
   3.000   0.9480   0.01685   0.01154  -0.1688   0.8428   1.0000
   3.500   1.0132   0.01585   0.01064  -0.1693   0.8293   1.0000
   4.000   1.0754   0.01463   0.00954  -0.1688   0.8095   1.0000
   4.500   1.1355   0.01326   0.00824  -0.1674   0.7770   1.0000
   5.000   1.1886   0.01266   0.00766  -0.1653   0.7288   1.0000
   5.500   1.2371   0.01267   0.00737  -0.1624   0.6377   1.0000
   6.000   1.2655   0.01404   0.00803  -0.1563   0.5180   1.0000
   6.500   1.2754   0.01593   0.00931  -0.1474   0.4001   1.0000
   7.000   1.2748   0.01866   0.01119  -0.1375   0.2546   1.0000
   7.500   1.2754   0.02221   0.01378  -0.1289   0.1180   1.0000
   8.000   1.2898   0.02511   0.01641  -0.1225   0.0792   1.0000
   8.500   1.3094   0.02771   0.01904  -0.1171   0.0636   1.0000
   9.000   1.3295   0.03049   0.02188  -0.1120   0.0541   1.0000
   9.500   1.3524   0.03371   0.02507  -0.1074   0.0473   1.0000
  10.000   1.3827   0.03608   0.02767  -0.1038   0.0421   1.0000
