  
       XFOIL         Version 6.99
  
 Calculated polar for: NACA 4134                                       
  
 1 1 Reynolds number fixed          Mach number fixed         
  
 xtrf =   1.000 (top)        1.000 (bottom)  
 Mach =   0.050     Re =     0.200 e 6     Ncrit =   9.000
  
   alpha    CL        CD       CDp       CM     Top_Xtr  Bot_Xtr
  ------ -------- --------- --------- -------- -------- --------
  -2.000   0.0986   0.02092   0.01277  -0.0239   0.5334   0.5095
  -1.500   0.1369   0.02093   0.01279  -0.0207   0.5215   0.5255
  -1.000   0.1656   0.02111   0.01295  -0.0159   0.5098   0.5426
  -0.500   0.2040   0.02120   0.01302  -0.0127   0.4985   0.5600
   0.000   0.2307   0.02140   0.01331  -0.0076   0.4873   0.5774
   0.500   0.2631   0.02147   0.01331  -0.0035   0.4766   0.5962
   1.000   0.2920   0.02180   0.01373   0.0009   0.4658   0.6136
   1.500   0.3302   0.02195   0.01386   0.0037   0.4550   0.6302
   2.000   0.3575   0.02244   0.01433   0.0080   0.4440   0.6485
   2.500   0.3997   0.02263   0.01453   0.0098   0.4326   0.6670
   3.000   0.4177   0.02323   0.01525   0.0152   0.4207   0.6861
   3.500   0.4567   0.02358   0.01545   0.0173   0.4089   0.7076
   4.000   0.4722   0.02439   0.01647   0.0226   0.3974   0.7291
   4.500   0.5097   0.02502   0.01713   0.0245   0.3877   0.7518
   5.000   0.5314   0.02600   0.01824   0.0284   0.3777   0.7761
   5.500   0.5645   0.02688   0.01914   0.0307   0.3684   0.8021
   6.000   0.5837   0.02816   0.02055   0.0346   0.3587   0.8294
   6.500   0.6108   0.02940   0.02184   0.0376   0.3495   0.8575
   7.000   0.6298   0.03102   0.02355   0.0412   0.3399   0.8862
   7.500   0.6524   0.03301   0.02560   0.0439   0.3302   0.9138
   8.000   0.6936   0.03483   0.02732   0.0434   0.3203   0.9370
   8.500   0.7239   0.03827   0.03087   0.0417   0.3090   0.9560
   9.000   0.7762   0.04147   0.03401   0.0364   0.2977   0.9683
   9.500   0.8326   0.04463   0.03705   0.0300   0.2859   0.9769
  10.000   0.8733   0.04897   0.04138   0.0245   0.2735   0.9879
  -2.000   0.0986   0.02092   0.01277  -0.0239   0.5334   0.5095
  -1.500   0.1369   0.02093   0.01279  -0.0207   0.5215   0.5255
  -1.000   0.1656   0.02111   0.01295  -0.0159   0.5098   0.5426
  -0.500   0.2040   0.02120   0.01302  -0.0127   0.4985   0.5600
   0.000   0.2307   0.02140   0.01331  -0.0076   0.4873   0.5774
   0.500   0.2631   0.02147   0.01331  -0.0035   0.4766   0.5962
   1.000   0.2920   0.02180   0.01373   0.0009   0.4658   0.6136
   1.500   0.3302   0.02195   0.01386   0.0037   0.4550   0.6302
   2.000   0.3575   0.02244   0.01433   0.0080   0.4440   0.6485
   2.500   0.3997   0.02263   0.01453   0.0098   0.4326   0.6670
   3.000   0.4177   0.02323   0.01525   0.0152   0.4207   0.6861
   3.500   0.4567   0.02358   0.01545   0.0173   0.4089   0.7076
   4.000   0.4722   0.02439   0.01647   0.0226   0.3974   0.7291
   4.500   0.5097   0.02502   0.01713   0.0245   0.3877   0.7518
   5.000   0.5314   0.02600   0.01824   0.0284   0.3777   0.7761
   5.500   0.5645   0.02688   0.01914   0.0307   0.3684   0.8021
   6.000   0.5837   0.02816   0.02055   0.0346   0.3587   0.8294
   6.500   0.6108   0.02940   0.02184   0.0376   0.3495   0.8575
   7.000   0.6298   0.03102   0.02355   0.0412   0.3399   0.8862
   7.500   0.6524   0.03301   0.02560   0.0439   0.3302   0.9138
   8.000   0.6936   0.03483   0.02732   0.0434   0.3203   0.9370
   8.500   0.7239   0.03827   0.03087   0.0417   0.3090   0.9560
   9.000   0.7762   0.04147   0.03401   0.0364   0.2977   0.9683
   9.500   0.8326   0.04463   0.03705   0.0300   0.2859   0.9769
  10.000   0.8733   0.04897   0.04138   0.0245   0.2735   0.9879
  -2.000   0.0986   0.02092   0.01277  -0.0239   0.5334   0.5095
  -1.500   0.1369   0.02093   0.01279  -0.0207   0.5215   0.5255
  -1.000   0.1656   0.02111   0.01295  -0.0159   0.5098   0.5426
  -0.500   0.2040   0.02120   0.01302  -0.0127   0.4985   0.5600
   0.000   0.2307   0.02140   0.01331  -0.0076   0.4873   0.5774
   0.500   0.2631   0.02147   0.01331  -0.0035   0.4766   0.5962
   1.000   0.2920   0.02180   0.01373   0.0009   0.4658   0.6136
   1.500   0.3302   0.02195   0.01386   0.0037   0.4550   0.6302
   2.000   0.3575   0.02244   0.01433   0.0080   0.4440   0.6485
   2.500   0.3997   0.02263   0.01453   0.0098   0.4326   0.6670
   3.000   0.4177   0.02323   0.01525   0.0152   0.4207   0.6861
   3.500   0.4567   0.02358   0.01545   0.0173   0.4089   0.7076
   4.000   0.4722   0.02439   0.01647   0.0226   0.3974   0.7291
   4.500   0.5097   0.02502   0.01713   0.0245   0.3877   0.7518
   5.000   0.5314   0.02600   0.01824   0.0284   0.3777   0.7761
   5.500   0.5645   0.02688   0.01914   0.0307   0.3684   0.8021
   6.000   0.5837   0.02816   0.02055   0.0346   0.3587   0.8294
   6.500   0.6108   0.02940   0.02184   0.0376   0.3495   0.8575
   7.000   0.6298   0.03102   0.02355   0.0412   0.3399   0.8862
   7.500   0.6524   0.03301   0.02560   0.0439   0.3302   0.9138
   8.000   0.6936   0.03483   0.02732   0.0434   0.3203   0.9370
   8.500   0.7239   0.03827   0.03087   0.0417   0.3090   0.9560
   9.000   0.7762   0.04147   0.03401   0.0364   0.2977   0.9683
   9.500   0.8326   0.04463   0.03705   0.0300   0.2859   0.9769
  10.000   0.8733   0.04897   0.04138   0.0245   0.2735   0.9879
