  
       XFOIL         Version 6.99
  
 Calculated polar for: NACA 9326                                       
  
 1 1 Reynolds number fixed          Mach number fixed         
  
 xtrf =   1.000 (top)        1.000 (bottom)  
 Mach =   0.050     Re =     0.200 e 6     Ncrit =   9.000
  
   alpha    CL        CD       CDp       CM     Top_Xtr  Bot_Xtr
  ------ -------- --------- --------- -------- -------- --------
  -2.000   0.5143   0.02650   0.01668  -0.1296   0.4641   0.1138
  -1.500   0.5622   0.02634   0.01653  -0.1290   0.4559   0.1185
  -1.000   0.6092   0.02604   0.01596  -0.1280   0.4484   0.1249
  -0.500   0.6721   0.02605   0.01575  -0.1298   0.4419   0.1325
   0.000   0.7137   0.02613   0.01589  -0.1281   0.4369   0.1393
   0.500   0.7620   0.02636   0.01600  -0.1274   0.4319   0.1483
   1.000   0.8155   0.02654   0.01617  -0.1278   0.4277   0.1587
   1.500   0.8848   0.02679   0.01628  -0.1309   0.4233   0.1723
   2.000   0.9181   0.02733   0.01699  -0.1281   0.4198   0.1844
   2.500   0.9592   0.02792   0.01769  -0.1267   0.4163   0.2001
   3.000   1.0049   0.02849   0.01835  -0.1261   0.4130   0.2208
   3.500   1.0564   0.02898   0.01888  -0.1266   0.4101   0.2515
   4.000   1.1124   0.02780   0.01964  -0.1270   0.4073   1.0000
   4.500   1.1585   0.02920   0.02083  -0.1267   0.4044   1.0000
   5.000   1.1777   0.03081   0.02248  -0.1225   0.4018   1.0000
   5.500   1.1982   0.03267   0.02439  -0.1188   0.3991   1.0000
   6.000   1.2200   0.03467   0.02642  -0.1157   0.3965   1.0000
   6.500   1.2469   0.03660   0.02833  -0.1134   0.3939   1.0000
   7.000   1.2891   0.03800   0.02962  -0.1131   0.3912   1.0000
   7.500   1.3476   0.03928   0.03072  -0.1150   0.3888   1.0000
   8.000   1.3150   0.04434   0.03610  -0.1065   0.3864   1.0000
  10.000   0.5126   0.16474   0.15928  -0.0829   0.3483   1.0000
