  
       XFOIL         Version 6.99
  
 Calculated polar for: NACA 5638                                       
  
 1 1 Reynolds number fixed          Mach number fixed         
  
 xtrf =   1.000 (top)        1.000 (bottom)  
 Mach =   0.050     Re =     0.200 e 6     Ncrit =   9.000
  
   alpha    CL        CD       CDp       CM     Top_Xtr  Bot_Xtr
  ------ -------- --------- --------- -------- -------- --------
  -2.000  -0.0033   0.02814   0.01985  -0.0771   0.6236   0.3634
  -1.500   0.0806   0.02715   0.01865  -0.0822   0.6164   0.3747
  -1.000   0.0962   0.02783   0.01944  -0.0769   0.6038   0.3825
  -0.500   0.1728   0.02720   0.01871  -0.0808   0.5956   0.3940
   0.000   0.1935   0.02796   0.01946  -0.0764   0.5841   0.4029
   0.500   0.2557   0.02775   0.01927  -0.0781   0.5751   0.4139
   1.000   0.2932   0.02841   0.01981  -0.0764   0.5653   0.4242
   1.500   0.3306   0.02878   0.02031  -0.0745   0.5551   0.4350
   2.000   0.4130   0.02840   0.01975  -0.0795   0.5479   0.4488
   2.500   0.4008   0.03024   0.02180  -0.0707   0.5360   0.4576
   3.000   0.4868   0.02960   0.02104  -0.0759   0.5293   0.4723
   3.500   0.4721   0.03202   0.02359  -0.0674   0.5179   0.4815
   4.000   0.5372   0.03183   0.02343  -0.0696   0.5107   0.4957
   4.500   0.5606   0.03342   0.02498  -0.0666   0.5017   0.5079
   5.000   0.5835   0.03475   0.02649  -0.0635   0.4925   0.5206
   5.500   0.6773   0.03376   0.02528  -0.0695   0.4870   0.5382
   6.000   0.6267   0.03834   0.03021  -0.0579   0.4749   0.5471
   6.500   0.7035   0.03764   0.02944  -0.0614   0.4693   0.5645
   7.000   0.6760   0.04218   0.03415  -0.0536   0.4584   0.5749
   7.500   0.7206   0.04290   0.03496  -0.0536   0.4515   0.5910
   8.000   0.8224   0.04093   0.03276  -0.0598   0.4474   0.6114
   8.500   0.7223   0.05010   0.04239  -0.0458   0.4329   0.6183
   9.000   0.8211   0.04759   0.03973  -0.0509   0.4299   0.6402
  10.000   0.8062   0.05643   0.04892  -0.0427   0.4114   0.6697
