  
       XFOIL         Version 6.99
  
 Calculated polar for: NACA 6528                                       
  
 1 1 Reynolds number fixed          Mach number fixed         
  
 xtrf =   1.000 (top)        1.000 (bottom)  
 Mach =   0.050     Re =     0.200 e 6     Ncrit =   9.000
  
   alpha    CL        CD       CDp       CM     Top_Xtr  Bot_Xtr
  ------ -------- --------- --------- -------- -------- --------
  -2.000   0.3623   0.02166   0.01342  -0.1404   0.6744   0.3170
  -1.500   0.4217   0.02135   0.01306  -0.1412   0.6653   0.3340
  -1.000   0.4701   0.02141   0.01310  -0.1400   0.6560   0.3508
  -0.500   0.5103   0.02133   0.01309  -0.1373   0.6457   0.3672
   0.000   0.5799   0.02119   0.01291  -0.1401   0.6377   0.3883
   0.500   0.6005   0.02159   0.01332  -0.1339   0.6263   0.4051
   1.000   0.6906   0.02124   0.01290  -0.1404   0.6191   0.4315
   1.500   0.6925   0.02196   0.01385  -0.1311   0.6071   0.4483
   2.000   0.7779   0.02152   0.01333  -0.1365   0.5999   0.4776
   2.500   0.7831   0.02260   0.01456  -0.1282   0.5881   0.4984
   3.000   0.8607   0.02223   0.01416  -0.1322   0.5806   0.5316
   3.500   0.8702   0.02340   0.01551  -0.1250   0.5692   0.5581
   4.000   0.9398   0.02312   0.01528  -0.1276   0.5615   0.5980
   4.500   0.9529   0.02432   0.01673  -0.1212   0.5507   0.6351
   5.000   1.0128   0.02418   0.01670  -0.1221   0.5425   0.6915
   5.500   1.0277   0.02529   0.01818  -0.1160   0.5325   0.7644
   6.000   1.0729   0.02511   0.01835  -0.1137   0.5239   1.0000
   6.500   1.1007   0.02646   0.01960  -0.1107   0.5143   1.0000
   7.000   1.1424   0.02724   0.02024  -0.1096   0.5052   1.0000
   7.500   1.1750   0.02852   0.02145  -0.1073   0.4962   1.0000
   8.000   1.2042   0.02981   0.02268  -0.1046   0.4866   1.0000
   8.500   1.2447   0.03088   0.02367  -0.1035   0.4783   1.0000
   9.000   1.2589   0.03289   0.02569  -0.0992   0.4683   1.0000
   9.500   1.3084   0.03361   0.02630  -0.0993   0.4605   1.0000
  10.000   1.3072   0.03655   0.02933  -0.0937   0.4500   1.0000
