  
       XFOIL         Version 6.99
  
 Calculated polar for: NACA 5118                                       
  
 1 1 Reynolds number fixed          Mach number fixed         
  
 xtrf =   1.000 (top)        1.000 (bottom)  
 Mach =   0.050     Re =     0.200 e 6     Ncrit =   9.000
  
   alpha    CL        CD       CDp       CM     Top_Xtr  Bot_Xtr
  ------ -------- --------- --------- -------- -------- --------
  -2.000   0.2919   0.02540   0.01747  -0.0672   0.6120   0.0625
  -1.500   0.3396   0.02327   0.01503  -0.0653   0.5788   0.0703
  -1.000   0.3868   0.02165   0.01308  -0.0632   0.5432   0.0853
   0.000   0.4625   0.00789  -0.00070  -0.0557   0.4548   0.1330
   0.500   0.5019   0.00724  -0.00143  -0.0522   0.4023   0.1363
   1.000   0.5349   0.00789  -0.00133  -0.0472   0.3193   0.1196
   1.500   0.5578   0.00934  -0.00065  -0.0410   0.2298   0.0994
   2.000   0.5889   0.01034  -0.00003  -0.0364   0.2057   0.0872
   2.500   0.6194   0.01057   0.00017  -0.0319   0.1956   0.0796
   3.000   0.6490   0.01084   0.00035  -0.0278   0.1891   0.0814
   3.500   0.6862   0.01130   0.00069  -0.0251   0.1848   0.0826
   4.000   0.7266   0.01183   0.00108  -0.0231   0.1813   0.0903
   4.500   0.7677   0.01255   0.00166  -0.0212   0.1784   0.1066
   5.000   0.8218   0.01162   0.00291  -0.0216   0.1757   1.0000
   5.500   0.8710   0.01316   0.00414  -0.0212   0.1734   1.0000
   6.000   0.9155   0.01442   0.00529  -0.0201   0.1721   1.0000
   6.500   0.9578   0.01568   0.00650  -0.0188   0.1711   1.0000
   7.000   1.0005   0.01709   0.00790  -0.0177   0.1700   1.0000
   7.500   1.0421   0.01862   0.00944  -0.0165   0.1689   1.0000
   8.000   1.0797   0.02025   0.01112  -0.0149   0.1674   1.0000
   8.500   1.1164   0.02206   0.01298  -0.0134   0.1663   1.0000
   9.000   1.1516   0.02410   0.01511  -0.0119   0.1655   1.0000
   9.500   1.1831   0.02638   0.01749  -0.0101   0.1648   1.0000
  10.000   1.2097   0.02897   0.02024  -0.0079   0.1642   1.0000
