  
       XFOIL         Version 6.99
  
 Calculated polar for: NACA 6816                                       
  
 1 1 Reynolds number fixed          Mach number fixed         
  
 xtrf =   1.000 (top)        1.000 (bottom)  
 Mach =   0.050     Re =     0.200 e 6     Ncrit =   9.000
  
   alpha    CL        CD       CDp       CM     Top_Xtr  Bot_Xtr
  ------ -------- --------- --------- -------- -------- --------
  -2.000   0.2583   0.03548   0.02885  -0.1796   0.9198   0.3557
  -1.500   0.3486   0.03567   0.02917  -0.1865   0.9147   0.3991
  -1.000   0.4221   0.03517   0.02879  -0.1900   0.9026   0.4389
  -0.500   0.4935   0.03457   0.02832  -0.1928   0.8907   0.4773
   0.000   0.5630   0.03380   0.02772  -0.1951   0.8787   0.5138
   0.500   0.6307   0.03288   0.02694  -0.1969   0.8663   0.5494
   1.000   0.6949   0.03177   0.02596  -0.1978   0.8525   0.5836
   2.000   0.8059   0.02963   0.02414  -0.1956   0.8152   0.6408
   2.500   0.8668   0.02831   0.02293  -0.1950   0.7998   0.6676
   3.000   0.9364   0.02656   0.02126  -0.1958   0.7857   0.6927
   3.500   1.0185   0.02429   0.01900  -0.1988   0.7683   0.7152
   4.000   1.1151   0.02181   0.01643  -0.2046   0.7413   0.7348
   4.500   1.1973   0.02075   0.01514  -0.2083   0.6997   0.7513
   5.000   1.2459   0.02114   0.01535  -0.2061   0.6545   0.7671
   5.500   1.2851   0.02186   0.01591  -0.2023   0.6117   0.7832
   6.000   1.3204   0.02271   0.01662  -0.1980   0.5709   0.7995
   6.500   1.3534   0.02363   0.01741  -0.1935   0.5314   0.8155
   7.000   1.3843   0.02463   0.01830  -0.1887   0.4926   0.8311
   7.500   1.4141   0.02572   0.01927  -0.1838   0.4542   0.8462
   8.000   1.4423   0.02693   0.02039  -0.1789   0.4159   0.8609
   8.500   1.4686   0.02831   0.02167  -0.1739   0.3777   0.8751
   9.000   1.4935   0.02986   0.02313  -0.1689   0.3391   0.8886
   9.500   1.5159   0.03166   0.02483  -0.1637   0.3010   0.9014
  10.000   1.5359   0.03369   0.02677  -0.1583   0.2637   0.9141
