  
       XFOIL         Version 6.99
  
 Calculated polar for: NACA 2214                                       
  
 1 1 Reynolds number fixed          Mach number fixed         
  
 xtrf =   1.000 (top)        1.000 (bottom)  
 Mach =   0.050     Re =     0.200 e 6     Ncrit =   9.000
  
   alpha    CL        CD       CDp       CM     Top_Xtr  Bot_Xtr
  ------ -------- --------- --------- -------- -------- --------
  -2.000  -0.0158   0.01064   0.00523  -0.0380   0.8581   0.6840
  -1.500   0.0347   0.01032   0.00509  -0.0352   0.8293   0.7663
  -1.000   0.0861   0.01023   0.00499  -0.0324   0.7984   0.8318
  -0.500   0.1389   0.01036   0.00503  -0.0298   0.7635   0.8861
   0.000   0.2030   0.01071   0.00519  -0.0295   0.7230   0.9261
   0.500   0.2861   0.01119   0.00536  -0.0336   0.6779   0.9560
   1.000   0.3737   0.01147   0.00530  -0.0398   0.6265   0.9723
   1.500   0.4603   0.01176   0.00519  -0.0462   0.5690   0.9885
   2.000   0.5395   0.01204   0.00512  -0.0516   0.5101   1.0000
   2.500   0.5809   0.01237   0.00510  -0.0494   0.4643   1.0000
   3.000   0.6220   0.01280   0.00526  -0.0471   0.4274   1.0000
   3.500   0.6635   0.01326   0.00553  -0.0447   0.3988   1.0000
   4.000   0.7055   0.01382   0.00589  -0.0423   0.3780   1.0000
   4.500   0.7487   0.01438   0.00634  -0.0401   0.3612   1.0000
   5.000   0.7927   0.01495   0.00686  -0.0380   0.3472   1.0000
   5.500   0.8376   0.01561   0.00747  -0.0360   0.3350   1.0000
   6.000   0.8837   0.01637   0.00812  -0.0343   0.3241   1.0000
   6.500   0.9287   0.01697   0.00881  -0.0323   0.3133   1.0000
   7.000   0.9750   0.01777   0.00962  -0.0307   0.3031   1.0000
   7.500   1.0219   0.01854   0.01036  -0.0293   0.2924   1.0000
   8.000   1.0667   0.01926   0.01123  -0.0275   0.2812   1.0000
   8.500   1.1121   0.02008   0.01211  -0.0259   0.2699   1.0000
   9.000   1.1581   0.02092   0.01289  -0.0245   0.2578   1.0000
   9.500   1.1979   0.02147   0.01366  -0.0220   0.2452   1.0000
  10.000   1.2372   0.02221   0.01456  -0.0196   0.2321   1.0000
