  
       XFOIL         Version 6.99
  
 Calculated polar for: NACA 5632                                       
  
 1 1 Reynolds number fixed          Mach number fixed         
  
 xtrf =   1.000 (top)        1.000 (bottom)  
 Mach =   0.050     Re =     0.200 e 6     Ncrit =   9.000
  
   alpha    CL        CD       CDp       CM     Top_Xtr  Bot_Xtr
  ------ -------- --------- --------- -------- -------- --------
  -2.000   0.1228   0.02403   0.01599  -0.1025   0.6811   0.3639
  -1.500   0.2281   0.02250   0.01447  -0.1110   0.6757   0.3799
  -1.000   0.2492   0.02290   0.01488  -0.1054   0.6598   0.3911
  -0.500   0.3042   0.02279   0.01477  -0.1056   0.6478   0.4048
   0.000   0.3713   0.02229   0.01423  -0.1077   0.6368   0.4197
   0.500   0.4079   0.02274   0.01466  -0.1049   0.6227   0.4335
   1.000   0.4962   0.02204   0.01387  -0.1107   0.6132   0.4507
   1.500   0.5149   0.02291   0.01473  -0.1050   0.5985   0.4641
   2.500   0.6180   0.02336   0.01516  -0.1046   0.5750   0.4968
   3.000   0.6605   0.02395   0.01584  -0.1029   0.5633   0.5131
   3.500   0.7135   0.02418   0.01602  -0.1030   0.5522   0.5307
   4.000   0.7447   0.02517   0.01707  -0.0998   0.5406   0.5475
   4.500   0.8000   0.02539   0.01727  -0.1002   0.5303   0.5657
   5.000   0.8262   0.02661   0.01853  -0.0965   0.5190   0.5832
   5.500   0.8784   0.02690   0.01884  -0.0965   0.5092   0.6022
   6.000   0.9039   0.02820   0.02019  -0.0929   0.4985   0.6204
   6.500   0.9503   0.02870   0.02071  -0.0922   0.4889   0.6406
   7.000   0.9776   0.02998   0.02209  -0.0890   0.4788   0.6595
   7.500   1.0163   0.03083   0.02293  -0.0875   0.4692   0.6810
   8.000   1.0499   0.03194   0.02415  -0.0853   0.4600   0.7032
   8.500   1.0744   0.03328   0.02562  -0.0821   0.4502   0.7261
   9.000   1.1230   0.03387   0.02622  -0.0819   0.4420   0.7538
   9.500   1.1259   0.03623   0.02883  -0.0764   0.4319   0.7827
  10.000   1.1995   0.03543   0.02798  -0.0786   0.4247   0.8321
