  
       XFOIL         Version 6.99
  
 Calculated polar for: NACA 6810                                       
  
 1 1 Reynolds number fixed          Mach number fixed         
  
 xtrf =   1.000 (top)        1.000 (bottom)  
 Mach =   0.050     Re =     0.200 e 6     Ncrit =   9.000
  
   alpha    CL        CD       CDp       CM     Top_Xtr  Bot_Xtr
  ------ -------- --------- --------- -------- -------- --------
  -2.000   0.2573   0.03069   0.02414  -0.1783   1.0000   0.3079
  -1.500   0.3205   0.03155   0.02521  -0.1807   1.0000   0.3887
  -1.000   0.3790   0.03251   0.02637  -0.1821   1.0000   0.4614
  -0.500   0.4329   0.03359   0.02765  -0.1824   1.0000   0.5251
   0.000   0.4816   0.03485   0.02910  -0.1818   1.0000   0.5815
   0.500   0.5417   0.03646   0.03090  -0.1834   0.9960   0.6322
   1.500   0.6993   0.03790   0.03259  -0.1918   0.9547   0.7115
   2.500   0.8363   0.03671   0.03166  -0.1949   0.9188   0.7609
   3.000   0.9066   0.03559   0.03072  -0.1965   0.9053   0.7817
   3.500   0.9820   0.03386   0.02917  -0.1992   0.8912   0.8056
   4.000   1.0253   0.03125   0.02677  -0.1949   0.8584   0.8239
   4.500   1.0615   0.02951   0.02523  -0.1895   0.8025   0.8431
   5.000   1.2244   0.02100   0.01649  -0.2055   0.7129   0.8663
   5.500   1.2840   0.02104   0.01544  -0.2049   0.5286   0.8826
   6.000   1.2974   0.02327   0.01682  -0.1967   0.3710   0.8969
   6.500   1.3123   0.02621   0.01853  -0.1896   0.1739   0.9105
   7.000   1.3373   0.02882   0.02053  -0.1842   0.0901   0.9244
   7.500   1.3639   0.03097   0.02264  -0.1790   0.0683   0.9401
   8.000   1.3881   0.03308   0.02482  -0.1732   0.0573   0.9701
   8.500   1.4231   0.03591   0.02767  -0.1699   0.0486   1.0000
   9.000   1.4661   0.03837   0.03034  -0.1678   0.0429   1.0000
   9.500   1.5230   0.04203   0.03411  -0.1682   0.0380   1.0000
  10.000   1.5696   0.04540   0.03789  -0.1666   0.0347   1.0000
