  
       XFOIL         Version 6.99
  
 Calculated polar for: NACA 7118                                       
  
 1 1 Reynolds number fixed          Mach number fixed         
  
 xtrf =   1.000 (top)        1.000 (bottom)  
 Mach =   0.050     Re =     0.200 e 6     Ncrit =   9.000
  
   alpha    CL        CD       CDp       CM     Top_Xtr  Bot_Xtr
  ------ -------- --------- --------- -------- -------- --------
  -2.000   0.4293   0.02161   0.01482  -0.0766   0.4038   0.0258
  -1.500   0.4392   0.02139   0.01367  -0.0697   0.2658   0.0262
  -1.000   0.4565   0.02110   0.01272  -0.0640   0.2045   0.0274
  -0.500   0.4837   0.02151   0.01269  -0.0582   0.1913   0.0295
   0.000   0.5115   0.02010   0.01109  -0.0540   0.1847   0.0316
   0.500   0.5407   0.02032   0.01096  -0.0491   0.1798   0.0332
   1.000   0.5743   0.01948   0.00992  -0.0460   0.1765   0.0354
   1.500   0.6134   0.01924   0.00946  -0.0432   0.1739   0.0376
   2.000   0.6535   0.01987   0.00982  -0.0405   0.1716   0.0410
   2.500   0.6962   0.01985   0.00961  -0.0388   0.1695   0.0453
   3.000   0.7411   0.01923   0.00888  -0.0377   0.1676   0.0507
   3.500   0.7877   0.01926   0.00877  -0.0368   0.1660   0.0613
   4.000   0.8411   0.01896   0.00841  -0.0371   0.1645   0.0937
   4.500   0.8955   0.01880   0.00841  -0.0377   0.1633   0.1260
   5.000   0.9412   0.01948   0.00906  -0.0369   0.1627   0.1395
   5.500   0.9837   0.02076   0.01027  -0.0354   0.1619   0.1434
   6.000   1.0231   0.02254   0.01205  -0.0336   0.1610   0.1126
   6.500   1.0616   0.02435   0.01386  -0.0321   0.1603   0.1002
   7.000   1.0988   0.02633   0.01586  -0.0306   0.1598   0.0931
   7.500   1.1324   0.02855   0.01809  -0.0288   0.1594   0.0972
   8.000   1.1607   0.03082   0.02068  -0.0269   0.1591   0.3071
   8.500   1.1782   0.03222   0.02367  -0.0233   0.1589   1.0000
   9.000   1.1896   0.03582   0.02744  -0.0201   0.1589   1.0000
   9.500   1.1888   0.04034   0.03218  -0.0163   0.1590   1.0000
  10.000   1.1711   0.04630   0.03844  -0.0122   0.1593   1.0000
