  
       XFOIL         Version 6.99
  
 Calculated polar for: NACA 1422                                       
  
 1 1 Reynolds number fixed          Mach number fixed         
  
 xtrf =   1.000 (top)        1.000 (bottom)  
 Mach =   0.050     Re =     0.200 e 6     Ncrit =   9.000
  
   alpha    CL        CD       CDp       CM     Top_Xtr  Bot_Xtr
  ------ -------- --------- --------- -------- -------- --------
  -2.000  -0.0951   0.01431   0.00706  -0.0291   0.7302   0.5290
  -1.500  -0.0447   0.01415   0.00693  -0.0276   0.7069   0.5594
  -1.000   0.0061   0.01405   0.00688  -0.0260   0.6840   0.5902
  -0.500   0.0567   0.01402   0.00683  -0.0245   0.6618   0.6225
   0.000   0.1083   0.01402   0.00686  -0.0231   0.6402   0.6535
   0.500   0.1601   0.01408   0.00695  -0.0217   0.6192   0.6847
   1.000   0.2101   0.01418   0.00707  -0.0200   0.5986   0.7167
   1.500   0.2611   0.01431   0.00727  -0.0185   0.5785   0.7469
   2.000   0.3126   0.01452   0.00755  -0.0169   0.5591   0.7765
   2.500   0.3636   0.01481   0.00785  -0.0153   0.5403   0.8062
   3.000   0.4137   0.01514   0.00817  -0.0135   0.5221   0.8356
   3.500   0.4665   0.01557   0.00858  -0.0122   0.5041   0.8615
   4.000   0.5219   0.01610   0.00904  -0.0113   0.4861   0.8848
   4.500   0.5796   0.01667   0.00956  -0.0110   0.4676   0.9061
   5.000   0.6414   0.01727   0.01014  -0.0117   0.4487   0.9252
   5.500   0.7178   0.01797   0.01079  -0.0156   0.4288   0.9392
   6.000   0.8021   0.01864   0.01138  -0.0214   0.4083   0.9498
   6.500   0.8766   0.01923   0.01191  -0.0255   0.3883   0.9638
   7.000   0.9515   0.01985   0.01246  -0.0300   0.3684   0.9776
   7.500   1.0312   0.02046   0.01298  -0.0356   0.3480   0.9889
   8.500   1.1185   0.02149   0.01398  -0.0338   0.3139   1.0000
   9.000   1.1162   0.02195   0.01444  -0.0240   0.3019   1.0000
   9.500   1.1072   0.02242   0.01476  -0.0129   0.2912   1.0000
  10.000   1.0966   0.02296   0.01539  -0.0019   0.2800   1.0000
