  
       XFOIL         Version 6.99
  
 Calculated polar for: NACA 5340                                       
  
 1 1 Reynolds number fixed          Mach number fixed         
  
 xtrf =   1.000 (top)        1.000 (bottom)  
 Mach =   0.050     Re =     0.200 e 6     Ncrit =   9.000
  
   alpha    CL        CD       CDp       CM     Top_Xtr  Bot_Xtr
  ------ -------- --------- --------- -------- -------- --------
  -2.000  -0.0084   0.02577   0.01694  -0.0308   0.4764   0.4030
  -1.500   0.0154   0.02574   0.01696  -0.0260   0.4695   0.4439
  -1.000   0.0431   0.02614   0.01746  -0.0221   0.4627   0.4773
  -0.500   0.0569   0.02680   0.01824  -0.0163   0.4557   0.5023
   0.000   0.1005   0.02714   0.01852  -0.0151   0.4500   0.5264
   0.500   0.1475   0.02780   0.01905  -0.0146   0.4448   0.5477
   1.000   0.1556   0.02902   0.02056  -0.0087   0.4392   0.5639
   1.500   0.1891   0.02977   0.02126  -0.0066   0.4340   0.5812
   2.000   0.2505   0.03008   0.02152  -0.0083   0.4298   0.5993
   2.500   0.2802   0.03134   0.02284  -0.0061   0.4256   0.6148
   3.000   0.2649   0.03383   0.02562   0.0015   0.4207   0.6283
   3.500   0.2839   0.03544   0.02725   0.0045   0.4160   0.6441
   4.000   0.3399   0.03588   0.02771   0.0033   0.4126   0.6627
   4.500   0.4145   0.03614   0.02786  -0.0004   0.4094   0.6815
