  
       XFOIL         Version 6.99
  
 Calculated polar for: NACA 4116                                       
  
 1 1 Reynolds number fixed          Mach number fixed         
  
 xtrf =   1.000 (top)        1.000 (bottom)  
 Mach =   0.050     Re =     0.200 e 6     Ncrit =   9.000
  
   alpha    CL        CD       CDp       CM     Top_Xtr  Bot_Xtr
  ------ -------- --------- --------- -------- -------- --------
  -2.000   0.1936   0.02050   0.01261  -0.0592   0.6993   0.1155
  -1.500   0.2466   0.01793   0.00999  -0.0579   0.6621   0.1304
  -1.000   0.3008   0.01677   0.00862  -0.0559   0.6231   0.1306
  -0.500   0.3566   0.01704   0.00844  -0.0535   0.5814   0.1001
   0.000   0.4096   0.01717   0.00821  -0.0511   0.5366   0.0750
   0.500   0.4566   0.01660   0.00747  -0.0488   0.4893   0.0745
   1.000   0.5003   0.01628   0.00695  -0.0460   0.4335   0.0743
   1.500   0.5392   0.01633   0.00661  -0.0428   0.3545   0.0798
   2.000   0.5728   0.01730   0.00679  -0.0390   0.2497   0.0861
   2.500   0.6128   0.01801   0.00705  -0.0362   0.2148   0.0994
   3.000   0.6427   0.01657   0.00797  -0.0309   0.2024   0.9000
   3.500   0.7546   0.01784   0.00899  -0.0426   0.1917   1.0000
   4.000   0.7871   0.01883   0.00969  -0.0386   0.1870   1.0000
   4.500   0.8249   0.01958   0.01034  -0.0354   0.1838   1.0000
   5.000   0.8650   0.02039   0.01105  -0.0328   0.1805   1.0000
   5.500   0.9078   0.02131   0.01187  -0.0308   0.1777   1.0000
   6.000   0.9530   0.02235   0.01280  -0.0294   0.1755   1.0000
   6.500   1.0014   0.02360   0.01395  -0.0287   0.1735   1.0000
   7.000   1.0553   0.02540   0.01566  -0.0291   0.1716   1.0000
   7.500   1.1018   0.02667   0.01698  -0.0282   0.1707   1.0000
   8.000   1.1478   0.02807   0.01849  -0.0272   0.1699   1.0000
   8.500   1.1928   0.02964   0.02017  -0.0263   0.1690   1.0000
   9.000   1.2348   0.03128   0.02196  -0.0250   0.1678   1.0000
   9.500   1.2745   0.03309   0.02395  -0.0235   0.1667   1.0000
  10.000   1.3118   0.03520   0.02625  -0.0218   0.1659   1.0000
  -2.000   0.1936   0.02050   0.01261  -0.0592   0.6993   0.1155
  -1.500   0.2466   0.01793   0.00999  -0.0579   0.6621   0.1304
  -1.000   0.3008   0.01677   0.00862  -0.0559   0.6231   0.1306
  -0.500   0.3566   0.01704   0.00844  -0.0535   0.5814   0.1001
   0.000   0.4096   0.01717   0.00821  -0.0511   0.5366   0.0750
   0.500   0.4566   0.01660   0.00747  -0.0488   0.4893   0.0745
   1.000   0.5003   0.01628   0.00695  -0.0460   0.4335   0.0743
   1.500   0.5392   0.01633   0.00661  -0.0428   0.3545   0.0798
   2.000   0.5728   0.01730   0.00679  -0.0390   0.2497   0.0861
   2.500   0.6128   0.01801   0.00705  -0.0362   0.2148   0.0994
   3.000   0.6427   0.01657   0.00797  -0.0309   0.2024   0.9000
   3.500   0.7546   0.01784   0.00899  -0.0426   0.1917   1.0000
   4.000   0.7871   0.01883   0.00969  -0.0386   0.1870   1.0000
   4.500   0.8249   0.01958   0.01034  -0.0354   0.1838   1.0000
   5.000   0.8650   0.02039   0.01105  -0.0328   0.1805   1.0000
   5.500   0.9078   0.02131   0.01187  -0.0308   0.1777   1.0000
   6.000   0.9530   0.02235   0.01280  -0.0294   0.1755   1.0000
   6.500   1.0014   0.02360   0.01395  -0.0287   0.1735   1.0000
   7.000   1.0553   0.02540   0.01566  -0.0291   0.1716   1.0000
   7.500   1.1018   0.02667   0.01698  -0.0282   0.1707   1.0000
   8.000   1.1478   0.02807   0.01849  -0.0272   0.1699   1.0000
   8.500   1.1928   0.02964   0.02017  -0.0263   0.1690   1.0000
   9.000   1.2348   0.03128   0.02196  -0.0250   0.1678   1.0000
   9.500   1.2745   0.03309   0.02395  -0.0235   0.1667   1.0000
  10.000   1.3118   0.03520   0.02625  -0.0218   0.1659   1.0000
  -2.000   0.1936   0.02050   0.01261  -0.0592   0.6993   0.1155
  -1.500   0.2466   0.01793   0.00999  -0.0579   0.6621   0.1304
  -1.000   0.3008   0.01677   0.00862  -0.0559   0.6231   0.1306
  -0.500   0.3566   0.01704   0.00844  -0.0535   0.5814   0.1001
   0.000   0.4096   0.01717   0.00821  -0.0511   0.5366   0.0750
   0.500   0.4566   0.01660   0.00747  -0.0488   0.4893   0.0745
   1.000   0.5003   0.01628   0.00695  -0.0460   0.4335   0.0743
   1.500   0.5392   0.01633   0.00661  -0.0428   0.3545   0.0798
   2.000   0.5728   0.01730   0.00679  -0.0390   0.2497   0.0861
   2.500   0.6128   0.01801   0.00705  -0.0362   0.2148   0.0994
   3.000   0.6427   0.01657   0.00797  -0.0309   0.2024   0.9000
   3.500   0.7546   0.01784   0.00899  -0.0426   0.1917   1.0000
   4.000   0.7871   0.01883   0.00969  -0.0386   0.1870   1.0000
   4.500   0.8249   0.01958   0.01034  -0.0354   0.1838   1.0000
   5.000   0.8650   0.02039   0.01105  -0.0328   0.1805   1.0000
   5.500   0.9078   0.02131   0.01187  -0.0308   0.1777   1.0000
   6.000   0.9530   0.02235   0.01280  -0.0294   0.1755   1.0000
   6.500   1.0014   0.02360   0.01395  -0.0287   0.1735   1.0000
   7.000   1.0553   0.02540   0.01566  -0.0291   0.1716   1.0000
   7.500   1.1018   0.02667   0.01698  -0.0282   0.1707   1.0000
   8.000   1.1478   0.02807   0.01849  -0.0272   0.1699   1.0000
   8.500   1.1928   0.02964   0.02017  -0.0263   0.1690   1.0000
   9.000   1.2348   0.03128   0.02196  -0.0250   0.1678   1.0000
   9.500   1.2745   0.03309   0.02395  -0.0235   0.1667   1.0000
  10.000   1.3118   0.03520   0.02625  -0.0218   0.1659   1.0000
