  
       XFOIL         Version 6.99
  
 Calculated polar for: NACA 8524                                       
  
 1 1 Reynolds number fixed          Mach number fixed         
  
 xtrf =   1.000 (top)        1.000 (bottom)  
 Mach =   0.050     Re =     0.200 e 6     Ncrit =   9.000
  
   alpha    CL        CD       CDp       CM     Top_Xtr  Bot_Xtr
  ------ -------- --------- --------- -------- -------- --------
  -1.500   0.6130   0.02308   0.01492  -0.1902   0.6921   0.2542
  -1.000   0.7173   0.02208   0.01387  -0.1992   0.6882   0.2786
  -0.500   0.7117   0.02331   0.01522  -0.1886   0.6750   0.2906
   0.000   0.8016   0.02243   0.01425  -0.1948   0.6701   0.3172
   0.500   0.8167   0.02352   0.01549  -0.1882   0.6586   0.3343
   1.000   0.8907   0.02301   0.01495  -0.1916   0.6522   0.3628
   1.500   0.9360   0.02344   0.01544  -0.1902   0.6435   0.3886
   2.000   0.9789   0.02381   0.01587  -0.1884   0.6343   0.4166
   2.500   1.0777   0.02289   0.01488  -0.1962   0.6293   0.4585
   3.000   1.0648   0.02480   0.01700  -0.1851   0.6164   0.4818
   3.500   1.1562   0.02389   0.01610  -0.1913   0.6111   0.5336
   4.000   1.1476   0.02590   0.01841  -0.1814   0.5987   0.5682
   4.500   1.2294   0.02502   0.01766  -0.1859   0.5929   0.6496
   5.000   1.2211   0.02685   0.02007  -0.1759   0.5812   0.7771
   5.500   1.2862   0.02610   0.01929  -0.1772   0.5746   1.0000
   6.000   1.2877   0.02851   0.02173  -0.1700   0.5632   1.0000
   6.500   1.3543   0.02836   0.02138  -0.1721   0.5562   1.0000
   7.000   1.3586   0.03087   0.02394  -0.1656   0.5452   1.0000
   7.500   1.4165   0.03099   0.02393  -0.1665   0.5377   1.0000
   8.000   1.4204   0.03373   0.02673  -0.1604   0.5270   1.0000
   8.500   1.4728   0.03404   0.02694  -0.1606   0.5192   1.0000
   9.000   1.4692   0.03741   0.03040  -0.1540   0.5081   1.0000
   9.500   1.5233   0.03758   0.03048  -0.1544   0.5006   1.0000
  10.000   1.5060   0.04210   0.03514  -0.1469   0.4885   1.0000
