  
       XFOIL         Version 6.99
  
 Calculated polar for: NACA 1412                                       
  
 1 1 Reynolds number fixed          Mach number fixed         
  
 xtrf =   1.000 (top)        1.000 (bottom)  
 Mach =   0.050     Re =     0.200 e 6     Ncrit =   9.000
  
   alpha    CL        CD       CDp       CM     Top_Xtr  Bot_Xtr
  ------ -------- --------- --------- -------- -------- --------
  -2.000  -0.1451   0.01094   0.00547  -0.0243   0.9490   0.6911
  -1.500  -0.0723   0.01052   0.00536  -0.0265   0.9338   0.7823
  -1.000  -0.0065   0.01026   0.00526  -0.0266   0.9150   0.8532
  -0.500   0.0588   0.01014   0.00516  -0.0264   0.8938   0.9065
   0.000   0.1309   0.01016   0.00511  -0.0278   0.8660   0.9424
   0.500   0.2176   0.01018   0.00500  -0.0328   0.8333   0.9660
   1.000   0.3079   0.01015   0.00479  -0.0391   0.7934   0.9858
   1.500   0.3903   0.01011   0.00455  -0.0444   0.7455   1.0000
   2.000   0.4366   0.01014   0.00437  -0.0427   0.6984   1.0000
   2.500   0.4829   0.01030   0.00432  -0.0408   0.6522   1.0000
   3.000   0.5287   0.01055   0.00437  -0.0387   0.6070   1.0000
   3.500   0.5738   0.01087   0.00451  -0.0366   0.5616   1.0000
   4.000   0.6185   0.01125   0.00474  -0.0343   0.5149   1.0000
   4.500   0.6625   0.01169   0.00503  -0.0319   0.4668   1.0000
   5.000   0.7058   0.01221   0.00540  -0.0293   0.4154   1.0000
   5.500   0.7480   0.01283   0.00584  -0.0267   0.3576   1.0000
   6.000   0.7886   0.01366   0.00643  -0.0239   0.2923   1.0000
   6.500   0.8274   0.01479   0.00722  -0.0211   0.2228   1.0000
   7.000   0.8649   0.01621   0.00832  -0.0182   0.1620   1.0000
   7.500   0.9024   0.01777   0.00968  -0.0154   0.1221   1.0000
   8.000   0.9393   0.01943   0.01124  -0.0125   0.0984   1.0000
   8.500   0.9761   0.02114   0.01292  -0.0097   0.0832   1.0000
   9.000   1.0123   0.02302   0.01482  -0.0069   0.0725   1.0000
   9.500   1.0484   0.02513   0.01700  -0.0042   0.0644   1.0000
  10.000   1.0850   0.02764   0.01950  -0.0019   0.0584   1.0000
