  
       XFOIL         Version 6.99
  
 Calculated polar for: NACA 9432                                       
  
 1 1 Reynolds number fixed          Mach number fixed         
  
 xtrf =   1.000 (top)        1.000 (bottom)  
 Mach =   0.050     Re =     0.200 e 6     Ncrit =   9.000
  
   alpha    CL        CD       CDp       CM     Top_Xtr  Bot_Xtr
  ------ -------- --------- --------- -------- -------- --------
  -2.000   0.4834   0.02797   0.01861  -0.1485   0.5485   0.2016
  -1.500   0.5245   0.02825   0.01877  -0.1470   0.5428   0.2102
  -1.000   0.5936   0.02808   0.01855  -0.1500   0.5380   0.2209
  -0.500   0.6225   0.02890   0.01940  -0.1468   0.5327   0.2299
   0.000   0.6327   0.03029   0.02097  -0.1409   0.5270   0.2378
   0.500   0.6808   0.03065   0.02126  -0.1408   0.5222   0.2500
   1.000   0.7622   0.03038   0.02087  -0.1457   0.5184   0.2665
   1.500   0.7519   0.03272   0.02345  -0.1374   0.5129   0.2754
   2.000   0.7272   0.03611   0.02709  -0.1280   0.5063   0.2832
   2.500   0.7875   0.03613   0.02707  -0.1297   0.5024   0.3023
   3.000   0.8781   0.03527   0.02610  -0.1355   0.4996   0.3290
   3.500   0.5990   0.05624   0.04775  -0.1017   0.4797   0.3019
   4.000   0.7013   0.05265   0.04414  -0.1067   0.4800   0.3318
   4.500   0.8217   0.04833   0.03981  -0.1141   0.4803   0.3762
