  
       XFOIL         Version 6.99
  
 Calculated polar for: NACA 3708                                       
  
 1 1 Reynolds number fixed          Mach number fixed         
  
 xtrf =   1.000 (top)        1.000 (bottom)  
 Mach =   0.050     Re =     0.200 e 6     Ncrit =   9.000
  
   alpha    CL        CD       CDp       CM     Top_Xtr  Bot_Xtr
  ------ -------- --------- --------- -------- -------- --------
  -2.000   0.0339   0.01377   0.00753  -0.0890   1.0000   0.5061
  -1.500   0.0884   0.01386   0.00795  -0.0889   1.0000   0.6196
  -1.000   0.1390   0.01419   0.00843  -0.0879   1.0000   0.7031
  -0.500   0.1895   0.01449   0.00886  -0.0870   1.0000   0.7691
   0.000   0.2387   0.01468   0.00926  -0.0858   1.0000   0.8348
   0.500   0.3055   0.01467   0.00946  -0.0883   0.9873   1.0000
   1.000   0.3911   0.01512   0.00984  -0.0952   0.9747   1.0000
   1.500   0.4761   0.01532   0.01006  -0.1014   0.9606   1.0000
   2.000   0.5640   0.01514   0.00998  -0.1077   0.9452   1.0000
   2.500   0.6448   0.01434   0.00936  -0.1116   0.9224   1.0000
   3.000   0.7360   0.01229   0.00754  -0.1159   0.8922   1.0000
   3.500   0.7985   0.01066   0.00611  -0.1143   0.8362   1.0000
   4.000   0.8723   0.01094   0.00498  -0.1149   0.5301   1.0000
   5.000   0.9254   0.01699   0.00832  -0.1046   0.0746   1.0000
   5.500   0.9677   0.01901   0.01037  -0.1018   0.0542   1.0000
   6.000   1.0113   0.02151   0.01291  -0.0993   0.0439   1.0000
   6.500   1.0617   0.02584   0.01730  -0.0982   0.0378   1.0000
   7.000   1.1107   0.02836   0.02029  -0.0962   0.0335   1.0000
   7.500   1.1569   0.03324   0.02576  -0.0938   0.0317   1.0000
   8.000   1.1875   0.04106   0.03466  -0.0885   0.0326   1.0000
   8.500   1.1980   0.05017   0.04478  -0.0813   0.0341   1.0000
