  
       XFOIL         Version 6.99
  
 Calculated polar for: NACA 8624                                       
  
 1 1 Reynolds number fixed          Mach number fixed         
  
 xtrf =   1.000 (top)        1.000 (bottom)  
 Mach =   0.050     Re =     0.200 e 6     Ncrit =   9.000
  
   alpha    CL        CD       CDp       CM     Top_Xtr  Bot_Xtr
  ------ -------- --------- --------- -------- -------- --------
  -2.000   0.3233   0.03916   0.03165  -0.1791   0.7263   0.2536
  -1.500   0.4034   0.03784   0.03034  -0.1829   0.7250   0.2731
  -0.500   0.4700   0.03983   0.03240  -0.1777   0.6953   0.3045
   0.000   0.5452   0.03845   0.03106  -0.1804   0.6926   0.3270
   0.500   0.6231   0.03679   0.02944  -0.1834   0.6912   0.3512
   1.000   0.7039   0.03489   0.02757  -0.1868   0.6903   0.3772
   1.500   0.7891   0.03285   0.02556  -0.1909   0.6895   0.4051
   3.000   0.9362   0.03286   0.02579  -0.1883   0.6575   0.4776
   3.500   1.0288   0.03053   0.02346  -0.1934   0.6552   0.5104
   4.500   1.1591   0.02920   0.02215  -0.1963   0.6363   0.5678
   5.000   1.1956   0.03007   0.02306  -0.1936   0.6216   0.5924
   5.500   1.2637   0.02948   0.02241  -0.1956   0.6115   0.6219
   6.000   1.3235   0.02923   0.02214  -0.1964   0.5995   0.6492
   6.500   1.3579   0.03031   0.02328  -0.1936   0.5848   0.6750
   7.000   1.4167   0.03031   0.02325  -0.1945   0.5731   0.7060
   7.500   1.4644   0.03074   0.02370  -0.1937   0.5601   0.7379
   8.000   1.4840   0.03252   0.02563  -0.1890   0.5456   0.7727
   8.500   1.5281   0.03264   0.02592  -0.1872   0.5341   0.8578
   9.000   1.5572   0.03373   0.02699  -0.1841   0.5209   1.0000
   9.500   1.5747   0.03607   0.02934  -0.1798   0.5071   1.0000
  10.000   1.6295   0.03644   0.02953  -0.1803   0.4961   1.0000
