  
       XFOIL         Version 6.99
  
 Calculated polar for: NACA 4634                                       
  
 1 1 Reynolds number fixed          Mach number fixed         
  
 xtrf =   1.000 (top)        1.000 (bottom)  
 Mach =   0.050     Re =     0.200 e 6     Ncrit =   9.000
  
   alpha    CL        CD       CDp       CM     Top_Xtr  Bot_Xtr
  ------ -------- --------- --------- -------- -------- --------
  -2.000   0.0953   0.02227   0.01406  -0.0871   0.6564   0.3910
  -1.500   0.1110   0.02248   0.01421  -0.0804   0.6412   0.4010
  -1.000   0.1798   0.02213   0.01387  -0.0829   0.6302   0.4137
  -0.500   0.2130   0.02224   0.01390  -0.0794   0.6165   0.4254
   0.000   0.2593   0.02238   0.01411  -0.0781   0.6043   0.4376
   0.500   0.3162   0.02228   0.01386  -0.0787   0.5926   0.4515
   1.000   0.3486   0.02277   0.01448  -0.0752   0.5800   0.4638
   1.500   0.4142   0.02265   0.01420  -0.0774   0.5692   0.4791
   2.000   0.4368   0.02339   0.01510  -0.0724   0.5569   0.4917
   2.500   0.5032   0.02334   0.01489  -0.0746   0.5468   0.5079
   3.000   0.5219   0.02426   0.01599  -0.0692   0.5350   0.5212
   3.500   0.5836   0.02432   0.01592  -0.0708   0.5253   0.5380
   4.000   0.6048   0.02534   0.01712  -0.0660   0.5142   0.5524
   4.500   0.6582   0.02558   0.01728  -0.0663   0.5047   0.5694
   5.000   0.6862   0.02662   0.01844  -0.0628   0.4945   0.5852
   5.500   0.7290   0.02714   0.01894  -0.0617   0.4850   0.6024
   6.000   0.7680   0.02799   0.01987  -0.0600   0.4757   0.6201
   6.500   0.7954   0.02900   0.02093  -0.0569   0.4660   0.6375
   7.000   0.8561   0.02928   0.02116  -0.0583   0.4579   0.6579
   7.500   0.8580   0.03116   0.02325  -0.0521   0.4477   0.6753
   8.000   0.9277   0.03104   0.02300  -0.0546   0.4402   0.6982
   8.500   0.9181   0.03361   0.02589  -0.0475   0.4304   0.7173
   9.000   0.9691   0.03400   0.02622  -0.0477   0.4227   0.7422
   9.500   0.9797   0.03615   0.02861  -0.0434   0.4139   0.7681
  10.000   1.0048   0.03754   0.03016  -0.0406   0.4056   0.8001
  -2.000   0.0953   0.02227   0.01406  -0.0871   0.6564   0.3910
  -1.500   0.1110   0.02248   0.01421  -0.0804   0.6412   0.4010
  -1.000   0.1798   0.02213   0.01387  -0.0829   0.6302   0.4137
  -0.500   0.2130   0.02224   0.01390  -0.0794   0.6165   0.4254
   0.000   0.2593   0.02238   0.01411  -0.0781   0.6043   0.4376
   0.500   0.3162   0.02228   0.01386  -0.0787   0.5926   0.4515
   1.000   0.3486   0.02277   0.01448  -0.0752   0.5800   0.4638
   1.500   0.4142   0.02265   0.01420  -0.0774   0.5692   0.4791
   2.000   0.4368   0.02339   0.01510  -0.0724   0.5569   0.4917
   2.500   0.5032   0.02334   0.01489  -0.0746   0.5468   0.5079
   3.000   0.5219   0.02426   0.01599  -0.0692   0.5350   0.5212
   3.500   0.5836   0.02432   0.01592  -0.0708   0.5253   0.5380
   4.000   0.6048   0.02534   0.01712  -0.0660   0.5142   0.5524
   4.500   0.6582   0.02558   0.01728  -0.0663   0.5047   0.5694
   5.000   0.6862   0.02662   0.01844  -0.0628   0.4945   0.5852
   5.500   0.7290   0.02714   0.01894  -0.0617   0.4850   0.6024
   6.000   0.7680   0.02799   0.01987  -0.0600   0.4757   0.6201
   6.500   0.7954   0.02900   0.02093  -0.0569   0.4660   0.6375
   7.000   0.8561   0.02928   0.02116  -0.0583   0.4579   0.6579
   7.500   0.8580   0.03116   0.02325  -0.0521   0.4477   0.6753
   8.000   0.9277   0.03104   0.02300  -0.0546   0.4402   0.6982
   8.500   0.9181   0.03361   0.02589  -0.0475   0.4304   0.7173
   9.000   0.9691   0.03400   0.02622  -0.0477   0.4227   0.7422
   9.500   0.9797   0.03615   0.02861  -0.0434   0.4139   0.7681
  10.000   1.0048   0.03754   0.03016  -0.0406   0.4056   0.8001
