  
       XFOIL         Version 6.99
  
 Calculated polar for: NACA 9332                                       
  
 1 1 Reynolds number fixed          Mach number fixed         
  
 xtrf =   1.000 (top)        1.000 (bottom)  
 Mach =   0.050     Re =     0.200 e 6     Ncrit =   9.000
  
   alpha    CL        CD       CDp       CM     Top_Xtr  Bot_Xtr
  ------ -------- --------- --------- -------- -------- --------
  -2.000   0.3907   0.02960   0.01946  -0.1041   0.4501   0.1430
  -1.500   0.4414   0.02974   0.01944  -0.1041   0.4440   0.1492
  -1.000   0.4777   0.02987   0.01958  -0.1020   0.4381   0.1546
  -0.500   0.5257   0.03010   0.01974  -0.1017   0.4331   0.1616
   0.000   0.5965   0.02999   0.01944  -0.1049   0.4287   0.1702
   0.500   0.6233   0.03082   0.02039  -0.1016   0.4251   0.1777
   1.000   0.6585   0.03141   0.02108  -0.0998   0.4213   0.1859
   1.500   0.7012   0.03206   0.02170  -0.0990   0.4176   0.1965
   2.000   0.7554   0.03226   0.02192  -0.1000   0.4142   0.2098
   2.500   0.8242   0.03264   0.02225  -0.1032   0.4111   0.2277
   3.000   0.8368   0.03420   0.02404  -0.0987   0.4087   0.2420
   4.000   0.8672   0.03778   0.02817  -0.0917   0.4028   0.2971
   4.500   0.8847   0.03801   0.03035  -0.0874   0.4000   0.7863
   5.000   0.9378   0.03911   0.03162  -0.0884   0.3975   1.0000
   5.500   0.9958   0.04017   0.03241  -0.0903   0.3953   1.0000
   7.000   0.1494   0.15108   0.14312  -0.0513   0.3669   0.2144
   7.500   0.1953   0.15375   0.14588  -0.0524   0.3646   0.2323
   8.000   0.2482   0.15715   0.14936  -0.0539   0.3634   0.2592
   8.500   0.2967   0.16030   0.15504  -0.0530   0.3627   0.8322
  10.000   0.2936   0.17161   0.16631  -0.0548   0.3399   1.0000
