  
       XFOIL         Version 6.99
  
 Calculated polar for: NACA 9618                                       
  
 1 1 Reynolds number fixed          Mach number fixed         
  
 xtrf =   1.000 (top)        1.000 (bottom)  
 Mach =   0.050     Re =     0.200 e 6     Ncrit =   9.000
  
   alpha    CL        CD       CDp       CM     Top_Xtr  Bot_Xtr
  ------ -------- --------- --------- -------- -------- --------
  -2.000   0.4308   0.04570   0.03841  -0.2148   0.7678   0.1783
  -1.500   0.5100   0.04497   0.03762  -0.2188   0.7654   0.2021
  -1.000   0.5911   0.04410   0.03682  -0.2230   0.7638   0.2293
   0.000   0.6614   0.04588   0.03873  -0.2181   0.7357   0.2744
   0.500   0.7346   0.04500   0.03787  -0.2207   0.7326   0.3086
   1.000   0.8115   0.04382   0.03677  -0.2238   0.7308   0.3458
   2.000   0.8860   0.04556   0.03872  -0.2191   0.7042   0.4060
   2.500   0.9535   0.04453   0.03777  -0.2206   0.7000   0.4465
   3.000   1.0264   0.04299   0.03632  -0.2226   0.6978   0.4893
   3.500   1.1010   0.04116   0.03459  -0.2248   0.6964   0.5322
   4.000   1.1773   0.03904   0.03258  -0.2271   0.6956   0.5737
   6.000   1.3655   0.03832   0.03226  -0.2213   0.6526   0.7169
   6.500   1.4440   0.03584   0.02990  -0.2240   0.6479   0.7723
   7.000   1.5323   0.03227   0.02648  -0.2280   0.6441   1.0000
   7.500   1.5773   0.03262   0.02677  -0.2266   0.6280   1.0000
   8.000   1.6257   0.03281   0.02688  -0.2257   0.6119   1.0000
   8.500   1.6764   0.03293   0.02691  -0.2250   0.5956   1.0000
   9.000   1.7233   0.03333   0.02724  -0.2239   0.5783   1.0000
   9.500   1.7620   0.03424   0.02809  -0.2216   0.5601   1.0000
  10.000   1.7933   0.03559   0.02941  -0.2182   0.5414   1.0000
