  
       XFOIL         Version 6.99
  
 Calculated polar for: NACA 6628                                       
  
 1 1 Reynolds number fixed          Mach number fixed         
  
 xtrf =   1.000 (top)        1.000 (bottom)  
 Mach =   0.050     Re =     0.200 e 6     Ncrit =   9.000
  
   alpha    CL        CD       CDp       CM     Top_Xtr  Bot_Xtr
  ------ -------- --------- --------- -------- -------- --------
  -1.500   0.3189   0.02478   0.01704  -0.1403   0.7188   0.3515
  -0.500   0.4327   0.02381   0.01615  -0.1407   0.6977   0.3844
   0.000   0.4777   0.02386   0.01618  -0.1391   0.6841   0.4011
   1.000   0.6139   0.02257   0.01494  -0.1432   0.6638   0.4400
   1.500   0.6558   0.02296   0.01528  -0.1412   0.6492   0.4585
   2.000   0.7542   0.02174   0.01397  -0.1482   0.6412   0.4830
   2.500   0.7809   0.02248   0.01483  -0.1437   0.6251   0.5004
   3.000   0.8247   0.02296   0.01530  -0.1420   0.6108   0.5206
   3.500   0.9017   0.02264   0.01484  -0.1457   0.5998   0.5448
   4.000   0.9343   0.02345   0.01574  -0.1423   0.5853   0.5645
   4.500   0.9747   0.02421   0.01653  -0.1402   0.5719   0.5848
   5.000   1.0493   0.02407   0.01624  -0.1435   0.5606   0.6094
   5.500   1.0620   0.02557   0.01785  -0.1373   0.5465   0.6296
   6.000   1.1110   0.02611   0.01839  -0.1367   0.5350   0.6528
   6.500   1.1469   0.02692   0.01926  -0.1342   0.5229   0.6755
   7.000   1.1770   0.02806   0.02049  -0.1310   0.5109   0.6990
   7.500   1.2286   0.02840   0.02080  -0.1308   0.5001   0.7269
   8.000   1.2428   0.03009   0.02269  -0.1255   0.4879   0.7544
   8.500   1.3050   0.02996   0.02253  -0.1267   0.4782   0.7937
   9.000   1.2984   0.03210   0.02508  -0.1183   0.4662   0.8589
   9.500   1.3556   0.03191   0.02477  -0.1191   0.4567   1.0000
  10.000   1.3578   0.03471   0.02766  -0.1135   0.4447   1.0000
