  
       XFOIL         Version 6.99
  
 Calculated polar for: NACA 8318                                       
  
 1 1 Reynolds number fixed          Mach number fixed         
  
 xtrf =   1.000 (top)        1.000 (bottom)  
 Mach =   0.050     Re =     0.200 e 6     Ncrit =   9.000
  
   alpha    CL        CD       CDp       CM     Top_Xtr  Bot_Xtr
  ------ -------- --------- --------- -------- -------- --------
  -2.000   0.5774   0.02246   0.01379  -0.1497   0.5256   0.0877
  -1.500   0.6255   0.02127   0.01193  -0.1482   0.5052   0.0941
  -1.000   0.6741   0.02083   0.01130  -0.1470   0.4888   0.1010
  -0.500   0.7242   0.02044   0.01073  -0.1461   0.4759   0.1095
   0.000   0.7775   0.02029   0.01035  -0.1458   0.4656   0.1204
   0.500   0.8280   0.02016   0.01017  -0.1450   0.4564   0.1333
   1.000   0.8861   0.02033   0.01016  -0.1458   0.4493   0.1503
   1.500   0.9360   0.02041   0.01032  -0.1450   0.4433   0.1708
   2.000   0.9886   0.02052   0.01050  -0.1449   0.4376   0.1980
   2.500   1.0462   0.02078   0.01074  -0.1458   0.4322   0.2424
   3.000   1.0947   0.01971   0.01134  -0.1446   0.4278   1.0000
   3.500   1.1445   0.02043   0.01191  -0.1440   0.4234   1.0000
   4.000   1.1964   0.02119   0.01252  -0.1439   0.4194   1.0000
   4.500   1.2517   0.02201   0.01315  -0.1444   0.4155   1.0000
   5.000   1.3084   0.02311   0.01411  -0.1455   0.4116   1.0000
   5.500   1.3505   0.02403   0.01511  -0.1438   0.4084   1.0000
   6.000   1.3944   0.02504   0.01616  -0.1425   0.4050   1.0000
   6.500   1.4406   0.02605   0.01718  -0.1417   0.4015   1.0000
   7.000   1.4917   0.02702   0.01809  -0.1419   0.3981   1.0000
   7.500   1.5510   0.02843   0.01938  -0.1437   0.3948   1.0000
   8.000   1.5833   0.02989   0.02103  -0.1409   0.3922   1.0000
   8.500   1.6091   0.03141   0.02276  -0.1370   0.3892   1.0000
   9.000   1.6315   0.03293   0.02445  -0.1327   0.3856   1.0000
   9.500   1.6599   0.03451   0.02613  -0.1296   0.3825   1.0000
  10.000   1.6991   0.03604   0.02771  -0.1284   0.3797   1.0000
