  
       XFOIL         Version 6.99
  
 Calculated polar for: NACA 7422                                       
  
 1 1 Reynolds number fixed          Mach number fixed         
  
 xtrf =   1.000 (top)        1.000 (bottom)  
 Mach =   0.050     Re =     0.200 e 6     Ncrit =   9.000
  
   alpha    CL        CD       CDp       CM     Top_Xtr  Bot_Xtr
  ------ -------- --------- --------- -------- -------- --------
  -2.000   0.5316   0.01863   0.00973  -0.1597   0.6266   0.2055
  -1.500   0.5865   0.01854   0.00956  -0.1596   0.6151   0.2239
  -1.000   0.6359   0.01850   0.00953  -0.1586   0.6037   0.2442
  -0.500   0.6892   0.01858   0.00960  -0.1584   0.5939   0.2683
   0.000   0.7393   0.01861   0.00966  -0.1575   0.5838   0.2964
   0.500   0.7949   0.01874   0.00981  -0.1578   0.5757   0.3318
   1.000   0.8407   0.01879   0.01006  -0.1563   0.5668   0.3768
   2.000   0.9264   0.01821   0.01112  -0.1509   0.5522   0.8602
   2.500   1.0012   0.01862   0.01139  -0.1550   0.5443   1.0000
   3.000   1.0596   0.01926   0.01177  -0.1560   0.5379   1.0000
   3.500   1.0922   0.01995   0.01247  -0.1522   0.5307   1.0000
   4.000   1.1439   0.02048   0.01284  -0.1519   0.5240   1.0000
   4.500   1.2017   0.02127   0.01346  -0.1530   0.5182   1.0000
   5.000   1.2273   0.02213   0.01441  -0.1481   0.5112   1.0000
   5.500   1.2772   0.02275   0.01492  -0.1476   0.5049   1.0000
   6.000   1.3400   0.02358   0.01560  -0.1497   0.4992   1.0000
   6.500   1.3464   0.02474   0.01693  -0.1416   0.4923   1.0000
   7.000   1.3909   0.02551   0.01766  -0.1404   0.4862   1.0000
   7.500   1.4643   0.02619   0.01816  -0.1444   0.4806   1.0000
   8.000   1.4513   0.02803   0.02027  -0.1338   0.4737   1.0000
   8.500   1.4890   0.02897   0.02121  -0.1318   0.4674   1.0000
   9.000   1.5711   0.02934   0.02139  -0.1369   0.4621   1.0000
   9.500   1.5300   0.03243   0.02485  -0.1233   0.4544   1.0000
  10.000   1.5674   0.03344   0.02586  -0.1216   0.4482   1.0000
