  
       XFOIL         Version 6.99
  
 Calculated polar for: NACA 6626                                       
  
 1 1 Reynolds number fixed          Mach number fixed         
  
 xtrf =   1.000 (top)        1.000 (bottom)  
 Mach =   0.050     Re =     0.200 e 6     Ncrit =   9.000
  
   alpha    CL        CD       CDp       CM     Top_Xtr  Bot_Xtr
  ------ -------- --------- --------- -------- -------- --------
  -2.000   0.2129   0.02812   0.02054  -0.1354   0.7291   0.3250
  -1.500   0.2993   0.02633   0.01878  -0.1398   0.7278   0.3453
  -1.000   0.3917   0.02449   0.01696  -0.1454   0.7264   0.3673
   0.500   0.5608   0.02329   0.01585  -0.1455   0.6930   0.4270
   1.000   0.6619   0.02155   0.01409  -0.1527   0.6885   0.4533
   1.500   0.7006   0.02183   0.01444  -0.1499   0.6726   0.4729
   2.000   0.7542   0.02178   0.01439  -0.1496   0.6589   0.4954
   2.500   0.8423   0.02081   0.01334  -0.1548   0.6490   0.5221
   3.000   0.8782   0.02140   0.01391  -0.1516   0.6324   0.5441
   3.500   0.9220   0.02185   0.01440  -0.1497   0.6168   0.5667
   4.000   0.9777   0.02204   0.01458  -0.1498   0.6029   0.5904
   4.500   1.0476   0.02193   0.01435  -0.1523   0.5898   0.6161
   5.000   1.0729   0.02295   0.01545  -0.1476   0.5740   0.6378
   5.500   1.1140   0.02366   0.01619  -0.1456   0.5598   0.6620
   6.000   1.1773   0.02378   0.01622  -0.1470   0.5473   0.6893
   6.500   1.1966   0.02497   0.01755  -0.1417   0.5328   0.7145
   7.000   1.2320   0.02585   0.01851  -0.1389   0.5197   0.7443
   7.500   1.2869   0.02603   0.01867  -0.1390   0.5078   0.7810
   8.000   1.2947   0.02750   0.02046  -0.1320   0.4943   0.8330
   8.500   1.3303   0.02785   0.02089  -0.1292   0.4827   1.0000
   9.000   1.3625   0.02921   0.02215  -0.1269   0.4700   1.0000
   9.500   1.3881   0.03093   0.02385  -0.1237   0.4576   1.0000
  10.000   1.4461   0.03135   0.02402  -0.1247   0.4464   1.0000
