  
       XFOIL         Version 6.99
  
 Calculated polar for: NACA 5310                                       
  
 1 1 Reynolds number fixed          Mach number fixed         
  
 xtrf =   1.000 (top)        1.000 (bottom)  
 Mach =   0.050     Re =     0.200 e 6     Ncrit =   9.000
  
   alpha    CL        CD       CDp       CM     Top_Xtr  Bot_Xtr
  ------ -------- --------- --------- -------- -------- --------
  -2.000   0.3277   0.01524   0.00784  -0.1122   0.8336   0.0732
  -1.500   0.3824   0.01392   0.00629  -0.1111   0.8041   0.0871
  -1.000   0.4360   0.01309   0.00527  -0.1099   0.7690   0.1080
  -0.500   0.4888   0.01246   0.00451  -0.1086   0.7291   0.1403
   0.000   0.5403   0.01200   0.00404  -0.1074   0.6834   0.1963
   0.500   0.5911   0.01000   0.00378  -0.1059   0.6353   1.0000
   1.000   0.6416   0.01050   0.00372  -0.1046   0.5886   1.0000
   1.500   0.6927   0.01105   0.00384  -0.1036   0.5517   1.0000
   2.000   0.7447   0.01162   0.00408  -0.1028   0.5244   1.0000
   2.500   0.7974   0.01219   0.00439  -0.1023   0.5039   1.0000
   3.000   0.8507   0.01277   0.00477  -0.1019   0.4881   1.0000
   3.500   0.9042   0.01334   0.00524  -0.1016   0.4745   1.0000
   4.000   0.9579   0.01396   0.00578  -0.1014   0.4635   1.0000
   4.500   1.0119   0.01463   0.00637  -0.1013   0.4536   1.0000
   5.000   1.0652   0.01524   0.00705  -0.1011   0.4441   1.0000
   5.500   1.1185   0.01597   0.00781  -0.1009   0.4356   1.0000
   6.000   1.1718   0.01668   0.00858  -0.1008   0.4270   1.0000
   6.500   1.2238   0.01747   0.00953  -0.1004   0.4187   1.0000
   7.000   1.2772   0.01830   0.01042  -0.1003   0.4105   1.0000
   7.500   1.3267   0.01912   0.01154  -0.0996   0.4014   1.0000
   8.000   1.3750   0.01974   0.01230  -0.0986   0.3880   1.0000
   8.500   1.4174   0.01978   0.01232  -0.0963   0.3643   1.0000
   9.000   1.4578   0.02014   0.01292  -0.0938   0.3456   1.0000
   9.500   1.4948   0.02045   0.01354  -0.0907   0.3243   1.0000
  10.000   1.5264   0.02079   0.01415  -0.0868   0.2938   1.0000
