  
       XFOIL         Version 6.99
  
 Calculated polar for: NACA 5606                                       
  
 1 1 Reynolds number fixed          Mach number fixed         
  
 xtrf =   1.000 (top)        1.000 (bottom)  
 Mach =   0.050     Re =     0.200 e 6     Ncrit =   9.000
  
   alpha    CL        CD       CDp       CM     Top_Xtr  Bot_Xtr
  ------ -------- --------- --------- -------- -------- --------
  -2.000   0.2806   0.01880   0.01143  -0.1504   0.9707   0.1060
  -1.500   0.3469   0.01812   0.01148  -0.1539   0.9669   0.3264
  -1.000   0.4082   0.01809   0.01196  -0.1559   0.9621   0.5251
  -0.500   0.4809   0.01812   0.01231  -0.1596   0.9578   0.6862
   0.000   0.5279   0.01773   0.01235  -0.1576   0.9476   1.0000
   0.500   0.5921   0.01819   0.01265  -0.1599   0.9401   1.0000
   1.000   0.6587   0.01851   0.01290  -0.1625   0.9325   1.0000
   1.500   0.7158   0.01890   0.01332  -0.1631   0.9221   1.0000
   2.000   0.7794   0.01913   0.01362  -0.1648   0.9127   1.0000
   2.500   0.8546   0.01891   0.01360  -0.1684   0.9049   1.0000
   3.000   0.9268   0.01818   0.01313  -0.1706   0.8919   1.0000
   3.500   1.0359   0.01134   0.00656  -0.1720   0.8252   1.0000
   4.000   1.0469   0.01351   0.00619  -0.1598   0.3380   1.0000
   4.500   1.0538   0.01838   0.00933  -0.1511   0.0471   1.0000
   5.000   1.0867   0.02104   0.01212  -0.1464   0.0348   1.0000
   5.500   1.1289   0.02422   0.01535  -0.1433   0.0291   1.0000
   6.000   1.1938   0.03077   0.02225  -0.1438   0.0264   1.0000
   6.500   1.2449   0.03689   0.02914  -0.1413   0.0260   1.0000
