  
       XFOIL         Version 6.99
  
 Calculated polar for: NACA 8740                                       
  
 1 1 Reynolds number fixed          Mach number fixed         
  
 xtrf =   1.000 (top)        1.000 (bottom)  
 Mach =   0.050     Re =     0.200 e 6     Ncrit =   9.000
  
   alpha    CL        CD       CDp       CM     Top_Xtr  Bot_Xtr
  ------ -------- --------- --------- -------- -------- --------
  -1.500   0.1672   0.03718   0.02917  -0.1433   0.6279   0.3323
  -1.000   0.2771   0.03530   0.02724  -0.1526   0.6240   0.3424
  -0.500   0.2566   0.03848   0.03048  -0.1435   0.6075   0.3481
   0.000   0.3574   0.03664   0.02856  -0.1516   0.6031   0.3584
   0.500   0.3433   0.03994   0.03202  -0.1433   0.5882   0.3643
   1.000   0.4294   0.03893   0.03076  -0.1496   0.5825   0.3751
   1.500   0.5337   0.03720   0.02903  -0.1578   0.5779   0.3870
   2.000   0.4893   0.04187   0.03392  -0.1456   0.5624   0.3923
   2.500   0.5845   0.04033   0.03222  -0.1529   0.5578   0.4047
   3.000   0.5559   0.04496   0.03709  -0.1433   0.5439   0.4104
   3.500   0.6253   0.04468   0.03670  -0.1468   0.5378   0.4225
   4.000   0.7256   0.04282   0.03475  -0.1544   0.5338   0.4359
   4.500   0.6536   0.05023   0.04248  -0.1400   0.5177   0.4399
   5.000   0.7465   0.04860   0.04065  -0.1463   0.5140   0.4542
   5.500   0.8524   0.04631   0.03830  -0.1542   0.5105   0.4694
   6.000   0.7490   0.05623   0.04861  -0.1371   0.4934   0.4721
   6.500   0.8529   0.05368   0.04583  -0.1444   0.4909   0.4880
   7.500   0.8344   0.06344   0.05596  -0.1338   0.4701   0.5063
   8.000   0.9436   0.06011   0.05244  -0.1412   0.4684   0.5240
