  
       XFOIL         Version 6.99
  
 Calculated polar for: NACA 8834                                       
  
 1 1 Reynolds number fixed          Mach number fixed         
  
 xtrf =   1.000 (top)        1.000 (bottom)  
 Mach =   0.050     Re =     0.200 e 6     Ncrit =   9.000
  
   alpha    CL        CD       CDp       CM     Top_Xtr  Bot_Xtr
  ------ -------- --------- --------- -------- -------- --------
  -2.000   0.3234   0.02973   0.02225  -0.1930   0.7128   0.3377
  -1.500   0.3618   0.03060   0.02316  -0.1914   0.6953   0.3474
  -1.000   0.4747   0.02908   0.02149  -0.2025   0.6880   0.3612
  -0.500   0.5020   0.03027   0.02277  -0.1987   0.6707   0.3707
   0.000   0.6110   0.02910   0.02141  -0.2092   0.6621   0.3854
   0.500   0.6291   0.03055   0.02300  -0.2037   0.6457   0.3947
   1.000   0.7327   0.02970   0.02191  -0.2134   0.6363   0.4101
   1.500   0.7465   0.03128   0.02371  -0.2070   0.6212   0.4196
   2.000   0.8407   0.03087   0.02302  -0.2150   0.6110   0.4347
   2.500   0.8574   0.03234   0.02474  -0.2092   0.5976   0.4455
   3.000   0.9294   0.03238   0.02464  -0.2129   0.5869   0.4604
   3.500   0.9640   0.03363   0.02601  -0.2105   0.5750   0.4725
   4.000   1.0121   0.03431   0.02669  -0.2100   0.5639   0.4859
   4.500   1.0710   0.03501   0.02732  -0.2120   0.5535   0.5007
   5.000   1.0947   0.03648   0.02895  -0.2074   0.5420   0.5123
   5.500   1.1854   0.03617   0.02835  -0.2144   0.5326   0.5295
   6.000   1.1748   0.03894   0.03147  -0.2046   0.5212   0.5397
   6.500   1.2286   0.03941   0.03188  -0.2050   0.5120   0.5547
   7.000   1.2594   0.04131   0.03385  -0.2026   0.5018   0.5683
   7.500   1.2804   0.04299   0.03566  -0.1978   0.4919   0.5796
   8.000   1.3573   0.04288   0.03532  -0.2022   0.4835   0.5971
   8.500   1.3367   0.04686   0.03964  -0.1921   0.4728   0.6061
   9.000   1.3767   0.04749   0.04026  -0.1900   0.4646   0.6185
   9.500   1.3991   0.05037   0.04319  -0.1873   0.4551   0.6327
  10.000   1.4057   0.05307   0.04605  -0.1814   0.4457   0.6419
