  
       XFOIL         Version 6.99
  
 Calculated polar for: NACA 2506                                       
  
 1 1 Reynolds number fixed          Mach number fixed         
  
 xtrf =   1.000 (top)        1.000 (bottom)  
 Mach =   0.050     Re =     0.200 e 6     Ncrit =   9.000
  
   alpha    CL        CD       CDp       CM     Top_Xtr  Bot_Xtr
  ------ -------- --------- --------- -------- -------- --------
  -2.000  -0.0525   0.00956   0.00342  -0.0482   1.0000   0.4721
  -1.500  -0.0097   0.00815   0.00337  -0.0446   1.0000   1.0000
  -1.000   0.0415   0.00840   0.00332  -0.0443   1.0000   1.0000
  -0.500   0.0920   0.00874   0.00344  -0.0442   1.0000   1.0000
   0.000   0.1644   0.00909   0.00365  -0.0485   0.9929   1.0000
   0.500   0.2492   0.00932   0.00382  -0.0551   0.9785   1.0000
   1.000   0.3327   0.00939   0.00392  -0.0611   0.9621   1.0000
   1.500   0.4171   0.00927   0.00393  -0.0668   0.9450   1.0000
   2.000   0.4880   0.00900   0.00382  -0.0690   0.9198   1.0000
   2.500   0.5451   0.00854   0.00351  -0.0671   0.8747   1.0000
   3.000   0.5921   0.00839   0.00327  -0.0629   0.7875   1.0000
   3.500   0.6352   0.00904   0.00333  -0.0586   0.6159   1.0000
   4.000   0.6588   0.01338   0.00487  -0.0535   0.0770   1.0000
   4.500   0.7034   0.01581   0.00726  -0.0512   0.0433   1.0000
   5.000   0.7486   0.01907   0.01054  -0.0489   0.0350   1.0000
   5.500   0.7995   0.02220   0.01409  -0.0471   0.0296   1.0000
   6.000   0.8495   0.02780   0.02043  -0.0445   0.0303   1.0000
   7.000   0.8816   0.03487   0.02983  -0.0306   0.0602   1.0000
