  
       XFOIL         Version 6.99
  
 Calculated polar for: NACA 3138                                       
  
 1 1 Reynolds number fixed          Mach number fixed         
  
 xtrf =   1.000 (top)        1.000 (bottom)  
 Mach =   0.050     Re =     0.200 e 6     Ncrit =   9.000
  
   alpha    CL        CD       CDp       CM     Top_Xtr  Bot_Xtr
  ------ -------- --------- --------- -------- -------- --------
  -2.000  -0.0023   0.02404   0.01552  -0.0115   0.5231   0.4948
  -1.500   0.0325   0.02400   0.01549  -0.0080   0.5128   0.5048
  -1.000   0.0480   0.02409   0.01545  -0.0012   0.5034   0.5156
  -0.500   0.0665   0.02400   0.01551   0.0051   0.4932   0.5256
   0.000   0.1159   0.02412   0.01547   0.0057   0.4840   0.5383
   0.500   0.1147   0.02432   0.01583   0.0151   0.4745   0.5488
   1.000   0.1628   0.02438   0.01581   0.0160   0.4656   0.5618
   1.500   0.1775   0.02487   0.01638   0.0220   0.4566   0.5741
   2.000   0.2107   0.02516   0.01670   0.0251   0.4475   0.5873
   2.500   0.2523   0.02550   0.01700   0.0265   0.4392   0.6017
   3.000   0.2663   0.02622   0.01786   0.0321   0.4301   0.6156
   3.500   0.3328   0.02621   0.01769   0.0297   0.4221   0.6318
   4.000   0.3266   0.02749   0.01923   0.0378   0.4134   0.6467
   4.500   0.3699   0.02779   0.01952   0.0386   0.4055   0.6633
   5.000   0.3932   0.02886   0.02064   0.0419   0.3974   0.6811
   5.500   0.4154   0.02984   0.02179   0.0451   0.3890   0.6985
   6.000   0.4692   0.03015   0.02201   0.0443   0.3816   0.7187
   6.500   0.4589   0.03229   0.02441   0.0508   0.3725   0.7382
   7.000   0.5230   0.03210   0.02410   0.0491   0.3643   0.7598
   7.500   0.4988   0.03513   0.02746   0.0562   0.3549   0.7814
   8.000   0.5593   0.03499   0.02716   0.0549   0.3477   0.8061
   8.500   0.5312   0.03903   0.03159   0.0614   0.3389   0.8303
   9.000   0.5764   0.03964   0.03217   0.0617   0.3323   0.8552
   9.500   0.5600   0.04393   0.03674   0.0665   0.3238   0.8806
  10.000   0.5979   0.04531   0.03808   0.0669   0.3169   0.9049
