  
       XFOIL         Version 6.99
  
 Calculated polar for: NACA 8608                                       
  
 1 1 Reynolds number fixed          Mach number fixed         
  
 xtrf =   1.000 (top)        1.000 (bottom)  
 Mach =   0.050     Re =     0.200 e 6     Ncrit =   9.000
  
   alpha    CL        CD       CDp       CM     Top_Xtr  Bot_Xtr
  ------ -------- --------- --------- -------- -------- --------
  -1.500   0.5569   0.03488   0.02769  -0.2239   0.8852   0.1028
  -1.000   0.6337   0.03467   0.02760  -0.2287   0.8818   0.1726
  -0.500   0.7154   0.03462   0.02776  -0.2342   0.8796   0.2788
   0.000   0.7469   0.03550   0.02884  -0.2308   0.8688   0.3536
   0.500   0.8249   0.03546   0.02903  -0.2351   0.8662   0.4642
   1.000   0.8597   0.03633   0.03011  -0.2318   0.8548   0.5431
   2.000   0.9743   0.03670   0.03084  -0.2327   0.8403   0.7066
   2.500   1.0120   0.03667   0.03120  -0.2293   0.8288   1.0000
   3.000   1.0826   0.03642   0.03093  -0.2319   0.8238   1.0000
   4.500   1.2380   0.03650   0.03129  -0.2294   0.7905   1.0000
   5.000   1.3138   0.03494   0.02997  -0.2319   0.7856   1.0000
   5.500   1.4783   0.02151   0.01681  -0.2420   0.7693   1.0000
   6.000   1.4939   0.02124   0.01669  -0.2327   0.7195   1.0000
   6.500   1.5078   0.02140   0.01500  -0.2213   0.4364   1.0000
   7.000   1.4552   0.02795   0.02002  -0.2040   0.2005   1.0000
   7.500   1.4333   0.03371   0.02476  -0.1925   0.0629   1.0000
   8.000   1.4409   0.03741   0.02855  -0.1854   0.0466   1.0000
   8.500   1.4503   0.04113   0.03236  -0.1788   0.0391   1.0000
   9.000   1.4671   0.04454   0.03597  -0.1730   0.0340   1.0000
   9.500   1.4944   0.04752   0.03901  -0.1686   0.0297   1.0000
  10.000   1.5657   0.05074   0.04251  -0.1683   0.0263   1.0000
