  
       XFOIL         Version 6.99
  
 Calculated polar for: NACA 7204                                       
  
 1 1 Reynolds number fixed          Mach number fixed         
  
 xtrf =   1.000 (top)        1.000 (bottom)  
 Mach =   0.050     Re =     0.200 e 6     Ncrit =   9.000
  
   alpha    CL        CD       CDp       CM     Top_Xtr  Bot_Xtr
  ------ -------- --------- --------- -------- -------- --------
  -2.000   0.3609   0.01775   0.01276  -0.0976   0.5131   0.0169
  -1.500   0.4152   0.01627   0.01021  -0.1003   0.3807   0.0193
  -1.000   0.4805   0.01578   0.00908  -0.1025   0.3536   0.0224
  -0.500   0.5434   0.01525   0.00797  -0.1036   0.3392   0.0230
   0.000   0.6006   0.01110   0.00348  -0.1081   0.3299   0.0275
   0.500   0.6616   0.01088   0.00275  -0.1083   0.3232   0.0345
   1.000   0.7213   0.00924   0.00071  -0.1100   0.3176   0.0385
   1.500   0.7794   0.00893  -0.00014  -0.1100   0.3130   0.0486
   2.000   0.8370   0.00787  -0.00140  -0.1105   0.3092   0.0662
   2.500   0.8920   0.00701  -0.00251  -0.1110   0.3052   0.1534
   3.000   0.9472   0.00666  -0.00323  -0.1093   0.3014   0.0665
   3.500   0.9994   0.00650  -0.00350  -0.1091   0.2985   0.1003
   4.000   1.0511   0.00663  -0.00340  -0.1089   0.2958   0.1639
   4.500   1.1006   0.00671  -0.00235  -0.1082   0.2932   1.0000
   5.000   1.1509   0.00736  -0.00166  -0.1079   0.2908   1.0000
   5.500   1.2009   0.00810  -0.00090  -0.1075   0.2882   1.0000
   6.000   1.2491   0.00886   0.00006  -0.1069   0.2815   1.0000
   6.500   1.2681   0.00856  -0.00156  -0.1022   0.0171   1.0000
   7.000   1.3094   0.01020   0.00104  -0.0996   0.0137   1.0000
   7.500   1.3392   0.01302   0.00474  -0.0955   0.0144   1.0000
   8.000   1.3454   0.01690   0.00913  -0.0890   0.0151   1.0000
   8.500   1.3247   0.02154   0.01405  -0.0797   0.0158   1.0000
   9.000   1.3190   0.02562   0.01838  -0.0735   0.0174   1.0000
   9.500   1.3198   0.03060   0.02365  -0.0681   0.0221   1.0000
  10.000   1.3137   0.03756   0.03076  -0.0635   0.0204   1.0000
