  
       XFOIL         Version 6.99
  
 Calculated polar for: NACA 9408                                       
  
 1 1 Reynolds number fixed          Mach number fixed         
  
 xtrf =   1.000 (top)        1.000 (bottom)  
 Mach =   0.050     Re =     0.200 e 6     Ncrit =   9.000
  
   alpha    CL        CD       CDp       CM     Top_Xtr  Bot_Xtr
  ------ -------- --------- --------- -------- -------- --------
  -1.500   0.7808   0.02509   0.01964  -0.2141   0.7677   0.0973
  -1.000   0.8527   0.02173   0.01577  -0.2185   0.7498   0.1157
  -0.500   0.9424   0.01528   0.00755  -0.2246   0.7335   0.0770
   0.000   0.9975   0.01451   0.00655  -0.2245   0.7125   0.1013
   0.500   1.0526   0.01418   0.00607  -0.2244   0.6925   0.1412
   1.000   1.1066   0.01415   0.00599  -0.2242   0.6736   0.1984
   1.500   1.1592   0.01419   0.00611  -0.2240   0.6551   0.2767
   2.000   1.2077   0.01339   0.00626  -0.2228   0.6391   1.0000
   2.500   1.2604   0.01391   0.00650  -0.2225   0.6247   1.0000
   3.000   1.3126   0.01447   0.00689  -0.2221   0.6117   1.0000
   3.500   1.3654   0.01506   0.00735  -0.2220   0.6007   1.0000
   4.000   1.4181   0.01566   0.00789  -0.2218   0.5903   1.0000
   4.500   1.4682   0.01632   0.00862  -0.2213   0.5804   1.0000
   5.000   1.5202   0.01702   0.00937  -0.2211   0.5718   1.0000
   5.500   1.5712   0.01772   0.01018  -0.2208   0.5635   1.0000
   6.000   1.6207   0.01853   0.01118  -0.2202   0.5554   1.0000
   6.500   1.6724   0.01931   0.01211  -0.2201   0.5480   1.0000
   7.500   1.7474   0.02002   0.01311  -0.2133   0.5064   1.0000
   8.000   1.7710   0.02045   0.01369  -0.2072   0.4785   1.0000
   8.500   1.7733   0.02121   0.01458  -0.1971   0.4406   1.0000
   9.000   1.7377   0.02401   0.01707  -0.1819   0.3382   1.0000
   9.500   1.6764   0.03134   0.02340  -0.1671   0.1873   1.0000
  10.000   1.6188   0.04043   0.03182  -0.1562   0.0726   1.0000
