  
       XFOIL         Version 6.99
  
 Calculated polar for: NACA 6534                                       
  
 1 1 Reynolds number fixed          Mach number fixed         
  
 xtrf =   1.000 (top)        1.000 (bottom)  
 Mach =   0.050     Re =     0.200 e 6     Ncrit =   9.000
  
   alpha    CL        CD       CDp       CM     Top_Xtr  Bot_Xtr
  ------ -------- --------- --------- -------- -------- --------
  -2.000   0.1854   0.02643   0.01783  -0.1050   0.6238   0.3228
  -1.500   0.2767   0.02543   0.01684  -0.1113   0.6185   0.3369
  -1.000   0.2653   0.02697   0.01837  -0.1011   0.6067   0.3446
  -0.500   0.3367   0.02629   0.01776  -0.1041   0.6001   0.3588
   0.000   0.4034   0.02609   0.01746  -0.1065   0.5935   0.3733
   0.500   0.3988   0.02751   0.01905  -0.0978   0.5820   0.3830
   1.000   0.4929   0.02650   0.01790  -0.1043   0.5771   0.4012
   1.500   0.4655   0.02896   0.02058  -0.0928   0.5648   0.4102
   2.000   0.5440   0.02823   0.01975  -0.0967   0.5591   0.4289
   2.500   0.5669   0.02951   0.02114  -0.0929   0.5504   0.4437
   3.000   0.5929   0.03054   0.02221  -0.0896   0.5412   0.4596
   3.500   0.6918   0.02931   0.02086  -0.0964   0.5369   0.4835
   4.000   0.6374   0.03354   0.02541  -0.0829   0.5235   0.4939
   5.000   0.6737   0.03752   0.02962  -0.0760   0.5055   0.5327
   5.500   0.7576   0.03612   0.02818  -0.0801   0.5013   0.5632
   6.000   0.8634   0.03409   0.02609  -0.0869   0.4981   0.6005
   6.500   0.7768   0.04138   0.03379  -0.0721   0.4829   0.6148
   7.000   0.8799   0.03878   0.03117  -0.0779   0.4804   0.6634
   8.000   0.8857   0.04469   0.03771  -0.0685   0.4624   0.7661
   9.000   0.7013   0.06738   0.06142  -0.0468   0.4256   1.0000
   9.500   0.7927   0.06427   0.05802  -0.0506   0.4254   1.0000
  10.000   0.8929   0.06051   0.05399  -0.0550   0.4252   1.0000
