  
       XFOIL         Version 6.99
  
 Calculated polar for: NACA 7216                                       
  
 1 1 Reynolds number fixed          Mach number fixed         
  
 xtrf =   1.000 (top)        1.000 (bottom)  
 Mach =   0.050     Re =     0.200 e 6     Ncrit =   9.000
  
   alpha    CL        CD       CDp       CM     Top_Xtr  Bot_Xtr
  ------ -------- --------- --------- -------- -------- --------
  -2.000   0.4613   0.03132   0.02422  -0.1112   0.4759   0.0757
  -0.500   0.5803   0.02806   0.01901  -0.1025   0.3494   0.1064
   0.000   0.6252   0.02599   0.01659  -0.1012   0.3370   0.1202
   0.500   0.6737   0.02436   0.01475  -0.1004   0.3280   0.1489
   1.000   0.7296   0.02385   0.01369  -0.0989   0.3213   0.1234
   1.500   0.7868   0.02245   0.01191  -0.0972   0.3165   0.0870
   2.000   0.8395   0.02226   0.01152  -0.0964   0.3119   0.0940
   2.500   0.8920   0.02213   0.01134  -0.0960   0.3080   0.1051
   3.000   0.9485   0.02238   0.01151  -0.0966   0.3042   0.1208
   3.500   1.0000   0.02261   0.01180  -0.0962   0.3013   0.1433
   4.000   1.0518   0.02285   0.01211  -0.0960   0.2984   0.1996
   4.500   1.1024   0.02214   0.01292  -0.0952   0.2958   1.0000
   5.000   1.1542   0.02307   0.01370  -0.0950   0.2934   1.0000
   5.500   1.2066   0.02408   0.01458  -0.0951   0.2912   1.0000
   6.000   1.2604   0.02526   0.01564  -0.0956   0.2891   1.0000
   6.500   1.3169   0.02701   0.01729  -0.0968   0.2869   1.0000
   7.000   1.3607   0.02813   0.01851  -0.0956   0.2852   1.0000
   7.500   1.4038   0.02942   0.01992  -0.0944   0.2836   1.0000
   8.000   1.4458   0.03089   0.02152  -0.0932   0.2820   1.0000
   8.500   1.4859   0.03251   0.02328  -0.0918   0.2804   1.0000
   9.000   1.5237   0.03427   0.02519  -0.0902   0.2789   1.0000
   9.500   1.5583   0.03617   0.02726  -0.0882   0.2774   1.0000
  10.000   1.5899   0.03806   0.02929  -0.0859   0.2756   1.0000
