  
       XFOIL         Version 6.99
  
 Calculated polar for: NACA 9136                                       
  
 1 1 Reynolds number fixed          Mach number fixed         
  
 xtrf =   1.000 (top)        1.000 (bottom)  
 Mach =   0.050     Re =     0.200 e 6     Ncrit =   9.000
  
   alpha    CL        CD       CDp       CM     Top_Xtr  Bot_Xtr
  ------ -------- --------- --------- -------- -------- --------
  -2.000   0.3730   0.03847   0.02922  -0.0367   0.4648   0.0554
  -1.500   0.3985   0.03906   0.02950  -0.0322   0.4551   0.0581
  -1.000   0.4249   0.03771   0.02817  -0.0288   0.4450   0.0596
  -0.500   0.4520   0.03855   0.02871  -0.0249   0.4352   0.0631
   0.000   0.4769   0.03714   0.02744  -0.0219   0.4250   0.0655
   0.500   0.5028   0.03723   0.02743  -0.0187   0.4149   0.0695
   1.000   0.5241   0.03731   0.02746  -0.0152   0.4043   0.0746
   1.500   0.5414   0.03773   0.02792  -0.0117   0.3939   0.0817
   2.000   0.5705   0.03731   0.02753  -0.0098   0.3847   0.0975
   2.500   0.5846   0.03796   0.02838  -0.0064   0.3754   0.1085
   3.000   0.6079   0.03836   0.02884  -0.0041   0.3664   0.1193
   3.500   0.6173   0.03983   0.03052  -0.0009   0.3570   0.1263
   4.000   0.6440   0.04084   0.03140   0.0005   0.3478   0.1314
   5.000   0.6745   0.04574   0.03615   0.0041   0.3278   0.1344
   5.500   0.6752   0.04972   0.04017   0.0062   0.3166   0.1322
   6.000   0.6811   0.05368   0.04414   0.0077   0.3052   0.1239
   6.500   0.6915   0.05743   0.04783   0.0086   0.2937   0.1153
   7.000   0.6968   0.06173   0.05204   0.0095   0.2808   0.1102
   7.500   0.6892   0.06747   0.05777   0.0105   0.2659   0.1082
   8.000   0.6706   0.07463   0.06498   0.0116   0.2478   0.1054
   8.500   0.6528   0.08188   0.07213   0.0124   0.2278   0.1025
   9.000   0.6423   0.08850   0.07858   0.0127   0.2105   0.0995
   9.500   0.6447   0.09382   0.08374   0.0125   0.1983   0.0968
  10.000   0.6561   0.09833   0.08813   0.0119   0.1903   0.0947
