  
       XFOIL         Version 6.99
  
 Calculated polar for: NACA 6640                                       
  
 1 1 Reynolds number fixed          Mach number fixed         
  
 xtrf =   1.000 (top)        1.000 (bottom)  
 Mach =   0.050     Re =     0.200 e 6     Ncrit =   9.000
  
   alpha    CL        CD       CDp       CM     Top_Xtr  Bot_Xtr
  ------ -------- --------- --------- -------- -------- --------
  -2.000  -0.0638   0.03420   0.02593  -0.0778   0.6085   0.3415
  -1.500   0.0380   0.03229   0.02383  -0.0853   0.6052   0.3524
   0.000   0.2288   0.03107   0.02244  -0.0921   0.5819   0.3807
   1.000   0.2891   0.03277   0.02417  -0.0872   0.5625   0.3983
   1.500   0.2458   0.03657   0.02812  -0.0755   0.5475   0.4038
   2.000   0.3395   0.03510   0.02664  -0.0815   0.5433   0.4162
   3.000   0.3799   0.03838   0.03001  -0.0753   0.5240   0.4351
   3.500   0.4849   0.03661   0.02808  -0.0828   0.5206   0.4501
   4.000   0.4068   0.04324   0.03489  -0.0684   0.5045   0.4539
   4.500   0.5074   0.04098   0.03266  -0.0748   0.5018   0.4697
   5.500   0.3222   0.06125   0.05339  -0.0492   0.4632   0.4771
   6.000   0.4143   0.05832   0.05045  -0.0536   0.4627   0.4932
   6.500   0.5164   0.05508   0.04709  -0.0590   0.4622   0.5109
   7.000   0.6228   0.05180   0.04379  -0.0651   0.4612   0.5292
