  
       XFOIL         Version 6.99
  
 Calculated polar for: NACA 4530                                       
  
 1 1 Reynolds number fixed          Mach number fixed         
  
 xtrf =   1.000 (top)        1.000 (bottom)  
 Mach =   0.050     Re =     0.200 e 6     Ncrit =   9.000
  
   alpha    CL        CD       CDp       CM     Top_Xtr  Bot_Xtr
  ------ -------- --------- --------- -------- -------- --------
  -2.000   0.1998   0.02032   0.01199  -0.0990   0.6568   0.3853
  -1.500   0.2325   0.02043   0.01213  -0.0948   0.6443   0.3997
  -1.000   0.2950   0.02014   0.01181  -0.0961   0.6341   0.4166
  -0.500   0.3242   0.02027   0.01196  -0.0914   0.6218   0.4320
   0.000   0.3886   0.02011   0.01175  -0.0930   0.6118   0.4512
   0.500   0.4134   0.02025   0.01204  -0.0874   0.5996   0.4674
   1.000   0.4798   0.02015   0.01183  -0.0895   0.5898   0.4888
   1.500   0.4955   0.02041   0.01224  -0.0823   0.5780   0.5067
   2.000   0.5638   0.02034   0.01212  -0.0847   0.5683   0.5304
   2.500   0.5787   0.02074   0.01267  -0.0775   0.5568   0.5506
   3.000   0.6436   0.02071   0.01257  -0.0793   0.5473   0.5775
   3.500   0.6632   0.02138   0.01341  -0.0734   0.5360   0.6022
   4.000   0.7246   0.02137   0.01340  -0.0745   0.5267   0.6334
   4.500   0.7444   0.02213   0.01440  -0.0689   0.5158   0.6637
   5.000   0.8012   0.02221   0.01448  -0.0692   0.5066   0.7018
   5.500   0.8202   0.02307   0.01563  -0.0636   0.4961   0.7418
   6.000   0.8682   0.02324   0.01591  -0.0622   0.4870   0.7936
   6.500   0.8836   0.02425   0.01722  -0.0556   0.4771   0.8564
   7.000   0.9317   0.02480   0.01782  -0.0542   0.4679   0.9312
   7.500   0.9973   0.02640   0.01946  -0.0583   0.4571   0.9842
   8.000   1.0749   0.02701   0.01988  -0.0641   0.4475   1.0000
   8.500   1.0629   0.02830   0.02117  -0.0550   0.4383   1.0000
   9.000   1.0961   0.02901   0.02175  -0.0526   0.4296   1.0000
   9.500   1.1110   0.03069   0.02343  -0.0483   0.4204   1.0000
  10.000   1.1412   0.03184   0.02451  -0.0461   0.4115   1.0000
  -2.000   0.1998   0.02032   0.01199  -0.0990   0.6568   0.3853
  -1.500   0.2325   0.02043   0.01213  -0.0948   0.6443   0.3997
  -1.000   0.2950   0.02014   0.01181  -0.0961   0.6341   0.4166
  -0.500   0.3242   0.02027   0.01196  -0.0914   0.6218   0.4320
   0.000   0.3886   0.02011   0.01175  -0.0930   0.6118   0.4512
   0.500   0.4134   0.02025   0.01204  -0.0874   0.5996   0.4674
   1.000   0.4798   0.02015   0.01183  -0.0895   0.5898   0.4888
   1.500   0.4955   0.02041   0.01224  -0.0823   0.5780   0.5067
   2.000   0.5638   0.02034   0.01212  -0.0847   0.5683   0.5304
   2.500   0.5787   0.02074   0.01267  -0.0775   0.5568   0.5506
   3.000   0.6436   0.02071   0.01257  -0.0793   0.5473   0.5775
   3.500   0.6632   0.02138   0.01341  -0.0734   0.5360   0.6022
   4.000   0.7246   0.02137   0.01340  -0.0745   0.5267   0.6334
   4.500   0.7444   0.02213   0.01440  -0.0689   0.5158   0.6637
   5.000   0.8012   0.02221   0.01448  -0.0692   0.5066   0.7018
   5.500   0.8202   0.02307   0.01563  -0.0636   0.4961   0.7418
   6.000   0.8682   0.02324   0.01591  -0.0622   0.4870   0.7936
   6.500   0.8836   0.02425   0.01722  -0.0556   0.4771   0.8564
   7.000   0.9317   0.02480   0.01782  -0.0542   0.4679   0.9312
   7.500   0.9973   0.02640   0.01946  -0.0583   0.4571   0.9842
   8.000   1.0749   0.02701   0.01988  -0.0641   0.4475   1.0000
   8.500   1.0629   0.02830   0.02117  -0.0550   0.4383   1.0000
   9.000   1.0961   0.02901   0.02175  -0.0526   0.4296   1.0000
   9.500   1.1110   0.03069   0.02343  -0.0483   0.4204   1.0000
  10.000   1.1412   0.03184   0.02451  -0.0461   0.4115   1.0000
  -2.000   0.1998   0.02032   0.01199  -0.0990   0.6568   0.3853
  -1.500   0.2325   0.02043   0.01213  -0.0948   0.6443   0.3997
  -1.000   0.2950   0.02014   0.01181  -0.0961   0.6341   0.4166
  -0.500   0.3242   0.02027   0.01196  -0.0914   0.6218   0.4320
   0.000   0.3886   0.02011   0.01175  -0.0930   0.6118   0.4512
   0.500   0.4134   0.02025   0.01204  -0.0874   0.5996   0.4674
   1.000   0.4798   0.02015   0.01183  -0.0895   0.5898   0.4888
   1.500   0.4955   0.02041   0.01224  -0.0823   0.5780   0.5067
   2.000   0.5638   0.02034   0.01212  -0.0847   0.5683   0.5304
   2.500   0.5787   0.02074   0.01267  -0.0775   0.5568   0.5506
   3.000   0.6436   0.02071   0.01257  -0.0793   0.5473   0.5775
   3.500   0.6632   0.02138   0.01341  -0.0734   0.5360   0.6022
   4.000   0.7246   0.02137   0.01340  -0.0745   0.5267   0.6334
   4.500   0.7444   0.02213   0.01440  -0.0689   0.5158   0.6637
   5.000   0.8012   0.02221   0.01448  -0.0692   0.5066   0.7018
   5.500   0.8202   0.02307   0.01563  -0.0636   0.4961   0.7418
   6.000   0.8682   0.02324   0.01591  -0.0622   0.4870   0.7936
   6.500   0.8836   0.02425   0.01722  -0.0556   0.4771   0.8564
   7.000   0.9317   0.02480   0.01782  -0.0542   0.4679   0.9312
   7.500   0.9973   0.02640   0.01946  -0.0583   0.4571   0.9842
   8.000   1.0749   0.02701   0.01988  -0.0641   0.4475   1.0000
   8.500   1.0629   0.02830   0.02117  -0.0550   0.4383   1.0000
   9.000   1.0961   0.02901   0.02175  -0.0526   0.4296   1.0000
   9.500   1.1110   0.03069   0.02343  -0.0483   0.4204   1.0000
  10.000   1.1412   0.03184   0.02451  -0.0461   0.4115   1.0000
