  
       XFOIL         Version 6.99
  
 Calculated polar for: NACA 3518                                       
  
 1 1 Reynolds number fixed          Mach number fixed         
  
 xtrf =   1.000 (top)        1.000 (bottom)  
 Mach =   0.050     Re =     0.200 e 6     Ncrit =   9.000
  
   alpha    CL        CD       CDp       CM     Top_Xtr  Bot_Xtr
  ------ -------- --------- --------- -------- -------- --------
  -2.000   0.1465   0.01443   0.00735  -0.0917   0.8103   0.4428
  -1.500   0.2013   0.01409   0.00712  -0.0909   0.7941   0.4823
  -1.000   0.2572   0.01376   0.00689  -0.0904   0.7779   0.5250
  -0.500   0.3132   0.01347   0.00670  -0.0898   0.7614   0.5714
   0.000   0.3688   0.01322   0.00655  -0.0890   0.7443   0.6223
   0.500   0.4229   0.01299   0.00647  -0.0880   0.7265   0.6777
   1.000   0.4752   0.01283   0.00647  -0.0864   0.7079   0.7412
   1.500   0.5250   0.01274   0.00656  -0.0841   0.6888   0.8127
   2.500   0.6472   0.01309   0.00696  -0.0838   0.6478   0.9479
   3.000   0.7415   0.01341   0.00717  -0.0914   0.6242   0.9807
   3.500   0.8371   0.01364   0.00728  -0.0998   0.5994   1.0000
   4.000   0.8694   0.01384   0.00734  -0.0956   0.5782   1.0000
   4.500   0.9051   0.01414   0.00751  -0.0918   0.5569   1.0000
   5.000   0.9426   0.01451   0.00774  -0.0882   0.5353   1.0000
   5.500   0.9815   0.01494   0.00802  -0.0848   0.5136   1.0000
   6.000   1.0195   0.01541   0.00841  -0.0813   0.4911   1.0000
   6.500   1.0564   0.01592   0.00888  -0.0777   0.4680   1.0000
   7.000   1.0927   0.01648   0.00938  -0.0740   0.4448   1.0000
   7.500   1.1277   0.01712   0.00993  -0.0702   0.4216   1.0000
   8.000   1.1602   0.01786   0.01055  -0.0661   0.3989   1.0000
   8.500   1.1864   0.01865   0.01134  -0.0609   0.3760   1.0000
   9.000   1.2124   0.01960   0.01228  -0.0561   0.3527   1.0000
   9.500   1.2375   0.02075   0.01337  -0.0515   0.3296   1.0000
  10.000   1.2609   0.02214   0.01465  -0.0470   0.3073   1.0000
