  
       XFOIL         Version 6.99
  
 Calculated polar for: NACA 8416                                       
  
 1 1 Reynolds number fixed          Mach number fixed         
  
 xtrf =   1.000 (top)        1.000 (bottom)  
 Mach =   0.050     Re =     0.200 e 6     Ncrit =   9.000
  
   alpha    CL        CD       CDp       CM     Top_Xtr  Bot_Xtr
  ------ -------- --------- --------- -------- -------- --------
  -2.000   0.6696   0.01736   0.00887  -0.1931   0.6813   0.1256
  -1.500   0.7224   0.01704   0.00844  -0.1926   0.6648   0.1410
  -1.000   0.7749   0.01685   0.00819  -0.1920   0.6490   0.1597
  -0.500   0.8280   0.01679   0.00805  -0.1916   0.6344   0.1831
   0.000   0.8830   0.01676   0.00796  -0.1916   0.6220   0.2119
   0.500   0.9377   0.01681   0.00797  -0.1916   0.6100   0.2481
   1.000   0.9884   0.01691   0.00822  -0.1909   0.5985   0.2928
   1.500   1.0462   0.01695   0.00835  -0.1918   0.5895   0.3665
   2.000   1.0876   0.01603   0.00878  -0.1889   0.5796   1.0000
   2.500   1.1464   0.01660   0.00901  -0.1897   0.5717   1.0000
   3.000   1.1934   0.01721   0.00956  -0.1884   0.5630   1.0000
   3.500   1.2512   0.01778   0.00990  -0.1892   0.5556   1.0000
   4.000   1.2975   0.01851   0.01066  -0.1879   0.5482   1.0000
   4.500   1.3497   0.01912   0.01117  -0.1877   0.5409   1.0000
   5.000   1.4035   0.01990   0.01187  -0.1879   0.5345   1.0000
   5.500   1.4459   0.02069   0.01274  -0.1860   0.5272   1.0000
   6.000   1.5024   0.02133   0.01328  -0.1867   0.5208   1.0000
   6.500   1.5445   0.02233   0.01438  -0.1850   0.5143   1.0000
   7.000   1.5867   0.02316   0.01528  -0.1832   0.5072   1.0000
   7.500   1.6494   0.02391   0.01592  -0.1852   0.5015   1.0000
   8.000   1.6729   0.02513   0.01740  -0.1802   0.4943   1.0000
   8.500   1.7172   0.02598   0.01830  -0.1789   0.4877   1.0000
   9.000   1.7707   0.02693   0.01928  -0.1794   0.4816   1.0000
   9.500   1.7805   0.02836   0.02098  -0.1722   0.4741   1.0000
  10.000   1.8371   0.02900   0.02161  -0.1732   0.4678   1.0000
