  
       XFOIL         Version 6.99
  
 Calculated polar for: NACA 3732                                       
  
 1 1 Reynolds number fixed          Mach number fixed         
  
 xtrf =   1.000 (top)        1.000 (bottom)  
 Mach =   0.050     Re =     0.200 e 6     Ncrit =   9.000
  
   alpha    CL        CD       CDp       CM     Top_Xtr  Bot_Xtr
  ------ -------- --------- --------- -------- -------- --------
  -2.000   0.0929   0.01984   0.01177  -0.0871   0.6706   0.4269
  -1.500   0.1116   0.01987   0.01171  -0.0803   0.6524   0.4384
  -1.000   0.1589   0.01984   0.01176  -0.0789   0.6361   0.4508
  -0.500   0.2293   0.01983   0.01152  -0.0820   0.6211   0.4658
   0.000   0.2483   0.01993   0.01179  -0.0752   0.6052   0.4775
   0.500   0.2992   0.02005   0.01178  -0.0747   0.5911   0.4922
   1.000   0.3441   0.02018   0.01197  -0.0728   0.5769   0.5061
   1.500   0.3844   0.02046   0.01224  -0.0704   0.5631   0.5209
   2.000   0.4426   0.02063   0.01235  -0.0710   0.5501   0.5367
   2.500   0.4725   0.02106   0.01288  -0.0667   0.5369   0.5512
   3.000   0.5383   0.02129   0.01295  -0.0688   0.5246   0.5686
   3.500   0.5601   0.02183   0.01370  -0.0632   0.5121   0.5831
   4.000   0.6216   0.02217   0.01384  -0.0646   0.5005   0.6011
   4.500   0.6450   0.02281   0.01473  -0.0594   0.4886   0.6163
   5.000   0.7043   0.02317   0.01496  -0.0604   0.4777   0.6346
   5.500   0.7265   0.02401   0.01599  -0.0553   0.4662   0.6506
   6.000   0.7856   0.02441   0.01628  -0.0563   0.4558   0.6683
   6.500   0.8041   0.02545   0.01748  -0.0510   0.4449   0.6855
   7.000   0.8651   0.02581   0.01772  -0.0521   0.4350   0.7028
   7.500   0.8776   0.02710   0.01918  -0.0464   0.4246   0.7205
   8.000   0.9319   0.02745   0.01947  -0.0465   0.4152   0.7385
   8.500   0.9444   0.02888   0.02109  -0.0411   0.4053   0.7561
   9.000   0.9892   0.02948   0.02163  -0.0401   0.3962   0.7759
   9.500   1.0060   0.03095   0.02330  -0.0355   0.3869   0.7943
  10.000   1.0397   0.03184   0.02420  -0.0333   0.3780   0.8152
