  
       XFOIL         Version 6.99
  
 Calculated polar for: NACA 2830                                       
  
 1 1 Reynolds number fixed          Mach number fixed         
  
 xtrf =   1.000 (top)        1.000 (bottom)  
 Mach =   0.050     Re =     0.200 e 6     Ncrit =   9.000
  
   alpha    CL        CD       CDp       CM     Top_Xtr  Bot_Xtr
  ------ -------- --------- --------- -------- -------- --------
  -2.000   0.0499   0.01865   0.01069  -0.0754   0.6702   0.4602
  -1.500   0.0948   0.01852   0.01049  -0.0733   0.6513   0.4741
  -1.000   0.1343   0.01855   0.01054  -0.0702   0.6327   0.4882
  -0.500   0.1851   0.01853   0.01050  -0.0693   0.6157   0.5027
   0.000   0.2342   0.01859   0.01040  -0.0681   0.5989   0.5185
   0.500   0.2721   0.01861   0.01058  -0.0646   0.5822   0.5329
   1.000   0.3235   0.01872   0.01059  -0.0639   0.5669   0.5493
   1.500   0.3635   0.01881   0.01072  -0.0608   0.5515   0.5653
   2.000   0.4042   0.01896   0.01092  -0.0580   0.5367   0.5812
   2.500   0.4638   0.01924   0.01101  -0.0589   0.5221   0.5996
   3.000   0.4893   0.01941   0.01141  -0.0531   0.5082   0.6154
   3.500   0.5404   0.01972   0.01167  -0.0523   0.4949   0.6334
   4.000   0.5775   0.02010   0.01208  -0.0490   0.4814   0.6519
   4.500   0.6226   0.02057   0.01264  -0.0471   0.4686   0.6691
   5.000   0.6661   0.02098   0.01302  -0.0451   0.4560   0.6879
   5.500   0.7042   0.02163   0.01375  -0.0421   0.4437   0.7067
   6.000   0.7512   0.02214   0.01423  -0.0406   0.4318   0.7240
   6.500   0.7812   0.02289   0.01510  -0.0365   0.4201   0.7426
   7.000   0.8333   0.02351   0.01560  -0.0359   0.4088   0.7609
   7.500   0.8517   0.02442   0.01673  -0.0300   0.3979   0.7774
   8.000   0.9020   0.02506   0.01722  -0.0294   0.3872   0.7959
   8.500   0.9182   0.02612   0.01848  -0.0236   0.3768   0.8147
   9.000   0.9626   0.02673   0.01898  -0.0218   0.3668   0.8318
   9.500   0.9734   0.02790   0.02038  -0.0156   0.3570   0.8507
  10.000   1.0181   0.02848   0.02081  -0.0141   0.3475   0.8699
