  
       XFOIL         Version 6.99
  
 Calculated polar for: NACA 1634                                       
  
 1 1 Reynolds number fixed          Mach number fixed         
  
 xtrf =   1.000 (top)        1.000 (bottom)  
 Mach =   0.050     Re =     0.200 e 6     Ncrit =   9.000
  
   alpha    CL        CD       CDp       CM     Top_Xtr  Bot_Xtr
  ------ -------- --------- --------- -------- -------- --------
  -2.000  -0.0809   0.02123   0.01281  -0.0329   0.6044   0.4608
  -1.500  -0.0268   0.02118   0.01273  -0.0328   0.5907   0.4725
  -1.000  -0.0066   0.02112   0.01263  -0.0263   0.5766   0.4839
  -0.500   0.0465   0.02111   0.01266  -0.0260   0.5637   0.4963
   0.000   0.0692   0.02110   0.01258  -0.0201   0.5505   0.5084
   0.500   0.1214   0.02114   0.01269  -0.0196   0.5383   0.5215
   1.000   0.1446   0.02116   0.01265  -0.0138   0.5260   0.5344
   1.500   0.1971   0.02127   0.01282  -0.0134   0.5144   0.5483
   2.000   0.2167   0.02132   0.01285  -0.0069   0.5027   0.5619
   2.500   0.2724   0.02150   0.01306  -0.0072   0.4918   0.5768
   3.000   0.2832   0.02158   0.01319   0.0007   0.4809   0.5910
   3.500   0.3466   0.02182   0.01339  -0.0009   0.4703   0.6073
   4.000   0.3557   0.02213   0.01384   0.0069   0.4600   0.6223
   4.500   0.4099   0.02235   0.01402   0.0069   0.4501   0.6396
   5.000   0.4313   0.02293   0.01476   0.0121   0.4400   0.6560
   5.500   0.4741   0.02327   0.01507   0.0138   0.4305   0.6747
   6.000   0.5069   0.02391   0.01586   0.0169   0.4210   0.6925
   6.500   0.5407   0.02442   0.01638   0.0198   0.4116   0.7125
   7.000   0.5834   0.02505   0.01708   0.0212   0.4029   0.7331
   7.500   0.6050   0.02590   0.01812   0.0256   0.3936   0.7539
   8.000   0.6632   0.02627   0.01837   0.0248   0.3853   0.7770
   8.500   0.6649   0.02773   0.02012   0.0315   0.3766   0.8018
   9.000   0.7115   0.02823   0.02063   0.0325   0.3687   0.8270
   9.500   0.7222   0.02991   0.02255   0.0376   0.3604   0.8545
  10.000   0.7506   0.03104   0.02374   0.0407   0.3525   0.8833
