  
       XFOIL         Version 6.99
  
 Calculated polar for: NACA 5830                                       
  
 1 1 Reynolds number fixed          Mach number fixed         
  
 xtrf =   1.000 (top)        1.000 (bottom)  
 Mach =   0.050     Re =     0.200 e 6     Ncrit =   9.000
  
   alpha    CL        CD       CDp       CM     Top_Xtr  Bot_Xtr
  ------ -------- --------- --------- -------- -------- --------
  -2.000   0.2445   0.02081   0.01329  -0.1468   0.7345   0.3975
  -1.500   0.3068   0.02082   0.01318  -0.1486   0.7146   0.4121
  -1.000   0.3680   0.02077   0.01319  -0.1498   0.6959   0.4261
  -0.500   0.4423   0.02063   0.01289  -0.1538   0.6791   0.4423
   0.000   0.5035   0.02072   0.01297  -0.1549   0.6615   0.4573
   0.500   0.5479   0.02105   0.01332  -0.1533   0.6434   0.4719
   1.000   0.6101   0.02128   0.01349  -0.1548   0.6276   0.4881
   1.500   0.6640   0.02150   0.01368  -0.1547   0.6113   0.5034
   2.000   0.7087   0.02204   0.01422  -0.1532   0.5953   0.5195
   2.500   0.7726   0.02224   0.01437  -0.1548   0.5809   0.5358
   3.000   0.8091   0.02290   0.01503  -0.1519   0.5656   0.5521
   3.500   0.8601   0.02335   0.01554  -0.1511   0.5518   0.5681
   4.000   0.9058   0.02387   0.01603  -0.1498   0.5377   0.5853
   4.500   0.9471   0.02460   0.01684  -0.1475   0.5243   0.6012
   5.000   0.9972   0.02510   0.01729  -0.1468   0.5114   0.6184
   5.500   1.0306   0.02605   0.01834  -0.1432   0.4984   0.6345
   6.000   1.0824   0.02658   0.01879  -0.1428   0.4863   0.6508
   6.500   1.1075   0.02776   0.02012  -0.1380   0.4739   0.6668
   7.000   1.1581   0.02836   0.02061  -0.1372   0.4624   0.6817
   7.500   1.1771   0.02977   0.02219  -0.1317   0.4507   0.6971
   8.000   1.2238   0.03045   0.02278  -0.1303   0.4399   0.7106
   8.500   1.2391   0.03210   0.02460  -0.1244   0.4287   0.7250
   9.000   1.2802   0.03292   0.02533  -0.1222   0.4184   0.7376
   9.500   1.2945   0.03478   0.02736  -0.1166   0.4077   0.7512
  10.000   1.3290   0.03583   0.02835  -0.1137   0.3978   0.7633
