  
       XFOIL         Version 6.99
  
 Calculated polar for: NACA 7206                                       
  
 1 1 Reynolds number fixed          Mach number fixed         
  
 xtrf =   1.000 (top)        1.000 (bottom)  
 Mach =   0.050     Re =     0.200 e 6     Ncrit =   9.000
  
   alpha    CL        CD       CDp       CM     Top_Xtr  Bot_Xtr
  ------ -------- --------- --------- -------- -------- --------
  -2.000   0.4176   0.04020   0.03464  -0.1079   0.5456   0.0205
  -1.500   0.4553   0.03366   0.02714  -0.1098   0.3928   0.0224
  -1.000   0.5121   0.03072   0.02359  -0.1118   0.3563   0.0257
  -0.500   0.5756   0.02931   0.02163  -0.1128   0.3406   0.0310
   0.000   0.6380   0.02700   0.01878  -0.1138   0.3311   0.0334
   0.500   0.6956   0.02437   0.01577  -0.1150   0.3237   0.0417
   1.000   0.7291   0.00943   0.00069  -0.1084   0.3179   0.0592
   1.500   0.7854   0.00844  -0.00062  -0.1090   0.3131   0.0743
   2.500   0.8976   0.00735  -0.00250  -0.1080   0.3048   0.0647
   3.000   0.9506   0.00682  -0.00315  -0.1074   0.3016   0.0729
   3.500   1.0025   0.00668  -0.00328  -0.1072   0.2986   0.1027
   4.000   1.0546   0.00686  -0.00325  -0.1071   0.2958   0.1572
   4.500   1.1043   0.00695  -0.00225  -0.1064   0.2934   1.0000
   5.000   1.1543   0.00765  -0.00150  -0.1060   0.2908   1.0000
   5.500   1.2039   0.00839  -0.00068  -0.1056   0.2883   1.0000
   6.000   1.2531   0.00926   0.00030  -0.1052   0.2861   1.0000
   6.500   1.3015   0.01024   0.00155  -0.1047   0.2842   1.0000
   7.000   1.3493   0.01135   0.00288  -0.1043   0.2824   1.0000
   7.500   1.3963   0.01261   0.00441  -0.1037   0.2803   1.0000
   8.000   1.4399   0.01345   0.00554  -0.1024   0.2700   1.0000
   9.000   1.4447   0.01397   0.00498  -0.0872   0.0243   1.0000
   9.500   1.4429   0.01728   0.00893  -0.0796   0.0173   1.0000
  10.000   1.4157   0.02241   0.01472  -0.0714   0.0157   1.0000
