  
       XFOIL         Version 6.99
  
 Calculated polar for: NACA 7732                                       
  
 1 1 Reynolds number fixed          Mach number fixed         
  
 xtrf =   1.000 (top)        1.000 (bottom)  
 Mach =   0.050     Re =     0.200 e 6     Ncrit =   9.000
  
   alpha    CL        CD       CDp       CM     Top_Xtr  Bot_Xtr
  ------ -------- --------- --------- -------- -------- --------
  -2.000   0.1788   0.03200   0.02443  -0.1490   0.7003   0.3319
  -1.500   0.2742   0.02986   0.02234  -0.1555   0.6979   0.3458
  -0.500   0.4308   0.02791   0.02031  -0.1638   0.6795   0.3738
   0.000   0.5030   0.02741   0.01974  -0.1672   0.6681   0.3881
   0.500   0.5848   0.02671   0.01896  -0.1720   0.6573   0.4037
   1.000   0.6335   0.02717   0.01944  -0.1716   0.6428   0.4169
   1.500   0.7238   0.02646   0.01853  -0.1779   0.6328   0.4341
   2.000   0.7482   0.02763   0.01986  -0.1736   0.6173   0.4464
   2.500   0.8401   0.02707   0.01904  -0.1802   0.6076   0.4644
   3.000   0.8516   0.02856   0.02076  -0.1737   0.5927   0.4767
   3.500   0.9211   0.02867   0.02070  -0.1767   0.5823   0.4940
   4.000   0.9457   0.02986   0.02207  -0.1725   0.5691   0.5079
   4.500   1.0097   0.03018   0.02223  -0.1746   0.5590   0.5255
   5.000   1.0308   0.03156   0.02379  -0.1699   0.5464   0.5396
   5.500   1.0984   0.03176   0.02382  -0.1726   0.5370   0.5580
   6.000   1.1098   0.03359   0.02589  -0.1665   0.5247   0.5716
   6.500   1.1885   0.03336   0.02543  -0.1708   0.5159   0.5915
   7.000   1.1816   0.03602   0.02839  -0.1623   0.5039   0.6032
   7.500   1.2506   0.03600   0.02816  -0.1650   0.4952   0.6226
   8.000   1.2486   0.03877   0.03122  -0.1576   0.4840   0.6340
   8.500   1.3010   0.03931   0.03164  -0.1579   0.4750   0.6521
   9.000   1.3138   0.04172   0.03423  -0.1529   0.4650   0.6638
   9.500   1.3491   0.04310   0.03557  -0.1511   0.4555   0.6805
  10.000   1.3816   0.04460   0.03713  -0.1489   0.4468   0.6933
