  
       XFOIL         Version 6.99
  
 Calculated polar for: NACA 5636                                       
  
 1 1 Reynolds number fixed          Mach number fixed         
  
 xtrf =   1.000 (top)        1.000 (bottom)  
 Mach =   0.050     Re =     0.200 e 6     Ncrit =   9.000
  
   alpha    CL        CD       CDp       CM     Top_Xtr  Bot_Xtr
  ------ -------- --------- --------- -------- -------- --------
  -2.000   0.0704   0.02584   0.01758  -0.0904   0.6441   0.3653
  -1.500   0.0976   0.02613   0.01787  -0.0865   0.6311   0.3743
  -1.000   0.1763   0.02540   0.01708  -0.0906   0.6227   0.3864
  -0.500   0.2023   0.02590   0.01754  -0.0867   0.6099   0.3962
   0.000   0.2789   0.02535   0.01697  -0.0905   0.6012   0.4088
   0.500   0.3008   0.02617   0.01774  -0.0860   0.5887   0.4190
   1.000   0.3738   0.02573   0.01732  -0.0893   0.5798   0.4323
   1.500   0.3943   0.02681   0.01835  -0.0847   0.5680   0.4433
   2.000   0.4581   0.02658   0.01817  -0.0866   0.5589   0.4570
   2.500   0.4850   0.02765   0.01923  -0.0833   0.5483   0.4693
   3.000   0.5344   0.02785   0.01948  -0.0831   0.5387   0.4830
   3.500   0.5806   0.02853   0.02012  -0.0826   0.5298   0.4974
   4.000   0.6045   0.02955   0.02125  -0.0790   0.5193   0.5104
   4.500   0.6971   0.02901   0.02051  -0.0852   0.5124   0.5285
   5.000   0.6715   0.03163   0.02342  -0.0749   0.5008   0.5392
   5.500   0.7456   0.03133   0.02302  -0.0782   0.4938   0.5571
   6.000   0.7408   0.03389   0.02576  -0.0715   0.4835   0.5699
   6.500   0.7925   0.03427   0.02615  -0.0719   0.4756   0.5869
   7.000   0.8303   0.03545   0.02733  -0.0709   0.4678   0.6035
   7.500   0.8336   0.03795   0.03001  -0.0657   0.4579   0.6181
   8.000   0.9204   0.03690   0.02879  -0.0705   0.4524   0.6393
   8.500   0.8716   0.04229   0.03455  -0.0601   0.4408   0.6514
   9.000   0.9424   0.04166   0.03380  -0.0628   0.4350   0.6732
   9.500   0.9100   0.04705   0.03950  -0.0553   0.4245   0.6879
  10.000   0.9548   0.04781   0.04027  -0.0554   0.4176   0.7099
