  
       XFOIL         Version 6.99
  
 Calculated polar for: NACA 6514                                       
  
 1 1 Reynolds number fixed          Mach number fixed         
  
 xtrf =   1.000 (top)        1.000 (bottom)  
 Mach =   0.050     Re =     0.200 e 6     Ncrit =   9.000
  
   alpha    CL        CD       CDp       CM     Top_Xtr  Bot_Xtr
  ------ -------- --------- --------- -------- -------- --------
  -2.000   0.4790   0.01702   0.00957  -0.1743   0.8232   0.2466
  -1.500   0.5460   0.01633   0.00898  -0.1762   0.8157   0.2955
  -1.000   0.6009   0.01609   0.00888  -0.1759   0.8044   0.3460
  -0.500   0.6703   0.01543   0.00831  -0.1781   0.7971   0.4103
   0.000   0.7220   0.01527   0.00838  -0.1772   0.7842   0.4759
   0.500   0.7787   0.01495   0.00832  -0.1772   0.7729   0.5633
   1.000   0.8378   0.01416   0.00802  -0.1771   0.7633   0.7291
   1.500   0.8877   0.01386   0.00797  -0.1752   0.7495   1.0000
   2.000   0.9430   0.01405   0.00800  -0.1750   0.7361   1.0000
   2.500   1.0006   0.01418   0.00800  -0.1751   0.7231   1.0000
   3.000   1.0602   0.01428   0.00797  -0.1757   0.7102   1.0000
   3.500   1.1164   0.01447   0.00805  -0.1756   0.6960   1.0000
   4.000   1.1679   0.01476   0.00830  -0.1746   0.6803   1.0000
   4.500   1.2191   0.01507   0.00859  -0.1736   0.6643   1.0000
   5.000   1.2698   0.01540   0.00890  -0.1726   0.6478   1.0000
   5.500   1.3197   0.01576   0.00924  -0.1713   0.6306   1.0000
   6.000   1.3685   0.01613   0.00960  -0.1699   0.6127   1.0000
   6.500   1.4169   0.01654   0.00998  -0.1684   0.5937   1.0000
   7.000   1.4535   0.01707   0.01058  -0.1646   0.5716   1.0000
   7.500   1.4890   0.01757   0.01109  -0.1607   0.5473   1.0000
   8.000   1.5191   0.01819   0.01169  -0.1558   0.5220   1.0000
   8.500   1.5420   0.01899   0.01250  -0.1497   0.4959   1.0000
   9.000   1.5630   0.02003   0.01356  -0.1437   0.4688   1.0000
   9.500   1.5817   0.02132   0.01483  -0.1376   0.4404   1.0000
  10.000   1.5953   0.02297   0.01647  -0.1312   0.4096   1.0000
