  
       XFOIL         Version 6.99
  
 Calculated polar for: NACA 3520                                       
  
 1 1 Reynolds number fixed          Mach number fixed         
  
 xtrf =   1.000 (top)        1.000 (bottom)  
 Mach =   0.050     Re =     0.200 e 6     Ncrit =   9.000
  
   alpha    CL        CD       CDp       CM     Top_Xtr  Bot_Xtr
  ------ -------- --------- --------- -------- -------- --------
  -2.000   0.1466   0.01501   0.00767  -0.0902   0.7799   0.4370
  -1.500   0.1989   0.01475   0.00752  -0.0891   0.7630   0.4692
  -1.000   0.2533   0.01454   0.00734  -0.0884   0.7465   0.5045
  -0.500   0.3085   0.01430   0.00721  -0.0878   0.7302   0.5412
   0.000   0.3647   0.01410   0.00706  -0.0873   0.7139   0.5811
   0.500   0.4191   0.01396   0.00698  -0.0864   0.6966   0.6246
   1.000   0.4692   0.01388   0.00703  -0.0848   0.6782   0.6715
   1.500   0.5188   0.01382   0.00715  -0.0829   0.6598   0.7231
   2.000   0.5675   0.01382   0.00731  -0.0807   0.6414   0.7814
   2.500   0.6155   0.01392   0.00755  -0.0781   0.6232   0.8449
   3.000   0.6694   0.01418   0.00784  -0.0766   0.6047   0.9072
   3.500   0.7452   0.01460   0.00818  -0.0799   0.5847   0.9516
   4.000   0.8379   0.01506   0.00852  -0.0873   0.5631   0.9792
   4.500   0.9385   0.01546   0.00878  -0.0967   0.5402   0.9980
   5.000   0.9697   0.01570   0.00892  -0.0926   0.5216   1.0000
   5.500   0.9955   0.01603   0.00914  -0.0872   0.5036   1.0000
   6.000   1.0243   0.01643   0.00942  -0.0821   0.4854   1.0000
   6.500   1.0546   0.01689   0.00978  -0.0773   0.4672   1.0000
   7.000   1.0863   0.01741   0.01022  -0.0728   0.4487   1.0000
   7.500   1.1175   0.01800   0.01073  -0.0683   0.4301   1.0000
   8.000   1.1454   0.01866   0.01131  -0.0633   0.4118   1.0000
   8.500   1.1733   0.01942   0.01202  -0.0586   0.3934   1.0000
   9.000   1.2008   0.02032   0.01287  -0.0541   0.3749   1.0000
   9.500   1.2272   0.02136   0.01388  -0.0498   0.3565   1.0000
  10.000   1.2520   0.02257   0.01506  -0.0455   0.3383   1.0000
