  
       XFOIL         Version 6.99
  
 Calculated polar for: NACA 6808                                       
  
 1 1 Reynolds number fixed          Mach number fixed         
  
 xtrf =   1.000 (top)        1.000 (bottom)  
 Mach =   0.050     Re =     0.200 e 6     Ncrit =   9.000
  
   alpha    CL        CD       CDp       CM     Top_Xtr  Bot_Xtr
  ------ -------- --------- --------- -------- -------- --------
  -2.000   0.3027   0.02955   0.02299  -0.1871   1.0000   0.2974
  -1.500   0.3703   0.03023   0.02394  -0.1903   1.0000   0.4158
  -1.000   0.4305   0.03099   0.02492  -0.1917   1.0000   0.5088
  -0.500   0.4844   0.03179   0.02591  -0.1916   1.0000   0.5833
   0.000   0.5319   0.03265   0.02694  -0.1901   1.0000   0.6409
   0.500   0.5734   0.03360   0.02805  -0.1873   1.0000   0.6835
   1.000   0.6114   0.03471   0.02928  -0.1840   1.0000   0.7175
   1.500   0.6441   0.03601   0.03074  -0.1798   1.0000   0.7423
   2.000   0.6976   0.03774   0.03261  -0.1801   0.9955   0.7679
   2.500   0.7844   0.03826   0.03329  -0.1861   0.9668   0.7945
   3.000   0.8679   0.03754   0.03277  -0.1908   0.9432   0.8189
   3.500   0.9542   0.03557   0.03104  -0.1955   0.9207   0.8418
   4.500   1.2060   0.01939   0.01412  -0.2133   0.5863   0.8856
   5.000   1.1998   0.02338   0.01586  -0.2012   0.2134   0.8987
   5.500   1.2289   0.02649   0.01796  -0.1961   0.0644   0.9129
   6.000   1.2651   0.02841   0.01992  -0.1921   0.0481   0.9286
   6.500   1.3068   0.03094   0.02256  -0.1889   0.0403   0.9463
   7.500   1.4687   0.03924   0.03157  -0.1971   0.0292   1.0000
