  
       XFOIL         Version 6.99
  
 Calculated polar for: NACA 2510                                       
  
 1 1 Reynolds number fixed          Mach number fixed         
  
 xtrf =   1.000 (top)        1.000 (bottom)  
 Mach =   0.050     Re =     0.200 e 6     Ncrit =   9.000
  
   alpha    CL        CD       CDp       CM     Top_Xtr  Bot_Xtr
  ------ -------- --------- --------- -------- -------- --------
  -2.000  -0.0378   0.01182   0.00584  -0.0549   0.9627   0.5668
  -1.500   0.0325   0.01116   0.00579  -0.0574   0.9509   0.7237
  -1.000   0.1094   0.01064   0.00575  -0.0597   0.9428   0.9150
  -0.500   0.2141   0.01038   0.00539  -0.0695   0.9331   1.0000
   0.000   0.2855   0.01008   0.00497  -0.0723   0.9164   1.0000
   0.500   0.3495   0.00976   0.00456  -0.0732   0.8975   1.0000
   1.000   0.4020   0.00959   0.00431  -0.0717   0.8715   1.0000
   1.500   0.4548   0.00945   0.00411  -0.0702   0.8438   1.0000
   2.000   0.5067   0.00940   0.00398  -0.0685   0.8120   1.0000
   2.500   0.5585   0.00944   0.00391  -0.0667   0.7760   1.0000
   3.000   0.6090   0.00958   0.00395  -0.0648   0.7322   1.0000
   3.500   0.6588   0.00983   0.00406  -0.0628   0.6808   1.0000
   4.000   0.7072   0.01022   0.00426  -0.0607   0.6205   1.0000
   4.500   0.7543   0.01075   0.00459  -0.0585   0.5498   1.0000
   5.000   0.7991   0.01151   0.00504  -0.0561   0.4652   1.0000
   5.500   0.8407   0.01260   0.00570  -0.0535   0.3581   1.0000
   6.000   0.8777   0.01429   0.00670  -0.0505   0.2201   1.0000
   6.500   0.9122   0.01657   0.00831  -0.0474   0.1154   1.0000
   7.000   0.9495   0.01862   0.01016  -0.0445   0.0817   1.0000
   7.500   0.9882   0.02056   0.01211  -0.0418   0.0656   1.0000
   8.000   1.0268   0.02277   0.01437  -0.0391   0.0556   1.0000
   8.500   1.0669   0.02552   0.01717  -0.0369   0.0488   1.0000
   9.000   1.1088   0.02784   0.01965  -0.0348   0.0435   1.0000
   9.500   1.1504   0.03181   0.02390  -0.0330   0.0398   1.0000
  10.000   1.1859   0.03501   0.02754  -0.0303   0.0365   1.0000
