  
       XFOIL         Version 6.99
  
 Calculated polar for: NACA 1724                                       
  
 1 1 Reynolds number fixed          Mach number fixed         
  
 xtrf =   1.000 (top)        1.000 (bottom)  
 Mach =   0.050     Re =     0.200 e 6     Ncrit =   9.000
  
   alpha    CL        CD       CDp       CM     Top_Xtr  Bot_Xtr
  ------ -------- --------- --------- -------- -------- --------
  -2.000  -0.0748   0.01530   0.00807  -0.0406   0.7473   0.5052
  -1.500  -0.0214   0.01510   0.00782  -0.0396   0.7222   0.5261
  -1.000   0.0316   0.01500   0.00765  -0.0386   0.6974   0.5476
  -0.500   0.0836   0.01499   0.00757  -0.0374   0.6729   0.5693
   0.000   0.1348   0.01503   0.00756  -0.0361   0.6490   0.5914
   0.500   0.1857   0.01510   0.00764  -0.0347   0.6258   0.6135
   1.000   0.2358   0.01521   0.00776  -0.0332   0.6033   0.6356
   1.500   0.2852   0.01535   0.00792  -0.0315   0.5814   0.6579
   2.000   0.3341   0.01553   0.00812  -0.0298   0.5601   0.6803
   2.500   0.3825   0.01574   0.00834  -0.0279   0.5395   0.7029
   3.000   0.4305   0.01597   0.00857  -0.0260   0.5196   0.7259
   3.500   0.4778   0.01623   0.00882  -0.0240   0.5003   0.7491
   4.000   0.5245   0.01651   0.00909  -0.0219   0.4816   0.7727
   4.500   0.5707   0.01684   0.00937  -0.0197   0.4632   0.7968
   5.000   0.6118   0.01714   0.00972  -0.0165   0.4452   0.8213
   5.500   0.6511   0.01749   0.01014  -0.0130   0.4277   0.8464
   6.000   0.6900   0.01792   0.01061  -0.0094   0.4108   0.8720
   6.500   0.7294   0.01843   0.01113  -0.0058   0.3946   0.8978
   7.000   0.7732   0.01906   0.01171  -0.0033   0.3785   0.9233
   7.500   0.8283   0.01988   0.01247  -0.0034   0.3613   0.9467
   8.000   0.8945   0.02086   0.01343  -0.0063   0.3435   0.9657
   8.500   0.9693   0.02192   0.01446  -0.0113   0.3254   0.9802
   9.000   1.0431   0.02302   0.01553  -0.0165   0.3078   0.9940
   9.500   1.0602   0.02356   0.01607  -0.0117   0.2954   1.0000
  10.000   1.0567   0.02399   0.01631  -0.0025   0.2856   1.0000
