  
       XFOIL         Version 6.99
  
 Calculated polar for: NACA 5514                                       
  
 1 1 Reynolds number fixed          Mach number fixed         
  
 xtrf =   1.000 (top)        1.000 (bottom)  
 Mach =   0.050     Re =     0.200 e 6     Ncrit =   9.000
  
   alpha    CL        CD       CDp       CM     Top_Xtr  Bot_Xtr
  ------ -------- --------- --------- -------- -------- --------
  -2.000   0.3719   0.01578   0.00855  -0.1487   0.8386   0.3057
  -1.500   0.4373   0.01511   0.00801  -0.1502   0.8299   0.3622
  -1.000   0.4926   0.01479   0.00785  -0.1498   0.8173   0.4214
  -0.500   0.5537   0.01430   0.00755  -0.1504   0.8068   0.4916
   0.000   0.6138   0.01377   0.00726  -0.1507   0.7954   0.5780
   1.000   0.7214   0.01271   0.00708  -0.1480   0.7672   1.0000
   1.500   0.7798   0.01277   0.00694  -0.1483   0.7529   1.0000
   2.000   0.8376   0.01285   0.00687  -0.1484   0.7380   1.0000
   2.500   0.8944   0.01298   0.00686  -0.1483   0.7224   1.0000
   3.000   0.9496   0.01315   0.00693  -0.1479   0.7057   1.0000
   3.500   1.0034   0.01338   0.00708  -0.1473   0.6881   1.0000
   4.000   1.0558   0.01364   0.00728  -0.1464   0.6695   1.0000
   4.500   1.1072   0.01394   0.00753  -0.1453   0.6500   1.0000
   5.000   1.1579   0.01425   0.00781  -0.1441   0.6297   1.0000
   5.500   1.2085   0.01459   0.00808  -0.1428   0.6086   1.0000
   6.000   1.2541   0.01502   0.00850  -0.1407   0.5851   1.0000
   6.500   1.2973   0.01546   0.00892  -0.1381   0.5594   1.0000
   7.000   1.3368   0.01599   0.00943  -0.1349   0.5316   1.0000
   7.500   1.3738   0.01661   0.00999  -0.1312   0.5027   1.0000
   8.000   1.4042   0.01736   0.01070  -0.1265   0.4722   1.0000
   8.500   1.4272   0.01825   0.01160  -0.1205   0.4407   1.0000
   9.000   1.4479   0.01942   0.01272  -0.1146   0.4072   1.0000
   9.500   1.4648   0.02091   0.01415  -0.1085   0.3716   1.0000
  10.000   1.4781   0.02278   0.01595  -0.1024   0.3327   1.0000
