  
       XFOIL         Version 6.99
  
 Calculated polar for: NACA 9032                                       
  
 1 1 Reynolds number fixed          Mach number fixed         
  
 xtrf =   1.000 (top)        1.000 (bottom)  
 Mach =   0.050     Re =     0.200 e 6     Ncrit =   9.000
  
   alpha    CL        CD       CDp       CM     Top_Xtr  Bot_Xtr
  ------ -------- --------- --------- -------- -------- --------
  -2.000   0.4362   0.02063   0.01245  -0.0129   0.4787   0.6168
  -1.500   0.4904   0.02086   0.01260  -0.0130   0.4679   0.6373
  -1.000   0.5108   0.02126   0.01313  -0.0073   0.4567   0.6579
  -0.500   0.5650   0.02155   0.01343  -0.0075   0.4463   0.6804
   0.000   0.5873   0.02212   0.01421  -0.0026   0.4355   0.7032
   0.500   0.6412   0.02248   0.01452  -0.0029   0.4256   0.7289
   1.000   0.6594   0.02325   0.01551   0.0023   0.4153   0.7560
   1.500   0.7149   0.02364   0.01585   0.0016   0.4058   0.7854
   2.000   0.7255   0.02470   0.01720   0.0077   0.3960   0.8170
   2.500   0.7792   0.02514   0.01758   0.0076   0.3870   0.8495
   3.000   0.7843   0.02664   0.01938   0.0142   0.3777   0.8861
   3.500   0.8321   0.02742   0.02007   0.0146   0.3690   0.9206
   4.000   0.8631   0.02946   0.02227   0.0155   0.3594   0.9508
   4.500   0.9467   0.03061   0.02323   0.0081   0.3499   0.9672
   5.000   0.9993   0.03338   0.02616   0.0027   0.3395   0.9798
   5.500   1.0917   0.03436   0.02690  -0.0066   0.3305   0.9904
   6.000   1.1203   0.03761   0.03038  -0.0095   0.3209   1.0003
   6.500   1.1266   0.03762   0.03018  -0.0041   0.3148   1.0003
   7.000   1.0893   0.04012   0.03283   0.0054   0.3080   1.0003
   7.500   1.0940   0.04177   0.03443   0.0093   0.3009   1.0003
   8.000   1.1069   0.04375   0.03637   0.0117   0.2941   1.0003
   8.500   1.0958   0.04748   0.04022   0.0152   0.2864   1.0003
   9.000   1.1474   0.04773   0.04025   0.0136   0.2802   1.0003
   9.500   1.1003   0.05489   0.04774   0.0181   0.2721   1.0003
  10.000   1.1579   0.05460   0.04722   0.0159   0.2664   1.0003
  -2.000   0.4362   0.02063   0.01245  -0.0129   0.4787   0.6168
  -1.500   0.4904   0.02086   0.01260  -0.0130   0.4679   0.6373
  -1.000   0.5108   0.02126   0.01313  -0.0073   0.4567   0.6579
  -0.500   0.5650   0.02155   0.01343  -0.0075   0.4463   0.6804
   0.000   0.5873   0.02212   0.01421  -0.0026   0.4355   0.7032
   0.500   0.6412   0.02248   0.01452  -0.0029   0.4256   0.7289
   1.000   0.6594   0.02325   0.01551   0.0023   0.4153   0.7560
   1.500   0.7149   0.02364   0.01585   0.0016   0.4058   0.7854
   2.000   0.7255   0.02470   0.01720   0.0077   0.3960   0.8170
   2.500   0.7792   0.02514   0.01758   0.0076   0.3870   0.8495
   3.000   0.7843   0.02664   0.01938   0.0142   0.3777   0.8861
   3.500   0.8321   0.02742   0.02007   0.0146   0.3690   0.9206
   4.000   0.8631   0.02946   0.02227   0.0155   0.3594   0.9508
   4.500   0.9467   0.03061   0.02323   0.0081   0.3499   0.9672
   5.000   0.9993   0.03338   0.02616   0.0027   0.3395   0.9798
   5.500   1.0917   0.03436   0.02690  -0.0066   0.3305   0.9904
   6.000   1.1203   0.03761   0.03038  -0.0095   0.3209   1.0003
   6.500   1.1266   0.03762   0.03018  -0.0041   0.3148   1.0003
   7.000   1.0893   0.04012   0.03283   0.0054   0.3080   1.0003
   7.500   1.0940   0.04177   0.03443   0.0093   0.3009   1.0003
   8.000   1.1069   0.04375   0.03637   0.0117   0.2941   1.0003
   8.500   1.0958   0.04748   0.04022   0.0152   0.2864   1.0003
   9.000   1.1474   0.04773   0.04025   0.0136   0.2802   1.0003
   9.500   1.1003   0.05489   0.04774   0.0181   0.2721   1.0003
  10.000   1.1579   0.05460   0.04722   0.0159   0.2664   1.0003
