  
       XFOIL         Version 6.99
  
 Calculated polar for: NACA 7638                                       
  
 1 1 Reynolds number fixed          Mach number fixed         
  
 xtrf =   1.000 (top)        1.000 (bottom)  
 Mach =   0.050     Re =     0.200 e 6     Ncrit =   9.000
  
   alpha    CL        CD       CDp       CM     Top_Xtr  Bot_Xtr
  ------ -------- --------- --------- -------- -------- --------
  -1.500   0.0061   0.03950   0.03144  -0.0962   0.6071   0.3247
  -1.000   0.0993   0.03741   0.02917  -0.1020   0.6056   0.3360
  -0.500   0.2013   0.03499   0.02680  -0.1090   0.6039   0.3476
   0.000   0.3139   0.03270   0.02426  -0.1180   0.6015   0.3607
   0.500   0.2869   0.03604   0.02781  -0.1080   0.5853   0.3666
   1.000   0.3962   0.03392   0.02552  -0.1162   0.5825   0.3805
   2.000   0.4652   0.03593   0.02763  -0.1130   0.5633   0.4007
   3.000   0.5215   0.03887   0.03064  -0.1086   0.5440   0.4215
   3.500   0.6326   0.03680   0.02832  -0.1170   0.5408   0.4376
   4.000   0.5657   0.04292   0.03476  -0.1034   0.5245   0.4434
   4.500   0.6696   0.04071   0.03246  -0.1103   0.5219   0.4606
   5.500   0.6955   0.04594   0.03788  -0.1032   0.5026   0.4833
   6.000   0.8074   0.04331   0.03505  -0.1111   0.5001   0.5028
   6.500   0.6441   0.05773   0.04989  -0.0899   0.4772   0.5012
   7.000   0.7777   0.05237   0.04445  -0.0986   0.4787   0.5240
   8.000   0.8170   0.05785   0.05008  -0.0946   0.4620   0.5514
   9.000   0.8125   0.06743   0.05986  -0.0876   0.4423   0.5763
