  
       XFOIL         Version 6.99
  
 Calculated polar for: NACA 6724                                       
  
 1 1 Reynolds number fixed          Mach number fixed         
  
 xtrf =   1.000 (top)        1.000 (bottom)  
 Mach =   0.050     Re =     0.200 e 6     Ncrit =   9.000
  
   alpha    CL        CD       CDp       CM     Top_Xtr  Bot_Xtr
  ------ -------- --------- --------- -------- -------- --------
  -2.000   0.2161   0.03073   0.02355  -0.1534   0.7770   0.3445
  -1.500   0.2989   0.02932   0.02220  -0.1576   0.7746   0.3669
  -1.000   0.3511   0.02889   0.02182  -0.1570   0.7600   0.3865
  -0.500   0.4321   0.02723   0.02021  -0.1607   0.7575   0.4101
   0.000   0.4851   0.02674   0.01975  -0.1600   0.7429   0.4313
   0.500   0.5695   0.02490   0.01796  -0.1641   0.7397   0.4564
   1.000   0.6293   0.02424   0.01735  -0.1644   0.7245   0.4792
   1.500   0.7014   0.02320   0.01636  -0.1667   0.7111   0.5035
   2.000   0.7963   0.02149   0.01461  -0.1728   0.7005   0.5305
   2.500   0.8873   0.02038   0.01341  -0.1785   0.6844   0.5567
   3.000   0.9599   0.02020   0.01315  -0.1812   0.6639   0.5802
   3.500   1.0188   0.02051   0.01339  -0.1817   0.6428   0.6017
   4.000   1.0665   0.02111   0.01395  -0.1802   0.6221   0.6223
   4.500   1.1075   0.02188   0.01469  -0.1776   0.6022   0.6429
   5.000   1.1450   0.02274   0.01556  -0.1744   0.5832   0.6618
   5.500   1.1844   0.02355   0.01637  -0.1715   0.5652   0.6792
   6.000   1.2276   0.02428   0.01705  -0.1694   0.5482   0.6978
   6.500   1.2750   0.02491   0.01756  -0.1681   0.5315   0.7170
   7.000   1.3032   0.02598   0.01867  -0.1637   0.5145   0.7354
   7.500   1.3347   0.02704   0.01977  -0.1601   0.4981   0.7537
   8.000   1.3709   0.02791   0.02064  -0.1571   0.4825   0.7717
   8.500   1.4129   0.02863   0.02127  -0.1552   0.4672   0.7904
   9.000   1.4329   0.03001   0.02278  -0.1501   0.4516   0.8084
   9.500   1.4610   0.03127   0.02411  -0.1463   0.4366   0.8279
  10.000   1.4947   0.03236   0.02517  -0.1435   0.4222   0.8490
