  
       XFOIL         Version 6.99
  
 Calculated polar for: NACA 8334                                       
  
 1 1 Reynolds number fixed          Mach number fixed         
  
 xtrf =   1.000 (top)        1.000 (bottom)  
 Mach =   0.050     Re =     0.200 e 6     Ncrit =   9.000
  
   alpha    CL        CD       CDp       CM     Top_Xtr  Bot_Xtr
  ------ -------- --------- --------- -------- -------- --------
  -2.000   0.2917   0.02843   0.01818  -0.0851   0.4568   0.1781
  -1.500   0.3457   0.02839   0.01806  -0.0856   0.4500   0.1857
  -1.000   0.3801   0.02881   0.01845  -0.0831   0.4441   0.1933
  -0.500   0.4177   0.02906   0.01881  -0.0813   0.4386   0.2018
   0.000   0.4679   0.02922   0.01887  -0.0813   0.4340   0.2125
   0.500   0.5287   0.02941   0.01903  -0.0831   0.4297   0.2261
   1.000   0.5485   0.03019   0.02002  -0.0790   0.4256   0.2377
   1.500   0.5818   0.03097   0.02085  -0.0769   0.4214   0.2528
   2.500   0.6804   0.03061   0.02152  -0.0779   0.4150   0.4693
   3.000   0.7203   0.03126   0.02294  -0.0763   0.4121   0.6727
   3.500   0.7181   0.03339   0.02551  -0.0695   0.4089   0.7373
   4.000   0.7193   0.03574   0.02823  -0.0634   0.4054   0.7997
   4.500   0.7278   0.03797   0.03076  -0.0578   0.4024   0.8749
   5.000   0.7794   0.03971   0.03251  -0.0591   0.3997   0.9523
   5.500   0.8966   0.04058   0.03308  -0.0708   0.3970   0.9916
   6.500   0.0050   0.14228   0.13450  -0.0272   0.3705   0.2848
   7.000   0.0428   0.14415   0.13832  -0.0278   0.3672   0.6552
   7.500   0.0879   0.14609   0.14130  -0.0261   0.3655   1.0000
   8.000   0.1459   0.14996   0.14492  -0.0278   0.3645   1.0000
   8.500   0.1132   0.15423   0.14920  -0.0273   0.3525   1.0000
   9.000   0.1591   0.15713   0.15191  -0.0285   0.3506   1.0000
   9.500   0.2143   0.16096   0.15555  -0.0302   0.3495   1.0000
  10.000   0.1877   0.16536   0.15997  -0.0306   0.3385   1.0000
