  
       XFOIL         Version 6.99
  
 Calculated polar for: NACA 8322                                       
  
 1 1 Reynolds number fixed          Mach number fixed         
  
 xtrf =   1.000 (top)        1.000 (bottom)  
 Mach =   0.050     Re =     0.200 e 6     Ncrit =   9.000
  
   alpha    CL        CD       CDp       CM     Top_Xtr  Bot_Xtr
  ------ -------- --------- --------- -------- -------- --------
  -2.000   0.5327   0.02235   0.01281  -0.1372   0.4971   0.1108
  -1.500   0.5796   0.02219   0.01237  -0.1357   0.4834   0.1181
  -1.000   0.6302   0.02198   0.01200  -0.1350   0.4721   0.1257
  -0.500   0.6752   0.02180   0.01178  -0.1333   0.4623   0.1345
   0.000   0.7274   0.02178   0.01160  -0.1329   0.4543   0.1456
   0.500   0.7810   0.02191   0.01169  -0.1329   0.4477   0.1588
   1.000   0.8285   0.02201   0.01184  -0.1318   0.4417   0.1739
   1.500   0.8818   0.02217   0.01200  -0.1318   0.4363   0.1934
   2.000   0.9440   0.02257   0.01236  -0.1337   0.4311   0.2216
   2.500   0.9854   0.02273   0.01276  -0.1318   0.4268   0.2593
   3.000   1.0355   0.02165   0.01358  -0.1308   0.4226   1.0000
   3.500   1.0869   0.02240   0.01407  -0.1307   0.4189   1.0000
   4.000   1.1491   0.02330   0.01470  -0.1327   0.4151   1.0000
   4.500   1.1957   0.02435   0.01567  -0.1319   0.4116   1.0000
   5.000   1.2289   0.02534   0.01669  -0.1288   0.4084   1.0000
   5.500   1.2669   0.02642   0.01777  -0.1267   0.4052   1.0000
   6.000   1.3094   0.02749   0.01881  -0.1255   0.4020   1.0000
   6.500   1.3602   0.02848   0.01968  -0.1258   0.3989   1.0000
   7.000   1.4265   0.02983   0.02087  -0.1289   0.3955   1.0000
   7.500   1.4451   0.03150   0.02270  -0.1241   0.3932   1.0000
   8.000   1.4557   0.03345   0.02485  -0.1185   0.3905   1.0000
   8.500   1.4661   0.03566   0.02722  -0.1134   0.3873   1.0000
   9.000   1.4811   0.03785   0.02951  -0.1093   0.3839   1.0000
   9.500   1.5078   0.03987   0.03158  -0.1070   0.3812   1.0000
  10.000   1.5555   0.04145   0.03312  -0.1074   0.3787   1.0000
