  
       XFOIL         Version 6.99
  
 Calculated polar for: NACA 2812                                       
  
 1 1 Reynolds number fixed          Mach number fixed         
  
 xtrf =   1.000 (top)        1.000 (bottom)  
 Mach =   0.050     Re =     0.200 e 6     Ncrit =   9.000
  
   alpha    CL        CD       CDp       CM     Top_Xtr  Bot_Xtr
  ------ -------- --------- --------- -------- -------- --------
  -2.000  -0.1140   0.01425   0.00808  -0.0534   1.0000   0.5593
  -1.500  -0.0452   0.01457   0.00865  -0.0564   0.9955   0.6233
  -1.000   0.0430   0.01495   0.00923  -0.0629   0.9843   0.6856
  -0.500   0.1240   0.01512   0.00956  -0.0676   0.9695   0.7360
   0.000   0.1997   0.01505   0.00963  -0.0708   0.9522   0.7759
   0.500   0.2750   0.01468   0.00937  -0.0736   0.9350   0.8109
   1.000   0.3474   0.01392   0.00874  -0.0755   0.9174   0.8420
   1.500   0.4043   0.01292   0.00788  -0.0739   0.8906   0.8719
   2.500   0.5250   0.01039   0.00552  -0.0712   0.8078   0.9347
   3.000   0.6257   0.01001   0.00475  -0.0787   0.7235   0.9606
   3.500   0.6947   0.01052   0.00488  -0.0811   0.6351   1.0000
   4.000   0.7440   0.01123   0.00523  -0.0802   0.5573   1.0000
   4.500   0.7929   0.01204   0.00568  -0.0792   0.4787   1.0000
   5.000   0.8403   0.01295   0.00624  -0.0779   0.3978   1.0000
   5.500   0.8857   0.01403   0.00694  -0.0763   0.3140   1.0000
   6.000   0.9290   0.01536   0.00782  -0.0745   0.2300   1.0000
   6.500   0.9713   0.01691   0.00899  -0.0725   0.1608   1.0000
   7.000   1.0120   0.01862   0.01041  -0.0701   0.1198   1.0000
   8.000   1.0913   0.02219   0.01384  -0.0649   0.0813   1.0000
   8.500   1.1305   0.02422   0.01587  -0.0623   0.0709   1.0000
   9.000   1.1701   0.02626   0.01792  -0.0599   0.0629   1.0000
   9.500   1.2099   0.02844   0.02029  -0.0574   0.0568   1.0000
  10.000   1.2511   0.03142   0.02334  -0.0556   0.0520   1.0000
