  
       XFOIL         Version 6.99
  
 Calculated polar for: NACA 1226                                       
  
 1 1 Reynolds number fixed          Mach number fixed         
  
 xtrf =   1.000 (top)        1.000 (bottom)  
 Mach =   0.050     Re =     0.200 e 6     Ncrit =   9.000
  
   alpha    CL        CD       CDp       CM     Top_Xtr  Bot_Xtr
  ------ -------- --------- --------- -------- -------- --------
  -2.000  -0.1151   0.01633   0.00873  -0.0169   0.6516   0.5443
  -1.500  -0.0650   0.01626   0.00864  -0.0153   0.6304   0.5642
  -1.000  -0.0143   0.01618   0.00849  -0.0140   0.6094   0.5823
  -0.500   0.0324   0.01612   0.00841  -0.0120   0.5886   0.6015
   0.000   0.0787   0.01615   0.00840  -0.0099   0.5686   0.6214
   0.500   0.1284   0.01618   0.00848  -0.0084   0.5489   0.6416
   1.000   0.1775   0.01625   0.00855  -0.0069   0.5296   0.6620
   1.500   0.2266   0.01639   0.00866  -0.0053   0.5114   0.6836
   2.000   0.2754   0.01656   0.00878  -0.0037   0.4931   0.7060
   2.500   0.3193   0.01672   0.00900  -0.0011   0.4747   0.7291
   3.000   0.3644   0.01698   0.00930   0.0011   0.4574   0.7529
   3.500   0.4102   0.01733   0.00964   0.0033   0.4408   0.7770
   4.000   0.4574   0.01776   0.01000   0.0052   0.4251   0.8012
   4.500   0.4992   0.01816   0.01047   0.0081   0.4101   0.8255
   5.000   0.5420   0.01873   0.01107   0.0108   0.3959   0.8495
   5.500   0.5898   0.01943   0.01168   0.0125   0.3833   0.8724
   6.000   0.6336   0.02013   0.01245   0.0150   0.3708   0.8933
   6.500   0.6924   0.02115   0.01344   0.0145   0.3592   0.9097
   7.000   0.7561   0.02210   0.01429   0.0127   0.3481   0.9253
   7.500   0.8157   0.02316   0.01540   0.0113   0.3377   0.9416
   8.000   0.9133   0.02442   0.01644   0.0025   0.3268   0.9477
   8.500   0.9702   0.02539   0.01757   0.0009   0.3176   0.9625
   9.000   1.0553   0.02649   0.01848  -0.0057   0.3084   0.9724
   9.500   1.1134   0.02746   0.01964  -0.0083   0.2998   0.9847
  10.000   1.1992   0.02847   0.02044  -0.0152   0.2911   0.9925
