  
       XFOIL         Version 6.99
  
 Calculated polar for: NACA 8810                                       
  
 1 1 Reynolds number fixed          Mach number fixed         
  
 xtrf =   1.000 (top)        1.000 (bottom)  
 Mach =   0.050     Re =     0.200 e 6     Ncrit =   9.000
  
   alpha    CL        CD       CDp       CM     Top_Xtr  Bot_Xtr
  ------ -------- --------- --------- -------- -------- --------
  -2.000   0.3735   0.04579   0.03914  -0.2235   0.9855   0.1804
  -1.500   0.4416   0.04684   0.04046  -0.2275   0.9823   0.2532
  -1.000   0.5131   0.04858   0.04238  -0.2319   0.9800   0.3316
  -0.500   0.5859   0.05086   0.04482  -0.2364   0.9784   0.4056
   0.000   0.6289   0.05170   0.04582  -0.2351   0.9699   0.4607
   0.500   0.7034   0.05442   0.04872  -0.2395   0.9675   0.5219
   2.000   0.8752   0.05336   0.04812  -0.2401   0.9129   0.6452
   3.000   0.9984   0.05143   0.04648  -0.2406   0.8874   0.6961
   3.500   1.0461   0.04985   0.04506  -0.2380   0.8695   0.7147
   4.500   1.1615   0.04587   0.04145  -0.2363   0.8394   0.7539
   5.000   1.2049   0.04370   0.03949  -0.2324   0.8058   0.7725
   5.500   1.2732   0.04041   0.03637  -0.2321   0.7749   0.7919
   6.000   1.4220   0.03168   0.02736  -0.2462   0.6907   0.8172
   6.500   1.4661   0.03142   0.02614  -0.2425   0.5256   0.8318
   7.000   1.4683   0.03449   0.02820  -0.2323   0.3541   0.8437
   7.500   1.4674   0.03851   0.03081  -0.2227   0.1438   0.8542
   8.000   1.4835   0.04163   0.03346  -0.2159   0.0794   0.8653
   8.500   1.5050   0.04438   0.03625  -0.2101   0.0618   0.8763
   9.000   1.5255   0.04738   0.03930  -0.2043   0.0521   0.8863
   9.500   1.5530   0.04982   0.04189  -0.1998   0.0451   0.8965
  10.000   1.5861   0.05267   0.04488  -0.1960   0.0403   0.9057
