  
       XFOIL         Version 6.99
  
 Calculated polar for: NACA 4126                                       
  
 1 1 Reynolds number fixed          Mach number fixed         
  
 xtrf =   1.000 (top)        1.000 (bottom)  
 Mach =   0.050     Re =     0.200 e 6     Ncrit =   9.000
  
   alpha    CL        CD       CDp       CM     Top_Xtr  Bot_Xtr
  ------ -------- --------- --------- -------- -------- --------
  -2.000   0.2230   0.01889   0.00951  -0.0519   0.5854   0.0987
  -1.500   0.2584   0.01841   0.00899  -0.0479   0.5655   0.1138
  -1.000   0.2697   0.01670   0.00848  -0.0403   0.5480   0.4067
  -0.500   0.3019   0.01636   0.00850  -0.0355   0.5287   0.5152
   0.000   0.3368   0.01627   0.00861  -0.0310   0.5084   0.5930
   0.500   0.3744   0.01636   0.00878  -0.0271   0.4890   0.6495
   1.000   0.4114   0.01651   0.00905  -0.0231   0.4713   0.6948
   1.500   0.4492   0.01676   0.00939  -0.0193   0.4538   0.7369
   2.000   0.4861   0.01707   0.00974  -0.0154   0.4367   0.7754
   2.500   0.5184   0.01747   0.01016  -0.0104   0.4199   0.8142
   3.000   0.5485   0.01801   0.01068  -0.0051   0.4031   0.8531
   4.000   0.6118   0.01953   0.01218   0.0040   0.3677   0.9188
   4.500   0.6612   0.02068   0.01322   0.0043   0.3475   0.9424
   5.000   0.7220   0.02211   0.01450   0.0014   0.3246   0.9609
   5.500   0.7873   0.02380   0.01606  -0.0032   0.2972   0.9759
   6.000   0.8499   0.02592   0.01797  -0.0085   0.2672   0.9881
   6.500   0.9059   0.02857   0.02036  -0.0135   0.2400   0.9998
   7.000   0.8754   0.02972   0.02140  -0.0024   0.2291   1.0000
   7.500   0.8627   0.03118   0.02277   0.0059   0.2190   1.0000
   8.000   0.8634   0.03298   0.02440   0.0117   0.2109   1.0000
   8.500   0.8755   0.03480   0.02617   0.0156   0.2040   1.0000
   9.000   0.8974   0.03658   0.02776   0.0182   0.1986   1.0000
   9.500   0.9219   0.03848   0.02967   0.0201   0.1942   1.0000
  10.000   0.9492   0.04036   0.03148   0.0215   0.1905   1.0000
  -2.000   0.2230   0.01889   0.00951  -0.0519   0.5854   0.0987
  -1.500   0.2584   0.01841   0.00899  -0.0479   0.5655   0.1138
  -1.000   0.2697   0.01670   0.00848  -0.0403   0.5480   0.4067
  -0.500   0.3019   0.01636   0.00850  -0.0355   0.5287   0.5152
   0.000   0.3368   0.01627   0.00861  -0.0310   0.5084   0.5930
   0.500   0.3744   0.01636   0.00878  -0.0271   0.4890   0.6495
   1.000   0.4114   0.01651   0.00905  -0.0231   0.4713   0.6948
   1.500   0.4492   0.01676   0.00939  -0.0193   0.4538   0.7369
   2.000   0.4861   0.01707   0.00974  -0.0154   0.4367   0.7754
   2.500   0.5184   0.01747   0.01016  -0.0104   0.4199   0.8142
   3.000   0.5485   0.01801   0.01068  -0.0051   0.4031   0.8531
   4.000   0.6118   0.01953   0.01218   0.0040   0.3677   0.9188
   4.500   0.6612   0.02068   0.01322   0.0043   0.3475   0.9424
   5.000   0.7220   0.02211   0.01450   0.0014   0.3246   0.9609
   5.500   0.7873   0.02380   0.01606  -0.0032   0.2972   0.9759
   6.000   0.8499   0.02592   0.01797  -0.0085   0.2672   0.9881
   6.500   0.9059   0.02857   0.02036  -0.0135   0.2400   0.9998
   7.000   0.8754   0.02972   0.02140  -0.0024   0.2291   1.0000
   7.500   0.8627   0.03118   0.02277   0.0059   0.2190   1.0000
   8.000   0.8634   0.03298   0.02440   0.0117   0.2109   1.0000
   8.500   0.8755   0.03480   0.02617   0.0156   0.2040   1.0000
   9.000   0.8974   0.03658   0.02776   0.0182   0.1986   1.0000
   9.500   0.9219   0.03848   0.02967   0.0201   0.1942   1.0000
  10.000   0.9492   0.04036   0.03148   0.0215   0.1905   1.0000
  -2.000   0.2230   0.01889   0.00951  -0.0519   0.5854   0.0987
  -1.500   0.2584   0.01841   0.00899  -0.0479   0.5655   0.1138
  -1.000   0.2697   0.01670   0.00848  -0.0403   0.5480   0.4067
  -0.500   0.3019   0.01636   0.00850  -0.0355   0.5287   0.5152
   0.000   0.3368   0.01627   0.00861  -0.0310   0.5084   0.5930
   0.500   0.3744   0.01636   0.00878  -0.0271   0.4890   0.6495
   1.000   0.4114   0.01651   0.00905  -0.0231   0.4713   0.6948
   1.500   0.4492   0.01676   0.00939  -0.0193   0.4538   0.7369
   2.000   0.4861   0.01707   0.00974  -0.0154   0.4367   0.7754
   2.500   0.5184   0.01747   0.01016  -0.0104   0.4199   0.8142
   3.000   0.5485   0.01801   0.01068  -0.0051   0.4031   0.8531
   4.000   0.6118   0.01953   0.01218   0.0040   0.3677   0.9188
   4.500   0.6612   0.02068   0.01322   0.0043   0.3475   0.9424
   5.000   0.7220   0.02211   0.01450   0.0014   0.3246   0.9609
   5.500   0.7873   0.02380   0.01606  -0.0032   0.2972   0.9759
   6.000   0.8499   0.02592   0.01797  -0.0085   0.2672   0.9881
   6.500   0.9059   0.02857   0.02036  -0.0135   0.2400   0.9998
   7.000   0.8754   0.02972   0.02140  -0.0024   0.2291   1.0000
   7.500   0.8627   0.03118   0.02277   0.0059   0.2190   1.0000
   8.000   0.8634   0.03298   0.02440   0.0117   0.2109   1.0000
   8.500   0.8755   0.03480   0.02617   0.0156   0.2040   1.0000
   9.000   0.8974   0.03658   0.02776   0.0182   0.1986   1.0000
   9.500   0.9219   0.03848   0.02967   0.0201   0.1942   1.0000
  10.000   0.9492   0.04036   0.03148   0.0215   0.1905   1.0000
