  
       XFOIL         Version 6.99
  
 Calculated polar for: NACA 6310                                       
  
 1 1 Reynolds number fixed          Mach number fixed         
  
 xtrf =   1.000 (top)        1.000 (bottom)  
 Mach =   0.050     Re =     0.200 e 6     Ncrit =   9.000
  
   alpha    CL        CD       CDp       CM     Top_Xtr  Bot_Xtr
  ------ -------- --------- --------- -------- -------- --------
  -2.000   0.4225   0.01898   0.01238  -0.1304   0.7835   0.0622
  -1.500   0.4797   0.01636   0.00885  -0.1294   0.7506   0.0667
  -1.000   0.5330   0.01476   0.00687  -0.1284   0.7109   0.0778
  -0.500   0.5850   0.01399   0.00572  -0.1270   0.6645   0.0937
   0.000   0.6354   0.01353   0.00501  -0.1257   0.6154   0.1172
   0.500   0.6857   0.01346   0.00470  -0.1245   0.5711   0.1532
   1.000   0.7367   0.01343   0.00457  -0.1236   0.5370   0.2158
   1.500   0.7850   0.01205   0.00460  -0.1221   0.5136   1.0000
   2.000   0.8381   0.01263   0.00482  -0.1216   0.4953   1.0000
   2.500   0.8915   0.01321   0.00514  -0.1213   0.4809   1.0000
   3.000   0.9455   0.01384   0.00554  -0.1211   0.4700   1.0000
   3.500   0.9991   0.01440   0.00602  -0.1209   0.4599   1.0000
   4.000   1.0530   0.01505   0.00658  -0.1208   0.4513   1.0000
   4.500   1.1069   0.01570   0.00719  -0.1208   0.4437   1.0000
   5.000   1.1603   0.01643   0.00792  -0.1207   0.4365   1.0000
   5.500   1.2136   0.01713   0.00867  -0.1206   0.4298   1.0000
   6.000   1.2672   0.01799   0.00956  -0.1207   0.4236   1.0000
   6.500   1.3184   0.01876   0.01051  -0.1203   0.4170   1.0000
   7.000   1.3727   0.01967   0.01145  -0.1205   0.4110   1.0000
   7.500   1.4216   0.02062   0.01269  -0.1199   0.4048   1.0000
   8.000   1.4726   0.02153   0.01378  -0.1195   0.3982   1.0000
   8.500   1.5218   0.02261   0.01510  -0.1190   0.3913   1.0000
   9.000   1.5641   0.02284   0.01547  -0.1169   0.3750   1.0000
   9.500   1.6023   0.02297   0.01579  -0.1140   0.3576   1.0000
  10.000   1.6353   0.02303   0.01601  -0.1103   0.3382   1.0000
