  
       XFOIL         Version 6.99
  
 Calculated polar for: NACA 5406                                       
  
 1 1 Reynolds number fixed          Mach number fixed         
  
 xtrf =   1.000 (top)        1.000 (bottom)  
 Mach =   0.050     Re =     0.200 e 6     Ncrit =   9.000
  
   alpha    CL        CD       CDp       CM     Top_Xtr  Bot_Xtr
  ------ -------- --------- --------- -------- -------- --------
  -2.000   0.3247   0.01563   0.00850  -0.1311   0.9343   0.0486
  -1.500   0.3971   0.01371   0.00638  -0.1339   0.9242   0.0709
  -1.000   0.4636   0.01219   0.00508  -0.1357   0.9109   0.1439
  -0.500   0.5239   0.01090   0.00455  -0.1365   0.8944   0.3825
   0.500   0.6306   0.00933   0.00370  -0.1336   0.8528   1.0000
   1.000   0.6849   0.00932   0.00349  -0.1326   0.8273   1.0000
   1.500   0.7386   0.00940   0.00341  -0.1316   0.7991   1.0000
   2.000   0.7920   0.00958   0.00343  -0.1307   0.7691   1.0000
   2.500   0.8452   0.00985   0.00356  -0.1298   0.7386   1.0000
   3.000   0.8977   0.01022   0.00391  -0.1289   0.7072   1.0000
   3.500   0.9504   0.01066   0.00433  -0.1281   0.6784   1.0000
   4.000   1.0030   0.01117   0.00492  -0.1274   0.6522   1.0000
   4.500   1.0518   0.01156   0.00531  -0.1256   0.6095   1.0000
   5.000   1.0952   0.01204   0.00568  -0.1226   0.5355   1.0000
   6.000   1.1294   0.01971   0.01074  -0.1098   0.0368   1.0000
   6.500   1.1551   0.02305   0.01422  -0.1047   0.0298   1.0000
   7.000   1.1896   0.02632   0.01768  -0.1008   0.0252   1.0000
   7.500   1.2373   0.03095   0.02265  -0.0984   0.0236   1.0000
   8.000   1.2902   0.03887   0.03124  -0.0963   0.0267   1.0000
