  
       XFOIL         Version 6.99
  
 Calculated polar for: NACA 5838                                       
  
 1 1 Reynolds number fixed          Mach number fixed         
  
 xtrf =   1.000 (top)        1.000 (bottom)  
 Mach =   0.050     Re =     0.200 e 6     Ncrit =   9.000
  
   alpha    CL        CD       CDp       CM     Top_Xtr  Bot_Xtr
  ------ -------- --------- --------- -------- -------- --------
  -2.000   0.1015   0.02637   0.01810  -0.1137   0.6324   0.3875
  -1.500   0.1600   0.02641   0.01820  -0.1150   0.6207   0.3965
  -1.000   0.1988   0.02657   0.01829  -0.1134   0.6079   0.4061
  -0.500   0.2744   0.02625   0.01790  -0.1178   0.5972   0.4163
   0.000   0.2945   0.02690   0.01867  -0.1127   0.5848   0.4252
   0.500   0.3712   0.02657   0.01811  -0.1176   0.5744   0.4368
   1.000   0.3943   0.02733   0.01909  -0.1130   0.5631   0.4458
   1.500   0.4478   0.02754   0.01920  -0.1138   0.5526   0.4572
   2.000   0.5035   0.02779   0.01945  -0.1149   0.5426   0.4684
   2.500   0.5314   0.02861   0.02039  -0.1114   0.5319   0.4787
   3.000   0.6100   0.02847   0.02002  -0.1164   0.5228   0.4920
   3.500   0.6225   0.02975   0.02156  -0.1104   0.5127   0.5019
   4.000   0.6699   0.03028   0.02204  -0.1103   0.5034   0.5146
   4.500   0.7299   0.03065   0.02239  -0.1122   0.4947   0.5276
   5.000   0.7410   0.03222   0.02416  -0.1065   0.4850   0.5385
   5.500   0.8033   0.03245   0.02423  -0.1089   0.4768   0.5527
   6.000   0.8277   0.03392   0.02590  -0.1053   0.4681   0.5644
   6.500   0.8526   0.03542   0.02746  -0.1023   0.4591   0.5777
   7.000   0.9268   0.03525   0.02717  -0.1060   0.4518   0.5925
   7.500   0.9145   0.03831   0.03052  -0.0981   0.4429   0.6036
   8.000   0.9527   0.03954   0.03171  -0.0974   0.4348   0.6179
   8.500   1.0233   0.03947   0.03158  -0.1000   0.4281   0.6328
   9.000   0.9843   0.04434   0.03681  -0.0903   0.4187   0.6438
   9.500   1.0328   0.04498   0.03742  -0.0906   0.4118   0.6578
  10.000   1.0616   0.04696   0.03947  -0.0886   0.4049   0.6712
