  
       XFOIL         Version 6.99
  
 Calculated polar for: NACA 2732                                       
  
 1 1 Reynolds number fixed          Mach number fixed         
  
 xtrf =   1.000 (top)        1.000 (bottom)  
 Mach =   0.050     Re =     0.200 e 6     Ncrit =   9.000
  
   alpha    CL        CD       CDp       CM     Top_Xtr  Bot_Xtr
  ------ -------- --------- --------- -------- -------- --------
  -2.000   0.0211   0.01982   0.01155  -0.0645   0.6480   0.4489
  -1.500   0.0536   0.01981   0.01167  -0.0602   0.6306   0.4605
  -1.000   0.0989   0.01976   0.01150  -0.0584   0.6152   0.4738
  -0.500   0.1465   0.01976   0.01150  -0.0569   0.5997   0.4871
   0.000   0.1791   0.01976   0.01151  -0.0527   0.5847   0.5002
   0.500   0.2367   0.01989   0.01155  -0.0532   0.5707   0.5151
   1.000   0.2592   0.01985   0.01161  -0.0470   0.5566   0.5282
   1.500   0.3084   0.02005   0.01174  -0.0460   0.5435   0.5437
   2.000   0.3398   0.02010   0.01187  -0.0416   0.5303   0.5578
   2.500   0.3839   0.02039   0.01209  -0.0397   0.5178   0.5741
   3.000   0.4239   0.02058   0.01237  -0.0369   0.5053   0.5893
   3.500   0.4653   0.02097   0.01274  -0.0347   0.4933   0.6062
   4.000   0.5094   0.02130   0.01312  -0.0328   0.4815   0.6228
   4.500   0.5478   0.02181   0.01369  -0.0302   0.4699   0.6396
   5.000   0.5923   0.02223   0.01409  -0.0285   0.4588   0.6575
   5.500   0.6279   0.02287   0.01484  -0.0256   0.4478   0.6740
   6.000   0.6710   0.02337   0.01527  -0.0239   0.4372   0.6927
   6.500   0.7048   0.02410   0.01616  -0.0207   0.4268   0.7100
   7.000   0.7441   0.02464   0.01667  -0.0186   0.4166   0.7291
   7.500   0.7779   0.02548   0.01763  -0.0157   0.4068   0.7479
   8.000   0.8113   0.02614   0.01834  -0.0129   0.3970   0.7672
   8.500   0.8469   0.02707   0.01929  -0.0106   0.3877   0.7879
   9.000   0.8721   0.02795   0.02031  -0.0067   0.3783   0.8088
   9.500   0.9103   0.02879   0.02115  -0.0048   0.3697   0.8314
  10.000   0.9259   0.03013   0.02265  -0.0002   0.3605   0.8565
