  
       XFOIL         Version 6.99
  
 Calculated polar for: NACA 2630                                       
  
 1 1 Reynolds number fixed          Mach number fixed         
  
 xtrf =   1.000 (top)        1.000 (bottom)  
 Mach =   0.050     Re =     0.200 e 6     Ncrit =   9.000
  
   alpha    CL        CD       CDp       CM     Top_Xtr  Bot_Xtr
  ------ -------- --------- --------- -------- -------- --------
  -2.000   0.0163   0.01884   0.01088  -0.0602   0.6693   0.4487
  -1.500   0.0575   0.01880   0.01072  -0.0573   0.6520   0.4633
  -1.000   0.1104   0.01865   0.01061  -0.0567   0.6360   0.4781
  -0.500   0.1591   0.01854   0.01041  -0.0553   0.6197   0.4936
   0.000   0.1969   0.01861   0.01053  -0.0518   0.6032   0.5090
   0.500   0.2458   0.01864   0.01055  -0.0505   0.5881   0.5247
   1.000   0.2944   0.01872   0.01050  -0.0492   0.5731   0.5420
   1.500   0.3307   0.01886   0.01078  -0.0455   0.5580   0.5580
   2.000   0.3817   0.01901   0.01088  -0.0446   0.5444   0.5756
   2.500   0.4173   0.01919   0.01106  -0.0408   0.5303   0.5935
   3.000   0.4572   0.01939   0.01135  -0.0380   0.5171   0.6109
   3.500   0.5055   0.01956   0.01144  -0.0366   0.5042   0.6304
   4.000   0.5326   0.01989   0.01190  -0.0315   0.4913   0.6493
   4.500   0.5889   0.02016   0.01211  -0.0317   0.4793   0.6697
   5.000   0.6130   0.02062   0.01269  -0.0264   0.4669   0.6903
   5.500   0.6614   0.02103   0.01310  -0.0254   0.4555   0.7129
   6.000   0.6915   0.02152   0.01375  -0.0212   0.4436   0.7356
   6.500   0.7336   0.02205   0.01432  -0.0192   0.4326   0.7603
   7.000   0.7658   0.02261   0.01498  -0.0157   0.4215   0.7876
   7.500   0.8011   0.02331   0.01578  -0.0127   0.4109   0.8177
   8.000   0.8316   0.02396   0.01654  -0.0087   0.4005   0.8520
   8.500   0.8597   0.02490   0.01762  -0.0044   0.3904   0.8927
   9.000   0.9005   0.02587   0.01861  -0.0026   0.3801   0.9349
   9.500   0.9554   0.02753   0.02032  -0.0048   0.3689   0.9698
  10.000   1.0494   0.02867   0.02124  -0.0133   0.3576   0.9856
