  
       XFOIL         Version 6.99
  
 Calculated polar for: NACA 5726                                       
  
 1 1 Reynolds number fixed          Mach number fixed         
  
 xtrf =   1.000 (top)        1.000 (bottom)  
 Mach =   0.050     Re =     0.200 e 6     Ncrit =   9.000
  
   alpha    CL        CD       CDp       CM     Top_Xtr  Bot_Xtr
  ------ -------- --------- --------- -------- -------- --------
  -2.000   0.1511   0.02485   0.01758  -0.1262   0.7637   0.3765
  -1.000   0.2917   0.02260   0.01537  -0.1303   0.7456   0.4152
  -0.500   0.3549   0.02182   0.01468  -0.1313   0.7314   0.4342
   0.000   0.4538   0.02003   0.01287  -0.1382   0.7249   0.4572
   0.500   0.5277   0.01931   0.01213  -0.1411   0.7076   0.4784
   1.000   0.6052   0.01878   0.01151  -0.1448   0.6892   0.5005
   1.500   0.6752   0.01870   0.01130  -0.1473   0.6692   0.5224
   2.000   0.7339   0.01892   0.01151  -0.1478   0.6489   0.5430
   2.500   0.7870   0.01928   0.01187  -0.1473   0.6295   0.5629
   3.000   0.8400   0.01969   0.01223  -0.1468   0.6112   0.5834
   3.500   0.8951   0.02012   0.01256  -0.1468   0.5938   0.6048
   4.000   0.9408   0.02067   0.01311  -0.1449   0.5766   0.6241
   4.500   0.9739   0.02146   0.01397  -0.1410   0.5595   0.6418
   5.000   1.0180   0.02213   0.01462  -0.1391   0.5435   0.6615
   5.500   1.0699   0.02271   0.01508  -0.1385   0.5283   0.6814
   6.000   1.0979   0.02359   0.01606  -0.1338   0.5126   0.6979
   6.500   1.1351   0.02442   0.01691  -0.1309   0.4977   0.7160
   7.000   1.1829   0.02503   0.01741  -0.1299   0.4836   0.7350
   7.500   1.2102   0.02605   0.01850  -0.1256   0.4691   0.7538
   8.000   1.2442   0.02697   0.01947  -0.1225   0.4553   0.7722
   8.500   1.2898   0.02756   0.01996  -0.1211   0.4419   0.7913
   9.000   1.3066   0.02888   0.02147  -0.1156   0.4284   0.8101
   9.500   1.3399   0.02989   0.02251  -0.1127   0.4156   0.8307
  10.000   1.3731   0.03082   0.02342  -0.1098   0.4029   0.8538
