  
       XFOIL         Version 6.99
  
 Calculated polar for: NACA 9306                                       
  
 1 1 Reynolds number fixed          Mach number fixed         
  
 xtrf =   1.000 (top)        1.000 (bottom)  
 Mach =   0.050     Re =     0.200 e 6     Ncrit =   9.000
  
   alpha    CL        CD       CDp       CM     Top_Xtr  Bot_Xtr
  ------ -------- --------- --------- -------- -------- --------
  -2.000   0.6007   0.03580   0.03116  -0.1621   0.7131   0.0299
  -1.500   0.6817   0.03228   0.02698  -0.1692   0.6564   0.0318
  -1.000   0.7327   0.02830   0.02246  -0.1714   0.5893   0.0385
  -0.500   0.7986   0.02575   0.01919  -0.1747   0.5373   0.0493
   0.000   0.8649   0.02375   0.01650  -0.1773   0.5063   0.0598
   0.500   0.9274   0.02189   0.01411  -0.1792   0.4867   0.0739
   1.000   0.9880   0.02053   0.01224  -0.1805   0.4733   0.1061
   1.500   1.0487   0.01928   0.01047  -0.1815   0.4632   0.1302
   2.000   1.1131   0.01714   0.00750  -0.1817   0.4549   0.0831
   2.500   1.1679   0.01710   0.00730  -0.1819   0.4477   0.1231
   3.000   1.2220   0.01719   0.00749  -0.1822   0.4412   0.1805
   3.500   1.2732   0.01659   0.00776  -0.1818   0.4361   1.0000
   4.000   1.3262   0.01732   0.00836  -0.1817   0.4312   1.0000
   4.500   1.3783   0.01801   0.00901  -0.1816   0.4260   1.0000
   5.000   1.4317   0.01885   0.00977  -0.1818   0.4221   1.0000
   5.500   1.4839   0.01975   0.01086  -0.1818   0.4186   1.0000
   6.000   1.5343   0.02061   0.01194  -0.1815   0.4144   1.0000
   6.500   1.5858   0.02156   0.01308  -0.1814   0.4106   1.0000
   7.000   1.6335   0.02238   0.01419  -0.1806   0.4022   1.0000
   7.500   1.6621   0.02183   0.01367  -0.1757   0.3699   1.0000
   8.000   1.5776   0.00865   0.00102  -0.1498   0.2896   1.0000
   8.500   1.5201   0.01389   0.00518  -0.1346   0.0999   1.0000
   9.000   1.4781   0.02065   0.01187  -0.1240   0.0304   1.0000
   9.500   1.4544   0.02759   0.01926  -0.1172   0.0236   1.0000
  10.000   1.4277   0.03625   0.02839  -0.1120   0.0207   1.0000
