  
       XFOIL         Version 6.99
  
 Calculated polar for: NACA 6740                                       
  
 1 1 Reynolds number fixed          Mach number fixed         
  
 xtrf =   1.000 (top)        1.000 (bottom)  
 Mach =   0.050     Re =     0.200 e 6     Ncrit =   9.000
  
   alpha    CL        CD       CDp       CM     Top_Xtr  Bot_Xtr
  ------ -------- --------- --------- -------- -------- --------
  -2.000   0.0587   0.03059   0.02227  -0.1081   0.6262   0.3591
  -1.500   0.1080   0.03041   0.02214  -0.1083   0.6152   0.3670
  -1.000   0.1965   0.02979   0.02140  -0.1147   0.6075   0.3771
  -0.500   0.1950   0.03107   0.02265  -0.1073   0.5940   0.3838
   0.000   0.2848   0.03019   0.02178  -0.1136   0.5867   0.3942
   0.500   0.2820   0.03193   0.02362  -0.1061   0.5743   0.4017
   1.000   0.3501   0.03147   0.02305  -0.1093   0.5660   0.4120
   1.500   0.3931   0.03222   0.02387  -0.1087   0.5570   0.4213
   2.000   0.4168   0.03338   0.02500  -0.1055   0.5464   0.4306
   2.500   0.5048   0.03252   0.02407  -0.1115   0.5398   0.4425
   3.000   0.4916   0.03515   0.02691  -0.1031   0.5285   0.4505
   3.500   0.5522   0.03516   0.02677  -0.1053   0.5208   0.4621
   4.000   0.6233   0.03510   0.02673  -0.1087   0.5140   0.4745
   4.500   0.5989   0.03844   0.03027  -0.0995   0.5027   0.4827
   5.000   0.6781   0.03770   0.02942  -0.1040   0.4966   0.4963
   5.500   0.6732   0.04087   0.03280  -0.0977   0.4869   0.5055
   6.000   0.7014   0.04257   0.03447  -0.0960   0.4784   0.5171
   6.500   0.7936   0.04117   0.03300  -0.1018   0.4735   0.5325
   7.000   0.7163   0.04864   0.04085  -0.0881   0.4604   0.5384
   7.500   0.7941   0.04771   0.03976  -0.0922   0.4554   0.5541
   8.000   0.8969   0.04568   0.03764  -0.0987   0.4514   0.5711
   8.500   0.7687   0.05728   0.04973  -0.0816   0.4359   0.5743
   9.000   0.8735   0.05423   0.04651  -0.0877   0.4333   0.5924
  10.000   0.8319   0.06614   0.05875  -0.0776   0.4134   0.6128
