  
       XFOIL         Version 6.99
  
 Calculated polar for: NACA 2612                                       
  
 1 1 Reynolds number fixed          Mach number fixed         
  
 xtrf =   1.000 (top)        1.000 (bottom)  
 Mach =   0.050     Re =     0.200 e 6     Ncrit =   9.000
  
   alpha    CL        CD       CDp       CM     Top_Xtr  Bot_Xtr
  ------ -------- --------- --------- -------- -------- --------
  -2.000  -0.0354   0.01392   0.00765  -0.0615   0.9463   0.5506
  -1.500   0.0341   0.01365   0.00760  -0.0639   0.9346   0.6193
  -1.000   0.1156   0.01319   0.00737  -0.0685   0.9270   0.6867
  -0.500   0.1807   0.01270   0.00714  -0.0694   0.9135   0.7497
   0.000   0.2420   0.01212   0.00683  -0.0690   0.8995   0.8191
   0.500   0.3027   0.01153   0.00647  -0.0679   0.8848   0.9044
   1.000   0.3990   0.01096   0.00596  -0.0748   0.8707   0.9814
   1.500   0.4766   0.01040   0.00534  -0.0787   0.8493   1.0000
   2.000   0.5281   0.01010   0.00494  -0.0770   0.8187   1.0000
   2.500   0.5819   0.00991   0.00463  -0.0756   0.7823   1.0000
   3.000   0.6326   0.00993   0.00450  -0.0737   0.7342   1.0000
   3.500   0.6816   0.01016   0.00451  -0.0716   0.6752   1.0000
   4.000   0.7287   0.01063   0.00468  -0.0692   0.6088   1.0000
   4.500   0.7738   0.01129   0.00503  -0.0667   0.5415   1.0000
   5.000   0.8174   0.01206   0.00550  -0.0641   0.4735   1.0000
   5.500   0.8595   0.01292   0.00608  -0.0614   0.4023   1.0000
   6.000   0.8996   0.01396   0.00679  -0.0585   0.3259   1.0000
   6.500   0.9375   0.01525   0.00770  -0.0556   0.2459   1.0000
   7.000   0.9737   0.01681   0.00886  -0.0525   0.1737   1.0000
   7.500   1.0086   0.01855   0.01031  -0.0492   0.1273   1.0000
   8.000   1.0435   0.02029   0.01193  -0.0460   0.1010   1.0000
   8.500   1.0757   0.02232   0.01384  -0.0424   0.0847   1.0000
   9.000   1.1093   0.02432   0.01583  -0.0392   0.0734   1.0000
   9.500   1.1428   0.02606   0.01769  -0.0358   0.0654   1.0000
  10.000   1.1767   0.02835   0.02011  -0.0328   0.0588   1.0000
