  
       XFOIL         Version 6.99
  
 Calculated polar for: NACA 6806                                       
  
 1 1 Reynolds number fixed          Mach number fixed         
  
 xtrf =   1.000 (top)        1.000 (bottom)  
 Mach =   0.050     Re =     0.200 e 6     Ncrit =   9.000
  
   alpha    CL        CD       CDp       CM     Top_Xtr  Bot_Xtr
  ------ -------- --------- --------- -------- -------- --------
  -2.000   0.3364   0.02865   0.02201  -0.1938   1.0000   0.2425
  -1.500   0.4131   0.02919   0.02304  -0.1992   1.0000   0.4489
  -1.000   0.4721   0.02982   0.02389  -0.2001   1.0000   0.5691
  -0.500   0.5208   0.03049   0.02472  -0.1986   1.0000   0.6452
   0.000   0.5632   0.03120   0.02554  -0.1956   1.0000   0.6972
   0.500   0.6012   0.03195   0.02638  -0.1917   1.0000   0.7313
   1.000   0.6395   0.03275   0.02729  -0.1880   1.0000   0.7601
   1.500   0.6804   0.03361   0.02828  -0.1851   1.0000   0.7868
   2.000   0.7249   0.03453   0.02936  -0.1833   1.0000   0.8129
   2.500   0.7718   0.03554   0.03056  -0.1822   1.0000   0.8377
   3.000   0.8202   0.03672   0.03203  -0.1817   1.0000   0.8612
   3.500   1.0861   0.02025   0.01361  -0.2129   0.3884   0.8859
   4.000   1.1121   0.02440   0.01576  -0.2070   0.0451   0.9001
   4.500   1.1576   0.02663   0.01812  -0.2042   0.0333   0.9164
