  
       XFOIL         Version 6.99
  
 Calculated polar for: NACA 4222                                       
  
 1 1 Reynolds number fixed          Mach number fixed         
  
 xtrf =   1.000 (top)        1.000 (bottom)  
 Mach =   0.050     Re =     0.200 e 6     Ncrit =   9.000
  
   alpha    CL        CD       CDp       CM     Top_Xtr  Bot_Xtr
  ------ -------- --------- --------- -------- -------- --------
  -2.000   0.2024   0.01598   0.00720  -0.0657   0.6103   0.1926
  -1.500   0.2230   0.01421   0.00681  -0.0594   0.5871   0.5094
  -1.000   0.2623   0.01405   0.00692  -0.0555   0.5610   0.6197
  -0.500   0.3055   0.01412   0.00704  -0.0523   0.5337   0.6806
   0.000   0.3484   0.01431   0.00719  -0.0491   0.5059   0.7330
   0.500   0.3905   0.01460   0.00743  -0.0457   0.4770   0.7789
   1.000   0.4307   0.01501   0.00777  -0.0420   0.4471   0.8231
   1.500   0.4708   0.01564   0.00822  -0.0381   0.4202   0.8659
   2.000   0.5152   0.01639   0.00884  -0.0352   0.3964   0.9058
   2.500   0.5802   0.01749   0.00971  -0.0364   0.3761   0.9384
   3.000   0.6665   0.01860   0.01052  -0.0427   0.3596   0.9556
   3.500   0.7567   0.01951   0.01122  -0.0502   0.3463   0.9684
   4.000   0.8457   0.02039   0.01195  -0.0576   0.3367   0.9812
   4.500   0.9351   0.02117   0.01256  -0.0653   0.3288   0.9928
   5.000   1.0136   0.02197   0.01321  -0.0710   0.3225   1.0000
   5.500   1.0285   0.02233   0.01359  -0.0646   0.3182   1.0000
   6.000   1.0493   0.02281   0.01404  -0.0590   0.3144   1.0000
   6.500   1.0780   0.02341   0.01455  -0.0547   0.3109   1.0000
   7.000   1.1280   0.02449   0.01546  -0.0545   0.3070   1.0000
   7.500   1.1453   0.02516   0.01626  -0.0481   0.3042   1.0000
   8.000   1.1683   0.02598   0.01716  -0.0429   0.3010   1.0000
   8.500   1.1988   0.02693   0.01815  -0.0392   0.2979   1.0000
   9.000   1.2380   0.02797   0.01918  -0.0372   0.2950   1.0000
   9.500   1.2914   0.02920   0.02032  -0.0379   0.2917   1.0000
  10.000   1.3299   0.03088   0.02207  -0.0363   0.2888   1.0000
  -2.000   0.2024   0.01598   0.00720  -0.0657   0.6103   0.1926
  -1.500   0.2230   0.01421   0.00681  -0.0594   0.5871   0.5094
  -1.000   0.2623   0.01405   0.00692  -0.0555   0.5610   0.6197
  -0.500   0.3055   0.01412   0.00704  -0.0523   0.5337   0.6806
   0.000   0.3484   0.01431   0.00719  -0.0491   0.5059   0.7330
   0.500   0.3905   0.01460   0.00743  -0.0457   0.4770   0.7789
   1.000   0.4307   0.01501   0.00777  -0.0420   0.4471   0.8231
   1.500   0.4708   0.01564   0.00822  -0.0381   0.4202   0.8659
   2.000   0.5152   0.01639   0.00884  -0.0352   0.3964   0.9058
   2.500   0.5802   0.01749   0.00971  -0.0364   0.3761   0.9384
   3.000   0.6665   0.01860   0.01052  -0.0427   0.3596   0.9556
   3.500   0.7567   0.01951   0.01122  -0.0502   0.3463   0.9684
   4.000   0.8457   0.02039   0.01195  -0.0576   0.3367   0.9812
   4.500   0.9351   0.02117   0.01256  -0.0653   0.3288   0.9928
   5.000   1.0136   0.02197   0.01321  -0.0710   0.3225   1.0000
   5.500   1.0285   0.02233   0.01359  -0.0646   0.3182   1.0000
   6.000   1.0493   0.02281   0.01404  -0.0590   0.3144   1.0000
   6.500   1.0780   0.02341   0.01455  -0.0547   0.3109   1.0000
   7.000   1.1280   0.02449   0.01546  -0.0545   0.3070   1.0000
   7.500   1.1453   0.02516   0.01626  -0.0481   0.3042   1.0000
   8.000   1.1683   0.02598   0.01716  -0.0429   0.3010   1.0000
   8.500   1.1988   0.02693   0.01815  -0.0392   0.2979   1.0000
   9.000   1.2380   0.02797   0.01918  -0.0372   0.2950   1.0000
   9.500   1.2914   0.02920   0.02032  -0.0379   0.2917   1.0000
  10.000   1.3299   0.03088   0.02207  -0.0363   0.2888   1.0000
  -2.000   0.2024   0.01598   0.00720  -0.0657   0.6103   0.1926
  -1.500   0.2230   0.01421   0.00681  -0.0594   0.5871   0.5094
  -1.000   0.2623   0.01405   0.00692  -0.0555   0.5610   0.6197
  -0.500   0.3055   0.01412   0.00704  -0.0523   0.5337   0.6806
   0.000   0.3484   0.01431   0.00719  -0.0491   0.5059   0.7330
   0.500   0.3905   0.01460   0.00743  -0.0457   0.4770   0.7789
   1.000   0.4307   0.01501   0.00777  -0.0420   0.4471   0.8231
   1.500   0.4708   0.01564   0.00822  -0.0381   0.4202   0.8659
   2.000   0.5152   0.01639   0.00884  -0.0352   0.3964   0.9058
   2.500   0.5802   0.01749   0.00971  -0.0364   0.3761   0.9384
   3.000   0.6665   0.01860   0.01052  -0.0427   0.3596   0.9556
   3.500   0.7567   0.01951   0.01122  -0.0502   0.3463   0.9684
   4.000   0.8457   0.02039   0.01195  -0.0576   0.3367   0.9812
   4.500   0.9351   0.02117   0.01256  -0.0653   0.3288   0.9928
   5.000   1.0136   0.02197   0.01321  -0.0710   0.3225   1.0000
   5.500   1.0285   0.02233   0.01359  -0.0646   0.3182   1.0000
   6.000   1.0493   0.02281   0.01404  -0.0590   0.3144   1.0000
   6.500   1.0780   0.02341   0.01455  -0.0547   0.3109   1.0000
   7.000   1.1280   0.02449   0.01546  -0.0545   0.3070   1.0000
   7.500   1.1453   0.02516   0.01626  -0.0481   0.3042   1.0000
   8.000   1.1683   0.02598   0.01716  -0.0429   0.3010   1.0000
   8.500   1.1988   0.02693   0.01815  -0.0392   0.2979   1.0000
   9.000   1.2380   0.02797   0.01918  -0.0372   0.2950   1.0000
   9.500   1.2914   0.02920   0.02032  -0.0379   0.2917   1.0000
  10.000   1.3299   0.03088   0.02207  -0.0363   0.2888   1.0000
