  
       XFOIL         Version 6.99
  
 Calculated polar for: NACA 9526                                       
  
 1 1 Reynolds number fixed          Mach number fixed         
  
 xtrf =   1.000 (top)        1.000 (bottom)  
 Mach =   0.050     Re =     0.200 e 6     Ncrit =   9.000
  
   alpha    CL        CD       CDp       CM     Top_Xtr  Bot_Xtr
  ------ -------- --------- --------- -------- -------- --------
  -1.500   0.6164   0.02769   0.01942  -0.1958   0.6691   0.2296
  -1.000   0.7230   0.02602   0.01764  -0.2046   0.6669   0.2491
  -0.500   0.6884   0.02901   0.02086  -0.1910   0.6515   0.2554
   0.000   0.7879   0.02737   0.01914  -0.1982   0.6491   0.2772
   1.000   0.8513   0.02932   0.02119  -0.1921   0.6313   0.3092
   1.500   0.9579   0.02759   0.01936  -0.2005   0.6288   0.3380
   2.000   0.9120   0.03181   0.02370  -0.1860   0.6133   0.3457
   2.500   1.0124   0.02992   0.02180  -0.1931   0.6109   0.3781
   3.500   1.0636   0.03286   0.02492  -0.1859   0.5929   0.4248
   4.000   1.1719   0.03075   0.02278  -0.1942   0.5905   0.4684
   4.500   1.0153   0.04263   0.03500  -0.1677   0.5649   0.4591
   5.000   1.1510   0.03751   0.02991  -0.1778   0.5676   0.5189
   6.000   1.2505   0.03805   0.03083  -0.1777   0.5544   0.6438
   7.500   1.3650   0.04034   0.03345  -0.1725   0.5332   1.0000
   8.500   1.3916   0.04609   0.03917  -0.1647   0.5149   1.0000
   9.500   1.4296   0.05144   0.04450  -0.1588   0.4976   1.0000
