  
       XFOIL         Version 6.99
  
 Calculated polar for: NACA 3512                                       
  
 1 1 Reynolds number fixed          Mach number fixed         
  
 xtrf =   1.000 (top)        1.000 (bottom)  
 Mach =   0.050     Re =     0.200 e 6     Ncrit =   9.000
  
   alpha    CL        CD       CDp       CM     Top_Xtr  Bot_Xtr
  ------ -------- --------- --------- -------- -------- --------
  -2.000   0.1338   0.01348   0.00696  -0.0943   0.9043   0.4605
  -1.500   0.2033   0.01267   0.00650  -0.0963   0.8958   0.5562
  -1.000   0.2589   0.01202   0.00624  -0.0953   0.8814   0.6634
  -0.500   0.3092   0.01132   0.00604  -0.0926   0.8664   0.8075
   0.000   0.3954   0.01083   0.00572  -0.0971   0.8530   0.9844
   0.500   0.4610   0.01061   0.00532  -0.0987   0.8353   1.0000
   1.000   0.5162   0.01049   0.00503  -0.0980   0.8160   1.0000
   1.500   0.5682   0.01051   0.00493  -0.0967   0.7932   1.0000
   2.000   0.6219   0.01054   0.00484  -0.0957   0.7695   1.0000
   2.500   0.6747   0.01065   0.00484  -0.0945   0.7436   1.0000
   3.000   0.7282   0.01079   0.00486  -0.0935   0.7165   1.0000
   3.500   0.7798   0.01100   0.00498  -0.0921   0.6857   1.0000
   4.000   0.8304   0.01128   0.00516  -0.0906   0.6519   1.0000
   4.500   0.8791   0.01161   0.00542  -0.0887   0.6130   1.0000
   5.000   0.9270   0.01204   0.00570  -0.0867   0.5713   1.0000
   5.500   0.9725   0.01255   0.00611  -0.0845   0.5245   1.0000
   6.000   1.0159   0.01321   0.00662  -0.0819   0.4734   1.0000
   6.500   1.0566   0.01401   0.00726  -0.0790   0.4150   1.0000
   7.000   1.0930   0.01506   0.00807  -0.0755   0.3486   1.0000
   7.500   1.1244   0.01645   0.00912  -0.0714   0.2728   1.0000
   8.000   1.1496   0.01829   0.01054  -0.0667   0.1942   1.0000
   8.500   1.1694   0.02039   0.01228  -0.0612   0.1371   1.0000
   9.000   1.1875   0.02262   0.01431  -0.0557   0.1062   1.0000
   9.500   1.2079   0.02487   0.01654  -0.0508   0.0879   1.0000
  10.000   1.2281   0.02729   0.01899  -0.0464   0.0759   1.0000
