  
       XFOIL         Version 6.99
  
 Calculated polar for: NACA 3724                                       
  
 1 1 Reynolds number fixed          Mach number fixed         
  
 xtrf =   1.000 (top)        1.000 (bottom)  
 Mach =   0.050     Re =     0.200 e 6     Ncrit =   9.000
  
   alpha    CL        CD       CDp       CM     Top_Xtr  Bot_Xtr
  ------ -------- --------- --------- -------- -------- --------
  -2.000   0.0536   0.01804   0.01085  -0.0861   0.7894   0.4413
  -1.500   0.1281   0.01707   0.00995  -0.0889   0.7765   0.4639
  -1.000   0.2215   0.01606   0.00894  -0.0954   0.7638   0.4887
  -0.500   0.2836   0.01564   0.00855  -0.0960   0.7402   0.5108
   0.000   0.3508   0.01537   0.00827  -0.0977   0.7152   0.5335
   0.500   0.4192   0.01531   0.00813  -0.0998   0.6902   0.5565
   1.000   0.4808   0.01545   0.00819  -0.1006   0.6654   0.5790
   1.500   0.5360   0.01570   0.00838  -0.1001   0.6416   0.6010
   2.000   0.5862   0.01600   0.00864  -0.0987   0.6188   0.6227
   2.500   0.6328   0.01633   0.00894  -0.0967   0.5972   0.6443
   3.000   0.6765   0.01669   0.00927  -0.0941   0.5764   0.6660
   3.500   0.7183   0.01709   0.00963  -0.0911   0.5564   0.6877
   4.000   0.7600   0.01747   0.01004  -0.0881   0.5372   0.7079
   4.500   0.8026   0.01788   0.01043  -0.0854   0.5188   0.7285
   5.000   0.8466   0.01831   0.01082  -0.0830   0.5008   0.7495
   5.500   0.8889   0.01876   0.01123  -0.0804   0.4830   0.7710
   6.000   0.9226   0.01924   0.01180  -0.0764   0.4656   0.7932
   6.500   0.9589   0.01976   0.01237  -0.0729   0.4487   0.8166
   7.000   0.9956   0.02029   0.01292  -0.0695   0.4326   0.8417
   7.500   1.0317   0.02081   0.01342  -0.0659   0.4170   0.8705
   8.000   1.0556   0.02133   0.01407  -0.0602   0.4017   0.9082
   8.500   1.0916   0.02188   0.01473  -0.0575   0.3858   1.0000
   9.000   1.1350   0.02294   0.01568  -0.0572   0.3701   1.0000
   9.500   1.1749   0.02405   0.01665  -0.0559   0.3552   1.0000
  10.000   1.2091   0.02526   0.01775  -0.0537   0.3405   1.0000
