  
       XFOIL         Version 6.99
  
 Calculated polar for: NACA 3112                                       
  
 1 1 Reynolds number fixed          Mach number fixed         
  
 xtrf =   1.000 (top)        1.000 (bottom)  
 Mach =   0.050     Re =     0.200 e 6     Ncrit =   9.000
  
   alpha    CL        CD       CDp       CM     Top_Xtr  Bot_Xtr
  ------ -------- --------- --------- -------- -------- --------
  -1.500   0.1516   0.01601   0.00874  -0.0499   0.8122   0.1319
  -0.500   0.2677   0.01526   0.00713  -0.0445   0.7202   0.0648
   0.000   0.3174   0.01413   0.00587  -0.0424   0.6666   0.0681
   0.500   0.3655   0.01346   0.00502  -0.0403   0.6067   0.0741
   1.000   0.4137   0.01320   0.00433  -0.0384   0.5366   0.0857
   1.500   0.4521   0.01180   0.00400  -0.0354   0.4523   0.5851
   2.000   0.5414   0.01277   0.00474  -0.0416   0.2564   1.0000
   2.500   0.5814   0.01374   0.00520  -0.0388   0.2195   1.0000
   3.500   0.6691   0.01525   0.00626  -0.0344   0.1980   1.0000
   4.000   0.7147   0.01611   0.00693  -0.0327   0.1922   1.0000
   4.500   0.7623   0.01707   0.00775  -0.0313   0.1883   1.0000
   5.000   0.8114   0.01790   0.00856  -0.0302   0.1846   1.0000
   5.500   0.8609   0.01881   0.00941  -0.0292   0.1809   1.0000
   6.000   0.9112   0.01989   0.01043  -0.0285   0.1782   1.0000
   6.500   0.9627   0.02139   0.01186  -0.0282   0.1758   1.0000
   7.000   1.0136   0.02285   0.01342  -0.0277   0.1741   1.0000
   7.500   1.0634   0.02419   0.01493  -0.0271   0.1728   1.0000
   8.000   1.1119   0.02565   0.01658  -0.0263   0.1710   1.0000
   8.500   1.1592   0.02726   0.01840  -0.0255   0.1690   1.0000
   9.000   1.2053   0.02916   0.02054  -0.0247   0.1675   1.0000
   9.500   1.2495   0.03128   0.02291  -0.0237   0.1662   1.0000
  10.000   1.2909   0.03368   0.02560  -0.0224   0.1650   1.0000
