  
       XFOIL         Version 6.99
  
 Calculated polar for: NACA 9140                                       
  
 1 1 Reynolds number fixed          Mach number fixed         
  
 xtrf =   1.000 (top)        1.000 (bottom)  
 Mach =   0.050     Re =     0.200 e 6     Ncrit =   9.000
  
   alpha    CL        CD       CDp       CM     Top_Xtr  Bot_Xtr
  ------ -------- --------- --------- -------- -------- --------
  -2.000   0.2870   0.03979   0.02992  -0.0200   0.4600   0.0817
  -1.500   0.3466   0.03820   0.02803  -0.0213   0.4518   0.0947
  -1.000   0.3435   0.03816   0.02834  -0.0147   0.4427   0.1025
  -0.500   0.3873   0.03711   0.02733  -0.0141   0.4344   0.1115
   0.000   0.3976   0.03735   0.02780  -0.0092   0.4262   0.1166
   0.500   0.4057   0.03780   0.02829  -0.0040   0.4178   0.1207
   1.000   0.4434   0.03699   0.02751  -0.0023   0.4107   0.1253
   1.500   0.4198   0.03933   0.03001   0.0056   0.4017   0.1269
   2.000   0.4675   0.03835   0.02883   0.0058   0.3949   0.1313
   2.500   0.4449   0.04171   0.03232   0.0123   0.3857   0.1314
   3.000   0.4882   0.04224   0.03263   0.0123   0.3779   0.1263
   3.500   0.4741   0.04621   0.03671   0.0169   0.3681   0.1205
   4.000   0.5155   0.04712   0.03745   0.0167   0.3604   0.1116
   4.500   0.4994   0.05190   0.04236   0.0204   0.3512   0.1073
   5.000   0.5327   0.05345   0.04380   0.0204   0.3441   0.1013
   5.500   0.5181   0.05853   0.04898   0.0231   0.3349   0.0990
   6.000   0.5476   0.06032   0.05064   0.0229   0.3277   0.0974
   6.500   0.5202   0.06712   0.05757   0.0255   0.3176   0.0970
   7.000   0.5667   0.06771   0.05799   0.0240   0.3112   0.0943
   7.500   0.5231   0.07659   0.06704   0.0267   0.2995   0.0938
   8.000   0.5957   0.07471   0.06485   0.0238   0.2946   0.0923
   8.500   0.5485   0.08447   0.07480   0.0259   0.2820   0.0923
  10.000   0.5832   0.09728   0.08735   0.0236   0.2522   0.0981
