  
       XFOIL         Version 6.99
  
 Calculated polar for: NACA 7840                                       
  
 1 1 Reynolds number fixed          Mach number fixed         
  
 xtrf =   1.000 (top)        1.000 (bottom)  
 Mach =   0.050     Re =     0.200 e 6     Ncrit =   9.000
  
   alpha    CL        CD       CDp       CM     Top_Xtr  Bot_Xtr
  ------ -------- --------- --------- -------- -------- --------
  -2.000   0.1336   0.03205   0.02400  -0.1415   0.6375   0.3546
  -1.500   0.1795   0.03198   0.02398  -0.1415   0.6258   0.3623
  -1.000   0.2824   0.03117   0.02303  -0.1507   0.6179   0.3724
  -0.500   0.2861   0.03257   0.02445  -0.1445   0.6044   0.3792
   0.000   0.3560   0.03207   0.02399  -0.1480   0.5955   0.3886
   0.500   0.4032   0.03277   0.02471  -0.1483   0.5855   0.3976
   1.000   0.4443   0.03341   0.02528  -0.1481   0.5744   0.4067
   1.500   0.5288   0.03285   0.02470  -0.1538   0.5667   0.4172
   2.000   0.5354   0.03480   0.02679  -0.1479   0.5555   0.4255
   2.500   0.5935   0.03498   0.02689  -0.1501   0.5464   0.4360
   3.000   0.6820   0.03463   0.02647  -0.1565   0.5390   0.4478
   3.500   0.6647   0.03753   0.02958  -0.1473   0.5277   0.4556
   4.000   0.7308   0.03745   0.02944  -0.1505   0.5199   0.4670
   4.500   0.7842   0.03829   0.03031  -0.1516   0.5122   0.4782
   5.000   0.7811   0.04131   0.03346  -0.1453   0.5016   0.4871
   5.500   0.8522   0.04099   0.03310  -0.1489   0.4949   0.4998
   6.000   0.8709   0.04341   0.03566  -0.1456   0.4864   0.5100
   6.500   0.8775   0.04661   0.03893  -0.1414   0.4765   0.5199
   7.000   0.9552   0.04579   0.03807  -0.1455   0.4709   0.5338
   7.500   0.9132   0.05200   0.04460  -0.1356   0.4600   0.5410
   8.000   0.9498   0.05395   0.04651  -0.1356   0.4521   0.5534
   8.500   1.0373   0.05224   0.04472  -0.1403   0.4476   0.5684
   9.000   0.9046   0.06609   0.05911  -0.1238   0.4313   0.5703
   9.500   1.0012   0.06345   0.05630  -0.1291   0.4282   0.5873
  10.000   1.0995   0.06054   0.05326  -0.1342   0.4250   0.6030
