  
       XFOIL         Version 6.99
  
 Calculated polar for: NACA 3638                                       
  
 1 1 Reynolds number fixed          Mach number fixed         
  
 xtrf =   1.000 (top)        1.000 (bottom)  
 Mach =   0.050     Re =     0.200 e 6     Ncrit =   9.000
  
   alpha    CL        CD       CDp       CM     Top_Xtr  Bot_Xtr
  ------ -------- --------- --------- -------- -------- --------
  -2.000  -0.0320   0.02459   0.01611  -0.0541   0.6043   0.4078
  -1.500   0.0091   0.02451   0.01588  -0.0522   0.5936   0.4178
  -1.000   0.0321   0.02452   0.01596  -0.0470   0.5817   0.4264
  -0.500   0.0883   0.02451   0.01588  -0.0477   0.5716   0.4372
   0.000   0.0989   0.02481   0.01616  -0.0406   0.5601   0.4464
   0.500   0.1771   0.02461   0.01591  -0.0450   0.5507   0.4582
   1.000   0.1709   0.02539   0.01674  -0.0354   0.5396   0.4675
   1.500   0.2369   0.02514   0.01647  -0.0377   0.5306   0.4795
   2.000   0.2498   0.02599   0.01741  -0.0316   0.5204   0.4903
   2.500   0.2950   0.02608   0.01747  -0.0307   0.5111   0.5024
   3.000   0.3386   0.02660   0.01803  -0.0296   0.5023   0.5149
   3.500   0.3579   0.02738   0.01882  -0.0250   0.4925   0.5266
   4.000   0.4385   0.02713   0.01852  -0.0295   0.4848   0.5416
   4.500   0.4268   0.02885   0.02039  -0.0207   0.4751   0.5527
   5.000   0.4801   0.02895   0.02053  -0.0212   0.4672   0.5672
   5.500   0.5109   0.03006   0.02168  -0.0189   0.4590   0.5813
   6.000   0.5283   0.03127   0.02302  -0.0149   0.4500   0.5950
   6.500   0.6099   0.03090   0.02250  -0.0191   0.4435   0.6125
   7.000   0.5825   0.03387   0.02573  -0.0101   0.4339   0.6246
   7.500   0.6350   0.03408   0.02598  -0.0106   0.4269   0.6422
   8.000   0.6633   0.03566   0.02756  -0.0088   0.4195   0.6576
   8.500   0.6601   0.03821   0.03039  -0.0036   0.4106   0.6747
   9.000   0.7428   0.03734   0.02933  -0.0075   0.4053   0.6954
   9.500   0.6818   0.04334   0.03578   0.0025   0.3947   0.7104
  10.000   0.7431   0.04310   0.03550   0.0010   0.3890   0.7335
