  
       XFOIL         Version 6.99
  
 Calculated polar for: NACA 4836                                       
  
 1 1 Reynolds number fixed          Mach number fixed         
  
 xtrf =   1.000 (top)        1.000 (bottom)  
 Mach =   0.050     Re =     0.200 e 6     Ncrit =   9.000
  
   alpha    CL        CD       CDp       CM     Top_Xtr  Bot_Xtr
  ------ -------- --------- --------- -------- -------- --------
  -2.000   0.0845   0.02371   0.01553  -0.1001   0.6373   0.4062
  -1.500   0.1387   0.02366   0.01531  -0.1008   0.6240   0.4169
  -1.000   0.1810   0.02363   0.01538  -0.0990   0.6104   0.4268
  -0.500   0.2374   0.02374   0.01541  -0.0999   0.5980   0.4383
   0.000   0.2762   0.02379   0.01549  -0.0977   0.5849   0.4487
   0.500   0.3385   0.02397   0.01562  -0.0995   0.5734   0.4606
   1.000   0.3716   0.02423   0.01587  -0.0964   0.5608   0.4718
   1.500   0.4440   0.02432   0.01591  -0.0999   0.5500   0.4844
   2.000   0.4650   0.02495   0.01658  -0.0949   0.5381   0.4958
   2.500   0.5280   0.02498   0.01661  -0.0967   0.5278   0.5087
   3.000   0.5584   0.02574   0.01744  -0.0933   0.5168   0.5214
   3.500   0.6047   0.02601   0.01774  -0.0925   0.5065   0.5342
   4.000   0.6545   0.02665   0.01837  -0.0923   0.4967   0.5483
   4.500   0.6855   0.02732   0.01911  -0.0893   0.4862   0.5612
   5.000   0.7601   0.02756   0.01923  -0.0930   0.4770   0.5768
   5.500   0.7662   0.02888   0.02073  -0.0863   0.4672   0.5894
   6.000   0.8121   0.02942   0.02133  -0.0854   0.4584   0.6039
   6.500   0.8522   0.03048   0.02236  -0.0843   0.4494   0.6188
   7.000   0.8738   0.03168   0.02376  -0.0799   0.4402   0.6325
   7.500   0.9484   0.03189   0.02373  -0.0837   0.4321   0.6498
   8.000   0.9378   0.03418   0.02640  -0.0753   0.4232   0.6619
   8.500   0.9772   0.03520   0.02739  -0.0740   0.4152   0.6781
   9.000   1.0156   0.03639   0.02863  -0.0726   0.4074   0.6920
   9.500   1.0157   0.03903   0.03148  -0.0667   0.3987   0.7057
  10.000   1.0716   0.03942   0.03175  -0.0676   0.3917   0.7206
