  
       XFOIL         Version 6.99
  
 Calculated polar for: NACA 9522                                       
  
 1 1 Reynolds number fixed          Mach number fixed         
  
 xtrf =   1.000 (top)        1.000 (bottom)  
 Mach =   0.050     Re =     0.200 e 6     Ncrit =   9.000
  
   alpha    CL        CD       CDp       CM     Top_Xtr  Bot_Xtr
  ------ -------- --------- --------- -------- -------- --------
  -2.000   0.7178   0.02334   0.01525  -0.2263   0.7160   0.2038
  -1.500   0.7032   0.02490   0.01684  -0.2142   0.7014   0.2121
  -1.000   0.7988   0.02357   0.01548  -0.2215   0.6984   0.2349
  -0.500   0.8000   0.02538   0.01736  -0.2126   0.6851   0.2473
   0.000   0.8860   0.02426   0.01618  -0.2180   0.6811   0.2735
   0.500   0.9896   0.02306   0.01495  -0.2269   0.6779   0.3055
   1.000   0.9731   0.02517   0.01717  -0.2148   0.6639   0.3195
   1.500   1.0692   0.02396   0.01597  -0.2220   0.6603   0.3561
   2.000   1.0605   0.02618   0.01834  -0.2118   0.6471   0.3746
   2.500   1.1476   0.02518   0.01730  -0.2173   0.6427   0.4172
   3.000   1.1517   0.02719   0.01948  -0.2096   0.6309   0.4439
   3.500   1.2230   0.02660   0.01896  -0.2125   0.6250   0.4935
   4.000   1.3263   0.02521   0.01763  -0.2208   0.6211   0.5675
   5.000   1.3795   0.02617   0.01940  -0.2114   0.6032   1.0000
   5.500   1.3496   0.02979   0.02313  -0.1990   0.5893   1.0000
   6.000   1.4440   0.02849   0.02155  -0.2054   0.5851   1.0000
   6.500   1.4120   0.03264   0.02584  -0.1934   0.5712   1.0000
   7.000   1.5029   0.03120   0.02418  -0.1989   0.5669   1.0000
   7.500   1.4675   0.03597   0.02912  -0.1872   0.5528   1.0000
   8.000   1.5571   0.03431   0.02727  -0.1922   0.5486   1.0000
   9.000   1.6071   0.03781   0.03079  -0.1855   0.5302   1.0000
