  
       XFOIL         Version 6.99
  
 Calculated polar for: NACA 2832                                       
  
 1 1 Reynolds number fixed          Mach number fixed         
  
 xtrf =   1.000 (top)        1.000 (bottom)  
 Mach =   0.050     Re =     0.200 e 6     Ncrit =   9.000
  
   alpha    CL        CD       CDp       CM     Top_Xtr  Bot_Xtr
  ------ -------- --------- --------- -------- -------- --------
  -2.000   0.0258   0.01987   0.01172  -0.0695   0.6441   0.4530
  -1.500   0.0711   0.01989   0.01174  -0.0677   0.6277   0.4655
  -1.000   0.1241   0.01976   0.01150  -0.0674   0.6118   0.4788
  -0.500   0.1534   0.01979   0.01161  -0.0624   0.5960   0.4912
   0.000   0.2080   0.01979   0.01152  -0.0625   0.5815   0.5052
   0.500   0.2362   0.01979   0.01156  -0.0573   0.5668   0.5185
   1.000   0.2840   0.01987   0.01163  -0.0560   0.5530   0.5326
   1.500   0.3227   0.01996   0.01169  -0.0529   0.5393   0.5475
   2.000   0.3656   0.02014   0.01195  -0.0507   0.5260   0.5620
   2.500   0.4115   0.02033   0.01201  -0.0491   0.5132   0.5781
   3.000   0.4508   0.02067   0.01252  -0.0463   0.5005   0.5932
   3.500   0.5009   0.02090   0.01264  -0.0456   0.4884   0.6103
   4.000   0.5369   0.02141   0.01331  -0.0423   0.4763   0.6265
   4.500   0.5873   0.02171   0.01355  -0.0416   0.4648   0.6435
   5.000   0.6208   0.02235   0.01428  -0.0381   0.4533   0.6612
   5.500   0.6687   0.02276   0.01469  -0.0369   0.4425   0.6779
   6.000   0.7011   0.02348   0.01550  -0.0335   0.4316   0.6962
   6.500   0.7442   0.02405   0.01609  -0.0316   0.4212   0.7135
   7.000   0.7758   0.02491   0.01707  -0.0282   0.4110   0.7306
   7.500   0.8142   0.02564   0.01776  -0.0259   0.4010   0.7495
   8.000   0.8458   0.02663   0.01887  -0.0224   0.3915   0.7651
   8.500   0.8765   0.02753   0.01980  -0.0192   0.3819   0.7832
   9.000   0.9123   0.02853   0.02082  -0.0167   0.3729   0.8009
   9.500   0.9311   0.02971   0.02213  -0.0120   0.3637   0.8176
  10.000   0.9747   0.03049   0.02282  -0.0108   0.3552   0.8358
