  
       XFOIL         Version 6.99
  
 Calculated polar for: NACA 6822                                       
  
 1 1 Reynolds number fixed          Mach number fixed         
  
 xtrf =   1.000 (top)        1.000 (bottom)  
 Mach =   0.050     Re =     0.200 e 6     Ncrit =   9.000
  
   alpha    CL        CD       CDp       CM     Top_Xtr  Bot_Xtr
  ------ -------- --------- --------- -------- -------- --------
  -2.000   0.2562   0.03078   0.02400  -0.1733   0.8293   0.3678
  -1.500   0.3226   0.02997   0.02328  -0.1753   0.8163   0.3909
  -1.000   0.3932   0.02905   0.02244  -0.1778   0.8053   0.4151
  -0.500   0.4723   0.02763   0.02109  -0.1814   0.7993   0.4409
   0.000   0.5433   0.02652   0.02006  -0.1837   0.7880   0.4659
   0.500   0.6309   0.02472   0.01831  -0.1887   0.7815   0.4932
   1.000   0.7142   0.02333   0.01696  -0.1931   0.7671   0.5196
   1.500   0.8071   0.02186   0.01546  -0.1993   0.7507   0.5469
   2.000   0.8959   0.02089   0.01444  -0.2050   0.7291   0.5728
   2.500   0.9708   0.02059   0.01406  -0.2081   0.7038   0.5961
   3.000   1.0346   0.02071   0.01408  -0.2091   0.6781   0.6173
   3.500   1.0907   0.02109   0.01435  -0.2088   0.6529   0.6377
   4.000   1.1361   0.02175   0.01494  -0.2066   0.6280   0.6578
   4.500   1.1739   0.02248   0.01565  -0.2026   0.6045   0.6738
   5.000   1.2130   0.02322   0.01635  -0.1990   0.5819   0.6894
   5.500   1.2550   0.02402   0.01706  -0.1963   0.5598   0.7077
   6.000   1.2852   0.02486   0.01789  -0.1909   0.5389   0.7191
   6.500   1.3192   0.02579   0.01881  -0.1868   0.5179   0.7345
   7.000   1.3484   0.02680   0.01983  -0.1817   0.4978   0.7486
   7.500   1.3779   0.02779   0.02084  -0.1767   0.4782   0.7612
   8.000   1.4109   0.02889   0.02192  -0.1729   0.4586   0.7765
   8.500   1.4404   0.03002   0.02304  -0.1684   0.4398   0.7905
   9.000   1.4689   0.03115   0.02414  -0.1638   0.4215   0.8036
   9.500   1.4974   0.03241   0.02536  -0.1595   0.4034   0.8173
