  
       XFOIL         Version 6.99
  
 Calculated polar for: NACA 5326                                       
  
 1 1 Reynolds number fixed          Mach number fixed         
  
 xtrf =   1.000 (top)        1.000 (bottom)  
 Mach =   0.050     Re =     0.200 e 6     Ncrit =   9.000
  
   alpha    CL        CD       CDp       CM     Top_Xtr  Bot_Xtr
  ------ -------- --------- --------- -------- -------- --------
  -2.000   0.2727   0.01835   0.00920  -0.0885   0.5429   0.2614
  -1.500   0.3128   0.01806   0.00892  -0.0857   0.5266   0.2932
  -1.000   0.3469   0.01737   0.00875  -0.0821   0.5124   0.4010
  -0.500   0.3771   0.01707   0.00909  -0.0771   0.4991   0.5712
   0.000   0.4236   0.01733   0.00939  -0.0751   0.4875   0.6462
   0.500   0.4658   0.01760   0.00978  -0.0722   0.4770   0.6974
   1.000   0.5193   0.01806   0.01022  -0.0715   0.4683   0.7441
   1.500   0.5591   0.01842   0.01071  -0.0682   0.4598   0.7868
   2.000   0.6098   0.01890   0.01116  -0.0668   0.4525   0.8265
   2.500   0.6579   0.01959   0.01188  -0.0650   0.4462   0.8687
   3.000   0.7044   0.02029   0.01263  -0.0629   0.4397   0.9056
   3.500   0.7716   0.02113   0.01333  -0.0649   0.4334   0.9382
   4.000   0.8683   0.02248   0.01454  -0.0732   0.4275   0.9586
   4.500   0.9602   0.02363   0.01569  -0.0814   0.4211   0.9751
   5.000   1.0583   0.02444   0.01635  -0.0908   0.4152   0.9853
   5.500   1.1577   0.02549   0.01719  -0.1006   0.4101   0.9940
   6.000   1.1774   0.02614   0.01798  -0.0961   0.4059   1.0000
   6.500   1.1540   0.02650   0.01840  -0.0829   0.4021   1.0000
   7.000   1.1593   0.02705   0.01894  -0.0748   0.3984   1.0000
   7.500   1.2012   0.02770   0.01945  -0.0731   0.3945   1.0000
   8.000   1.2348   0.02891   0.02061  -0.0704   0.3904   1.0000
   8.500   1.2237   0.03041   0.02230  -0.0607   0.3865   1.0000
   9.000   1.2310   0.03212   0.02413  -0.0546   0.3821   1.0000
   9.500   1.2670   0.03323   0.02521  -0.0529   0.3778   1.0000
  10.000   1.3378   0.03405   0.02586  -0.0562   0.3741   1.0000
