  
       XFOIL         Version 6.99
  
 Calculated polar for: NACA 6710                                       
  
 1 1 Reynolds number fixed          Mach number fixed         
  
 xtrf =   1.000 (top)        1.000 (bottom)  
 Mach =   0.050     Re =     0.200 e 6     Ncrit =   9.000
  
   alpha    CL        CD       CDp       CM     Top_Xtr  Bot_Xtr
  ------ -------- --------- --------- -------- -------- --------
  -2.000   0.1756   0.02941   0.02239  -0.1551   0.9982   0.1844
  -1.500   0.2542   0.03043   0.02366  -0.1609   0.9956   0.2746
  -1.000   0.3250   0.03143   0.02492  -0.1652   0.9887   0.3642
  -0.500   0.4027   0.03255   0.02624  -0.1704   0.9772   0.4543
   0.000   0.5075   0.03282   0.02672  -0.1795   0.9504   0.5468
   0.500   0.5897   0.03310   0.02716  -0.1842   0.9355   0.6157
   1.000   0.6596   0.03321   0.02739  -0.1865   0.9217   0.6654
   1.500   0.7256   0.03314   0.02742  -0.1879   0.9083   0.7060
   2.000   0.7910   0.03283   0.02722  -0.1893   0.8951   0.7424
   2.500   0.8566   0.03223   0.02678  -0.1906   0.8820   0.7761
   3.000   0.9236   0.03133   0.02608  -0.1920   0.8690   0.8105
   3.500   0.9913   0.03001   0.02497  -0.1933   0.8560   0.8466
   4.000   1.0558   0.02791   0.02320  -0.1932   0.8420   0.9127
   4.500   1.1386   0.02475   0.02021  -0.1959   0.8249   1.0000
   5.500   1.2342   0.02111   0.01679  -0.1887   0.7162   1.0000
   6.000   1.3485   0.01767   0.01191  -0.1956   0.5132   1.0000
   6.500   1.3485   0.02052   0.01396  -0.1854   0.3739   1.0000
   7.000   1.3472   0.02417   0.01646  -0.1759   0.1970   1.0000
   7.500   1.3585   0.02770   0.01920  -0.1689   0.0947   1.0000
   8.000   1.3784   0.03053   0.02191  -0.1631   0.0701   1.0000
   8.500   1.4011   0.03325   0.02468  -0.1578   0.0578   1.0000
   9.000   1.4256   0.03606   0.02750  -0.1530   0.0497   1.0000
   9.500   1.4564   0.03865   0.03027  -0.1490   0.0438   1.0000
  10.000   1.4998   0.04206   0.03370  -0.1469   0.0390   1.0000
