  
       XFOIL         Version 6.99
  
 Calculated polar for: NACA 9022                                       
  
 1 1 Reynolds number fixed          Mach number fixed         
  
 xtrf =   1.000 (top)        1.000 (bottom)  
 Mach =   0.050     Re =     0.200 e 6     Ncrit =   9.000
  
   alpha    CL        CD       CDp       CM     Top_Xtr  Bot_Xtr
  ------ -------- --------- --------- -------- -------- --------
  -2.000   0.5749   0.01492   0.00806  -0.0429   0.5421   0.8249
  -1.500   0.6237   0.01527   0.00842  -0.0409   0.5229   0.8661
  -1.000   0.6758   0.01574   0.00885  -0.0396   0.5034   0.9051
  -0.500   0.7393   0.01635   0.00939  -0.0408   0.4831   0.9365
   0.000   0.8143   0.01704   0.01000  -0.0449   0.4618   0.9606
   0.500   0.9027   0.01775   0.01064  -0.0523   0.4392   0.9768
   1.000   0.9928   0.01844   0.01126  -0.0605   0.4163   0.9916
   1.500   1.0569   0.01896   0.01170  -0.0640   0.3960   1.0002
   2.000   1.0638   0.01930   0.01189  -0.0562   0.3817   1.0002
   2.500   1.0641   0.01963   0.01220  -0.0469   0.3675   1.0002
   3.000   1.0670   0.02009   0.01264  -0.0381   0.3535   1.0002
   3.500   1.0848   0.02081   0.01327  -0.0324   0.3387   1.0002
   4.000   1.1089   0.02171   0.01408  -0.0283   0.3238   1.0002
   4.500   1.1357   0.02275   0.01502  -0.0250   0.3087   1.0002
   5.000   1.1565   0.02397   0.01630  -0.0211   0.2940   1.0002
   5.500   1.1795   0.02540   0.01775  -0.0181   0.2796   1.0002
   6.000   1.2026   0.02702   0.01936  -0.0155   0.2657   1.0002
   6.500   1.2248   0.02882   0.02113  -0.0132   0.2525   1.0002
   7.000   1.2470   0.03077   0.02301  -0.0112   0.2398   1.0002
   7.500   1.2631   0.03311   0.02542  -0.0090   0.2276   1.0002
   8.000   1.2781   0.03575   0.02814  -0.0072   0.2159   1.0002
   8.500   1.2939   0.03853   0.03093  -0.0058   0.2051   1.0002
   9.000   1.3107   0.04136   0.03371  -0.0048   0.1948   1.0002
   9.500   1.3195   0.04498   0.03745  -0.0038   0.1851   1.0002
  10.000   1.3295   0.04875   0.04131  -0.0032   0.1759   1.0002
  -2.000   0.5749   0.01492   0.00806  -0.0429   0.5421   0.8249
  -1.500   0.6237   0.01527   0.00842  -0.0409   0.5229   0.8661
  -1.000   0.6758   0.01574   0.00885  -0.0396   0.5034   0.9051
  -0.500   0.7393   0.01635   0.00939  -0.0408   0.4831   0.9365
   0.000   0.8143   0.01704   0.01000  -0.0449   0.4618   0.9606
   0.500   0.9027   0.01775   0.01064  -0.0523   0.4392   0.9768
   1.000   0.9928   0.01844   0.01126  -0.0605   0.4163   0.9916
   1.500   1.0569   0.01896   0.01170  -0.0640   0.3960   1.0002
   2.000   1.0638   0.01930   0.01189  -0.0562   0.3817   1.0002
   2.500   1.0641   0.01963   0.01220  -0.0469   0.3675   1.0002
   3.000   1.0670   0.02009   0.01264  -0.0381   0.3535   1.0002
   3.500   1.0848   0.02081   0.01327  -0.0324   0.3387   1.0002
   4.000   1.1089   0.02171   0.01408  -0.0283   0.3238   1.0002
   4.500   1.1357   0.02275   0.01502  -0.0250   0.3087   1.0002
   5.000   1.1565   0.02397   0.01630  -0.0211   0.2940   1.0002
   5.500   1.1795   0.02540   0.01775  -0.0181   0.2796   1.0002
   6.000   1.2026   0.02702   0.01936  -0.0155   0.2657   1.0002
   6.500   1.2248   0.02882   0.02113  -0.0132   0.2525   1.0002
   7.000   1.2470   0.03077   0.02301  -0.0112   0.2398   1.0002
   7.500   1.2631   0.03311   0.02542  -0.0090   0.2276   1.0002
   8.000   1.2781   0.03575   0.02814  -0.0072   0.2159   1.0002
   8.500   1.2939   0.03853   0.03093  -0.0058   0.2051   1.0002
   9.000   1.3107   0.04136   0.03371  -0.0048   0.1948   1.0002
   9.500   1.3195   0.04498   0.03745  -0.0038   0.1851   1.0002
  10.000   1.3295   0.04875   0.04131  -0.0032   0.1759   1.0002
