  
       XFOIL         Version 6.99
  
 Calculated polar for: NACA 3536                                       
  
 1 1 Reynolds number fixed          Mach number fixed         
  
 xtrf =   1.000 (top)        1.000 (bottom)  
 Mach =   0.050     Re =     0.200 e 6     Ncrit =   9.000
  
   alpha    CL        CD       CDp       CM     Top_Xtr  Bot_Xtr
  ------ -------- --------- --------- -------- -------- --------
  -2.000   0.0438   0.02363   0.01501  -0.0621   0.6012   0.4072
  -1.500   0.0748   0.02350   0.01493  -0.0578   0.5905   0.4175
  -1.000   0.1189   0.02346   0.01473  -0.0562   0.5812   0.4293
  -0.500   0.1229   0.02345   0.01490  -0.0471   0.5704   0.4389
   0.000   0.1981   0.02335   0.01454  -0.0511   0.5616   0.4531
   0.500   0.1878   0.02365   0.01512  -0.0398   0.5512   0.4631
   1.000   0.2404   0.02359   0.01494  -0.0396   0.5422   0.4774
   1.500   0.2682   0.02398   0.01546  -0.0355   0.5329   0.4902
   2.000   0.3006   0.02429   0.01576  -0.0321   0.5233   0.5045
   2.500   0.3661   0.02424   0.01568  -0.0343   0.5153   0.5208
   3.000   0.3671   0.02520   0.01677  -0.0261   0.5052   0.5347
   3.500   0.4326   0.02499   0.01654  -0.0282   0.4975   0.5527
   4.000   0.4422   0.02617   0.01781  -0.0220   0.4882   0.5685
   4.500   0.4844   0.02643   0.01817  -0.0206   0.4797   0.5874
   5.000   0.5375   0.02679   0.01850  -0.0210   0.4722   0.6082
   5.500   0.5386   0.02826   0.02020  -0.0142   0.4626   0.6271
   6.000   0.6100   0.02796   0.01986  -0.0170   0.4559   0.6519
   6.500   0.6002   0.03019   0.02231  -0.0095   0.4466   0.6733
   7.000   0.6445   0.03061   0.02281  -0.0087   0.4390   0.7012
   7.500   0.6874   0.03134   0.02367  -0.0079   0.4321   0.7311
   8.000   0.6757   0.03396   0.02659  -0.0009   0.4226   0.7610
   8.500   0.7505   0.03327   0.02587  -0.0032   0.4171   0.8005
   9.000   0.6993   0.03815   0.03121   0.0073   0.4067   0.8391
   9.500   0.7499   0.03827   0.03138   0.0082   0.4007   0.8870
  10.000   0.7499   0.04213   0.03544   0.0123   0.3923   0.9330
