  
       XFOIL         Version 6.99
  
 Calculated polar for: NACA 1132                                       
  
 1 1 Reynolds number fixed          Mach number fixed         
  
 xtrf =   1.000 (top)        1.000 (bottom)  
 Mach =   0.050     Re =     0.200 e 6     Ncrit =   9.000
  
   alpha    CL        CD       CDp       CM     Top_Xtr  Bot_Xtr
  ------ -------- --------- --------- -------- -------- --------
  -2.000  -0.0969   0.01981   0.01148  -0.0145   0.5876   0.5016
  -1.500  -0.0588   0.01980   0.01158  -0.0112   0.5720   0.5145
  -1.000  -0.0125   0.01974   0.01142  -0.0096   0.5580   0.5282
  -0.500   0.0240   0.01974   0.01146  -0.0059   0.5435   0.5424
   0.000   0.0696   0.01976   0.01148  -0.0041   0.5299   0.5565
   0.500   0.1066   0.01978   0.01144  -0.0006   0.5165   0.5720
   1.000   0.1509   0.01988   0.01164   0.0014   0.5032   0.5868
   1.500   0.1923   0.01991   0.01156   0.0041   0.4907   0.6033
   2.000   0.2299   0.02010   0.01189   0.0073   0.4781   0.6194
   2.500   0.2781   0.02020   0.01193   0.0086   0.4661   0.6365
   3.000   0.3041   0.02041   0.01220   0.0139   0.4543   0.6543
   3.500   0.3580   0.02064   0.01241   0.0141   0.4427   0.6724
   4.000   0.3752   0.02081   0.01275   0.0209   0.4317   0.6906
   4.500   0.4243   0.02110   0.01289   0.0219   0.4207   0.7113
   5.000   0.4426   0.02152   0.01359   0.0282   0.4099   0.7308
   5.500   0.4967   0.02191   0.01387   0.0283   0.3991   0.7513
   6.000   0.5108   0.02255   0.01473   0.0348   0.3887   0.7735
   6.500   0.5588   0.02303   0.01508   0.0358   0.3784   0.7966
   7.000   0.5738   0.02394   0.01625   0.0417   0.3681   0.8197
   7.500   0.6190   0.02463   0.01689   0.0431   0.3582   0.8415
   8.000   0.6333   0.02582   0.01828   0.0487   0.3483   0.8656
   8.500   0.6760   0.02673   0.01910   0.0502   0.3391   0.8876
   9.500   0.7386   0.02967   0.02210   0.0547   0.3202   0.9311
  10.000   0.7793   0.03183   0.02434   0.0537   0.3100   0.9473
  -2.000  -0.0969   0.01981   0.01148  -0.0145   0.5876   0.5016
  -1.500  -0.0588   0.01980   0.01158  -0.0112   0.5720   0.5145
  -1.000  -0.0125   0.01974   0.01142  -0.0096   0.5580   0.5282
  -0.500   0.0240   0.01974   0.01146  -0.0059   0.5435   0.5424
   0.000   0.0696   0.01976   0.01148  -0.0041   0.5299   0.5565
   0.500   0.1066   0.01978   0.01144  -0.0006   0.5165   0.5720
   1.000   0.1509   0.01988   0.01164   0.0014   0.5032   0.5868
   1.500   0.1923   0.01991   0.01156   0.0041   0.4907   0.6033
   2.000   0.2299   0.02010   0.01189   0.0073   0.4781   0.6194
   2.500   0.2781   0.02020   0.01193   0.0086   0.4661   0.6365
   3.000   0.3041   0.02041   0.01220   0.0139   0.4543   0.6543
   3.500   0.3580   0.02064   0.01241   0.0141   0.4427   0.6724
   4.000   0.3752   0.02081   0.01275   0.0209   0.4317   0.6906
   4.500   0.4243   0.02110   0.01289   0.0219   0.4207   0.7113
   5.000   0.4426   0.02152   0.01359   0.0282   0.4099   0.7308
   5.500   0.4967   0.02191   0.01387   0.0283   0.3991   0.7513
   6.000   0.5108   0.02255   0.01473   0.0348   0.3887   0.7735
   6.500   0.5588   0.02303   0.01508   0.0358   0.3784   0.7966
   7.000   0.5738   0.02394   0.01625   0.0417   0.3681   0.8197
   7.500   0.6190   0.02463   0.01689   0.0431   0.3582   0.8415
   8.000   0.6333   0.02582   0.01828   0.0487   0.3483   0.8656
   8.500   0.6760   0.02673   0.01910   0.0502   0.3391   0.8876
   9.500   0.7386   0.02967   0.02210   0.0547   0.3202   0.9311
  10.000   0.7793   0.03183   0.02434   0.0537   0.3100   0.9473
