  
       XFOIL         Version 6.99
  
 Calculated polar for: NACA 1418                                       
  
 1 1 Reynolds number fixed          Mach number fixed         
  
 xtrf =   1.000 (top)        1.000 (bottom)  
 Mach =   0.050     Re =     0.200 e 6     Ncrit =   9.000
  
   alpha    CL        CD       CDp       CM     Top_Xtr  Bot_Xtr
  ------ -------- --------- --------- -------- -------- --------
  -2.000  -0.0981   0.01257   0.00606  -0.0304   0.8153   0.5740
  -1.500  -0.0471   0.01231   0.00589  -0.0286   0.7882   0.6178
  -1.000   0.0052   0.01212   0.00575  -0.0269   0.7614   0.6611
  -0.500   0.0585   0.01202   0.00566  -0.0254   0.7353   0.7032
   0.000   0.1098   0.01201   0.00573  -0.0236   0.7066   0.7434
   0.500   0.1623   0.01209   0.00583  -0.0219   0.6792   0.7817
   1.000   0.2156   0.01228   0.00597  -0.0203   0.6532   0.8182
   1.500   0.2669   0.01255   0.00621  -0.0184   0.6269   0.8537
   2.000   0.3239   0.01294   0.00657  -0.0174   0.6005   0.8816
   2.500   0.3837   0.01340   0.00693  -0.0172   0.5750   0.9074
   3.000   0.4502   0.01393   0.00729  -0.0185   0.5498   0.9293
   3.500   0.5302   0.01444   0.00774  -0.0229   0.5219   0.9444
   4.000   0.6157   0.01490   0.00807  -0.0287   0.4934   0.9577
   4.500   0.6990   0.01532   0.00836  -0.0344   0.4652   0.9721
   5.000   0.7819   0.01564   0.00862  -0.0402   0.4352   0.9856
   5.500   0.8656   0.01598   0.00883  -0.0464   0.4052   0.9976
   6.000   0.9093   0.01624   0.00906  -0.0450   0.3794   1.0000
   6.500   0.9389   0.01661   0.00933  -0.0406   0.3562   1.0000
   7.000   0.9657   0.01711   0.00971  -0.0357   0.3336   1.0000
   7.500   0.9899   0.01762   0.01020  -0.0301   0.3109   1.0000
   8.000   1.0116   0.01822   0.01076  -0.0241   0.2889   1.0000
   8.500   1.0309   0.01892   0.01138  -0.0176   0.2679   1.0000
   9.000   1.0482   0.01974   0.01211  -0.0109   0.2481   1.0000
   9.500   1.0615   0.02066   0.01294  -0.0037   0.2299   1.0000
  10.000   1.0781   0.02181   0.01401   0.0024   0.2121   1.0000
