  
       XFOIL         Version 6.99
  
 Calculated polar for: NACA 6638                                       
  
 1 1 Reynolds number fixed          Mach number fixed         
  
 xtrf =   1.000 (top)        1.000 (bottom)  
 Mach =   0.050     Re =     0.200 e 6     Ncrit =   9.000
  
   alpha    CL        CD       CDp       CM     Top_Xtr  Bot_Xtr
  ------ -------- --------- --------- -------- -------- --------
  -2.000   0.0431   0.03049   0.02217  -0.0950   0.6304   0.3432
  -1.000   0.1409   0.03034   0.02203  -0.0948   0.6112   0.3613
   0.000   0.2332   0.03070   0.02237  -0.0940   0.5919   0.3804
   0.500   0.3448   0.02905   0.02046  -0.1032   0.5871   0.3943
   1.000   0.3169   0.03167   0.02333  -0.0922   0.5725   0.4007
   1.500   0.4189   0.03035   0.02179  -0.0998   0.5673   0.4150
   2.500   0.4821   0.03219   0.02376  -0.0952   0.5479   0.4364
   3.000   0.4655   0.03536   0.02697  -0.0870   0.5352   0.4443
   3.500   0.5357   0.03478   0.02646  -0.0899   0.5288   0.4586
   4.000   0.6454   0.03323   0.02466  -0.0983   0.5241   0.4757
   4.500   0.5804   0.03824   0.03003  -0.0841   0.5100   0.4821
   5.000   0.6773   0.03676   0.02839  -0.0904   0.5057   0.4996
   5.500   0.6164   0.04279   0.03467  -0.0782   0.4913   0.5062
   6.000   0.7031   0.04134   0.03321  -0.0828   0.4872   0.5240
   7.000   0.7172   0.04746   0.03955  -0.0751   0.4683   0.5489
   7.500   0.8226   0.04499   0.03685  -0.0816   0.4654   0.5689
   8.500   0.7483   0.05770   0.05006  -0.0666   0.4418   0.5896
   9.500   0.7717   0.06498   0.05750  -0.0625   0.4247   0.6183
  10.000   0.9103   0.05866   0.05097  -0.0705   0.4257   0.6447
