  
       XFOIL         Version 6.99
  
 Calculated polar for: NACA 3418                                       
  
 1 1 Reynolds number fixed          Mach number fixed         
  
 xtrf =   1.000 (top)        1.000 (bottom)  
 Mach =   0.050     Re =     0.200 e 6     Ncrit =   9.000
  
   alpha    CL        CD       CDp       CM     Top_Xtr  Bot_Xtr
  ------ -------- --------- --------- -------- -------- --------
  -2.000   0.1308   0.01328   0.00607  -0.0788   0.7583   0.4339
  -1.500   0.1807   0.01284   0.00591  -0.0772   0.7360   0.5112
  -1.000   0.2301   0.01253   0.00585  -0.0753   0.7138   0.6043
  -0.500   0.2797   0.01237   0.00589  -0.0732   0.6924   0.6911
   0.000   0.3296   0.01235   0.00601  -0.0710   0.6716   0.7665
   0.500   0.3801   0.01249   0.00621  -0.0687   0.6518   0.8324
   1.000   0.4343   0.01279   0.00649  -0.0671   0.6329   0.8880
   1.500   0.4984   0.01322   0.00680  -0.0677   0.6146   0.9309
   2.000   0.5842   0.01370   0.00713  -0.0732   0.5962   0.9564
   2.500   0.6783   0.01412   0.00738  -0.0808   0.5779   0.9765
   3.500   0.8428   0.01465   0.00761  -0.0926   0.5437   1.0000
   4.000   0.8777   0.01487   0.00780  -0.0891   0.5286   1.0000
   4.500   0.9141   0.01521   0.00810  -0.0857   0.5139   1.0000
   5.000   0.9526   0.01560   0.00841  -0.0826   0.4996   1.0000
   5.500   0.9941   0.01604   0.00870  -0.0799   0.4852   1.0000
   6.000   1.0297   0.01642   0.00911  -0.0760   0.4700   1.0000
   6.500   1.0671   0.01688   0.00957  -0.0726   0.4546   1.0000
   7.000   1.1058   0.01738   0.01004  -0.0694   0.4391   1.0000
   7.500   1.1449   0.01788   0.01051  -0.0663   0.4234   1.0000
   8.000   1.1832   0.01841   0.01099  -0.0631   0.4070   1.0000
   8.500   1.2189   0.01896   0.01153  -0.0596   0.3901   1.0000
   9.000   1.2508   0.01957   0.01213  -0.0555   0.3726   1.0000
   9.500   1.2758   0.02027   0.01284  -0.0503   0.3550   1.0000
  10.000   1.2987   0.02116   0.01374  -0.0451   0.3370   1.0000
