  
       XFOIL         Version 6.99
  
 Calculated polar for: NACA 9228                                       
  
 1 1 Reynolds number fixed          Mach number fixed         
  
 xtrf =   1.000 (top)        1.000 (bottom)  
 Mach =   0.050     Re =     0.200 e 6     Ncrit =   9.000
  
   alpha    CL        CD       CDp       CM     Top_Xtr  Bot_Xtr
  ------ -------- --------- --------- -------- -------- --------
  -2.000   0.3814   0.04052   0.03274  -0.0797   0.3895   0.1018
  -0.500   0.4519   0.03885   0.02992  -0.0687   0.3363   0.1204
   0.000   0.4889   0.03833   0.02903  -0.0670   0.3274   0.1302
   0.500   0.5265   0.03746   0.02796  -0.0657   0.3202   0.1424
   1.000   0.5727   0.03659   0.02672  -0.0655   0.3143   0.1651
   2.000   0.6715   0.03600   0.02527  -0.0617   0.3062   0.0997
   2.500   0.7184   0.03591   0.02512  -0.0615   0.3028   0.1033
   3.000   0.7796   0.03585   0.02478  -0.0627   0.2996   0.1076
   3.500   0.8218   0.03635   0.02537  -0.0621   0.2975   0.1128
   4.000   0.8623   0.03721   0.02623  -0.0612   0.2954   0.1185
   4.500   0.9033   0.03799   0.02714  -0.0608   0.2934   0.1263
   5.000   0.9439   0.03891   0.02813  -0.0604   0.2912   0.1347
   5.500   0.9861   0.03987   0.02912  -0.0603   0.2892   0.1461
   6.000   1.0325   0.04086   0.03003  -0.0608   0.2874   0.1623
   6.500   1.0839   0.04171   0.03094  -0.0620   0.2858   0.2236
   7.000   1.1333   0.04148   0.03254  -0.0617   0.2843   1.0000
   7.500   1.1532   0.04400   0.03510  -0.0597   0.2835   1.0000
   8.000   1.1648   0.04708   0.03828  -0.0573   0.2826   1.0000
   8.500   1.1664   0.05101   0.04237  -0.0545   0.2817   1.0000
   9.000   1.1484   0.05665   0.04828  -0.0508   0.2808   1.0000
