  
       XFOIL         Version 6.99
  
 Calculated polar for: NACA 8410                                       
  
 1 1 Reynolds number fixed          Mach number fixed         
  
 xtrf =   1.000 (top)        1.000 (bottom)  
 Mach =   0.050     Re =     0.200 e 6     Ncrit =   9.000
  
   alpha    CL        CD       CDp       CM     Top_Xtr  Bot_Xtr
  ------ -------- --------- --------- -------- -------- --------
  -2.000   0.6743   0.01748   0.01026  -0.2004   0.7800   0.0680
  -1.500   0.7312   0.01594   0.00834  -0.2006   0.7603   0.0799
  -1.000   0.7882   0.01508   0.00714  -0.2006   0.7409   0.0974
  -0.500   0.8449   0.01442   0.00635  -0.2007   0.7218   0.1245
   0.000   0.8987   0.01411   0.00598  -0.2003   0.7007   0.1614
   0.500   0.9528   0.01398   0.00586  -0.2001   0.6811   0.2126
   1.000   1.0071   0.01392   0.00585  -0.2000   0.6629   0.2874
   1.500   1.0549   0.01284   0.00593  -0.1984   0.6467   1.0000
   2.000   1.1087   0.01330   0.00608  -0.1981   0.6314   1.0000
   2.500   1.1615   0.01380   0.00638  -0.1978   0.6173   1.0000
   3.000   1.2140   0.01434   0.00680  -0.1974   0.6046   1.0000
   3.500   1.2667   0.01491   0.00727  -0.1972   0.5934   1.0000
   4.000   1.3213   0.01551   0.00776  -0.1973   0.5837   1.0000
   4.500   1.3718   0.01612   0.00840  -0.1967   0.5734   1.0000
   5.000   1.4235   0.01680   0.00913  -0.1964   0.5644   1.0000
   5.500   1.4765   0.01746   0.00979  -0.1963   0.5559   1.0000
   6.000   1.5250   0.01823   0.01073  -0.1955   0.5470   1.0000
   6.500   1.5797   0.01895   0.01149  -0.1958   0.5393   1.0000
   7.000   1.6243   0.01981   0.01261  -0.1943   0.5304   1.0000
   7.500   1.6786   0.02062   0.01352  -0.1946   0.5228   1.0000
   8.000   1.7228   0.02111   0.01412  -0.1927   0.5080   1.0000
   8.500   1.7514   0.02142   0.01467  -0.1877   0.4871   1.0000
   9.000   1.7810   0.02179   0.01517  -0.1830   0.4665   1.0000
   9.500   1.7984   0.02235   0.01589  -0.1760   0.4437   1.0000
  10.000   1.7993   0.02329   0.01696  -0.1665   0.4173   1.0000
