  
       XFOIL         Version 6.99
  
 Calculated polar for: NACA 1710                                       
  
 1 1 Reynolds number fixed          Mach number fixed         
  
 xtrf =   1.000 (top)        1.000 (bottom)  
 Mach =   0.050     Re =     0.200 e 6     Ncrit =   9.000
  
   alpha    CL        CD       CDp       CM     Top_Xtr  Bot_Xtr
  ------ -------- --------- --------- -------- -------- --------
  -2.000  -0.2044   0.01066   0.00492  -0.0182   1.0000   0.6633
  -1.500  -0.1559   0.01066   0.00516  -0.0167   1.0000   0.7397
  -1.000  -0.0989   0.01071   0.00545  -0.0168   0.9962   0.8123
  -0.500  -0.0205   0.01077   0.00572  -0.0206   0.9833   0.8896
   0.500   0.1808   0.01056   0.00558  -0.0385   0.9568   1.0000
   1.000   0.2692   0.01014   0.00518  -0.0449   0.9356   1.0000
   1.500   0.3487   0.00955   0.00463  -0.0488   0.9091   1.0000
   2.000   0.4102   0.00903   0.00411  -0.0487   0.8658   1.0000
   2.500   0.4641   0.00879   0.00376  -0.0469   0.7950   1.0000
   3.000   0.5139   0.00906   0.00362  -0.0444   0.6930   1.0000
   3.500   0.5590   0.00976   0.00384  -0.0416   0.5896   1.0000
   4.000   0.6030   0.01058   0.00423  -0.0390   0.4835   1.0000
   4.500   0.6465   0.01158   0.00473  -0.0367   0.3681   1.0000
   5.000   0.6888   0.01292   0.00547  -0.0345   0.2386   1.0000
   5.500   0.7302   0.01473   0.00662  -0.0323   0.1338   1.0000
   6.000   0.7727   0.01655   0.00817  -0.0301   0.0917   1.0000
   6.500   0.8178   0.01817   0.00983  -0.0282   0.0723   1.0000
   7.000   0.8622   0.02010   0.01178  -0.0263   0.0604   1.0000
   7.500   0.9073   0.02253   0.01427  -0.0245   0.0526   1.0000
   8.000   0.9531   0.02496   0.01676  -0.0230   0.0467   1.0000
   9.000   1.0381   0.03133   0.02389  -0.0191   0.0390   1.0000
   9.500   1.0688   0.03780   0.03083  -0.0166   0.0371   1.0000
  10.000   1.0848   0.04256   0.03652  -0.0117   0.0355   1.0000
