  
       XFOIL         Version 6.99
  
 Calculated polar for: NACA 7434                                       
  
 1 1 Reynolds number fixed          Mach number fixed         
  
 xtrf =   1.000 (top)        1.000 (bottom)  
 Mach =   0.050     Re =     0.200 e 6     Ncrit =   9.000
  
   alpha    CL        CD       CDp       CM     Top_Xtr  Bot_Xtr
  ------ -------- --------- --------- -------- -------- --------
  -2.000   0.3280   0.02572   0.01625  -0.1138   0.5511   0.2680
  -1.500   0.3623   0.02606   0.01666  -0.1110   0.5452   0.2781
  -1.000   0.3809   0.02673   0.01741  -0.1056   0.5383   0.2882
  -0.500   0.4362   0.02664   0.01730  -0.1063   0.5329   0.3018
   0.000   0.5093   0.02685   0.01733  -0.1100   0.5281   0.3179
   0.500   0.4924   0.02821   0.01904  -0.0994   0.5215   0.3283
   1.000   0.5270   0.02890   0.01972  -0.0971   0.5158   0.3438
   1.500   0.5979   0.02861   0.01945  -0.1003   0.5116   0.3676
   2.000   0.6248   0.02971   0.02072  -0.0972   0.5064   0.3891
   2.500   0.5916   0.03274   0.02399  -0.0861   0.4988   0.4035
   3.000   0.6422   0.03296   0.02444  -0.0865   0.4944   0.4432
   4.000   0.4512   0.05153   0.04368  -0.0582   0.4697   0.4604
   4.500   0.5528   0.04767   0.04030  -0.0626   0.4699   0.5846
   5.000   0.6741   0.04291   0.03591  -0.0684   0.4704   0.7268
