  
       XFOIL         Version 6.99
  
 Calculated polar for: NACA 0012                                       
  
 1 1 Reynolds number fixed          Mach number fixed         
  
 xtrf =   1.000 (top)        1.000 (bottom)  
 Mach =   0.050     Re =     0.200 e 6     Ncrit =   9.000
  
   alpha    CL        CD       CDp       CM     Top_Xtr  Bot_Xtr
  ------ -------- --------- --------- -------- -------- --------
  -2.000  -0.3083   0.01067   0.00510   0.0121   0.9840   0.6999
  -1.500  -0.2258   0.01049   0.00517   0.0072   0.9681   0.7672
  -0.500  -0.0697   0.01025   0.00522   0.0009   0.9300   0.8687
   0.000   0.0000   0.01021   0.00521  -0.0000   0.9039   0.9039
   0.500   0.0697   0.01025   0.00521  -0.0009   0.8687   0.9300
   1.000   0.1453   0.01034   0.00519  -0.0032   0.8246   0.9504
   1.500   0.2257   0.01049   0.00517  -0.0072   0.7671   0.9681
   2.000   0.3083   0.01067   0.00510  -0.0121   0.6999   0.9841
   2.500   0.3942   0.01087   0.00498  -0.0182   0.6235   0.9977
   3.000   0.4469   0.01106   0.00490  -0.0180   0.5529   1.0000
   3.500   0.4923   0.01136   0.00494  -0.0163   0.4840   1.0000
   4.000   0.5365   0.01178   0.00509  -0.0145   0.4143   1.0000
   4.500   0.5791   0.01236   0.00538  -0.0123   0.3436   1.0000
   5.000   0.6203   0.01309   0.00582  -0.0098   0.2725   1.0000
   5.500   0.6599   0.01403   0.00646  -0.0072   0.2059   1.0000
   6.000   0.6982   0.01518   0.00732  -0.0043   0.1548   1.0000
   6.500   0.7355   0.01650   0.00843  -0.0011   0.1216   1.0000
   7.000   0.7739   0.01775   0.00964   0.0019   0.1000   1.0000
   7.500   0.8112   0.01928   0.01109   0.0050   0.0854   1.0000
   8.000   0.8502   0.02085   0.01268   0.0078   0.0748   1.0000
   8.500   0.8900   0.02264   0.01456   0.0103   0.0665   1.0000
   9.000   0.9300   0.02492   0.01691   0.0126   0.0603   1.0000
   9.500   0.9702   0.02690   0.01894   0.0147   0.0549   1.0000
  10.000   1.0074   0.02992   0.02233   0.0171   0.0511   1.0000
  -2.000  -0.3083   0.01067   0.00510   0.0121   0.9840   0.6999
  -1.500  -0.2258   0.01049   0.00517   0.0072   0.9681   0.7672
  -0.500  -0.0697   0.01025   0.00522   0.0009   0.9300   0.8687
   0.000   0.0000   0.01021   0.00521  -0.0000   0.9039   0.9039
   0.500   0.0697   0.01025   0.00521  -0.0009   0.8687   0.9300
   1.000   0.1453   0.01034   0.00519  -0.0032   0.8246   0.9504
   1.500   0.2257   0.01049   0.00517  -0.0072   0.7671   0.9681
   2.000   0.3083   0.01067   0.00510  -0.0121   0.6999   0.9841
   2.500   0.3942   0.01087   0.00498  -0.0182   0.6235   0.9977
   3.000   0.4469   0.01106   0.00490  -0.0180   0.5529   1.0000
   3.500   0.4923   0.01136   0.00494  -0.0163   0.4840   1.0000
   4.000   0.5365   0.01178   0.00509  -0.0145   0.4143   1.0000
   4.500   0.5791   0.01236   0.00538  -0.0123   0.3436   1.0000
   5.000   0.6203   0.01309   0.00582  -0.0098   0.2725   1.0000
   5.500   0.6599   0.01403   0.00646  -0.0072   0.2059   1.0000
   6.000   0.6982   0.01518   0.00732  -0.0043   0.1548   1.0000
   6.500   0.7355   0.01650   0.00843  -0.0011   0.1216   1.0000
   7.000   0.7739   0.01775   0.00964   0.0019   0.1000   1.0000
   7.500   0.8112   0.01928   0.01109   0.0050   0.0854   1.0000
   8.000   0.8502   0.02085   0.01268   0.0078   0.0748   1.0000
   8.500   0.8900   0.02264   0.01456   0.0103   0.0665   1.0000
   9.000   0.9300   0.02492   0.01691   0.0126   0.0603   1.0000
   9.500   0.9702   0.02690   0.01894   0.0147   0.0549   1.0000
  10.000   1.0074   0.02992   0.02233   0.0171   0.0511   1.0000
  -2.000  -0.3083   0.01067   0.00510   0.0121   0.9840   0.6999
  -1.500  -0.2258   0.01049   0.00517   0.0072   0.9681   0.7672
  -0.500  -0.0697   0.01025   0.00522   0.0009   0.9300   0.8687
   0.000   0.0000   0.01021   0.00521  -0.0000   0.9039   0.9039
   0.500   0.0697   0.01025   0.00521  -0.0009   0.8687   0.9300
   1.000   0.1453   0.01034   0.00519  -0.0032   0.8246   0.9504
   1.500   0.2257   0.01049   0.00517  -0.0072   0.7671   0.9681
   2.000   0.3083   0.01067   0.00510  -0.0121   0.6999   0.9841
   2.500   0.3942   0.01087   0.00498  -0.0182   0.6235   0.9977
   3.000   0.4469   0.01106   0.00490  -0.0180   0.5529   1.0000
   3.500   0.4923   0.01136   0.00494  -0.0163   0.4840   1.0000
   4.000   0.5365   0.01178   0.00509  -0.0145   0.4143   1.0000
   4.500   0.5791   0.01236   0.00538  -0.0123   0.3436   1.0000
   5.000   0.6203   0.01309   0.00582  -0.0098   0.2725   1.0000
   5.500   0.6599   0.01403   0.00646  -0.0072   0.2059   1.0000
   6.000   0.6982   0.01518   0.00732  -0.0043   0.1548   1.0000
   6.500   0.7355   0.01650   0.00843  -0.0011   0.1216   1.0000
   7.000   0.7739   0.01775   0.00964   0.0019   0.1000   1.0000
   7.500   0.8112   0.01928   0.01109   0.0050   0.0854   1.0000
   8.000   0.8502   0.02085   0.01268   0.0078   0.0748   1.0000
   8.500   0.8900   0.02264   0.01456   0.0103   0.0664   1.0000
   9.000   0.9300   0.02492   0.01691   0.0126   0.0603   1.0000
   9.500   0.9702   0.02690   0.01894   0.0147   0.0549   1.0000
  10.000   1.0074   0.02992   0.02233   0.0171   0.0511   1.0000
