  
       XFOIL         Version 6.99
  
 Calculated polar for: NACA 8130                                       
  
 1 1 Reynolds number fixed          Mach number fixed         
  
 xtrf =   1.000 (top)        1.000 (bottom)  
 Mach =   0.050     Re =     0.200 e 6     Ncrit =   9.000
  
   alpha    CL        CD       CDp       CM     Top_Xtr  Bot_Xtr
  ------ -------- --------- --------- -------- -------- --------
  -2.000   0.4351   0.03447   0.02556  -0.0589   0.4823   0.0509
  -1.500   0.4485   0.03260   0.02372  -0.0521   0.4673   0.0530
  -0.500   0.5057   0.03123   0.02187  -0.0432   0.4390   0.0588
   0.000   0.5319   0.03079   0.02139  -0.0388   0.4251   0.0615
   0.500   0.5619   0.03068   0.02115  -0.0351   0.4116   0.0658
   1.000   0.5932   0.03037   0.02070  -0.0320   0.3981   0.0714
   1.500   0.6167   0.03085   0.02106  -0.0279   0.3837   0.0804
   2.500   0.6658   0.03010   0.02060  -0.0215   0.3545   0.1112
   3.000   0.6843   0.03076   0.02136  -0.0179   0.3386   0.1207
   3.500   0.6994   0.03194   0.02261  -0.0145   0.3210   0.1303
   4.000   0.7110   0.03399   0.02459  -0.0113   0.2997   0.1364
   4.500   0.7128   0.03731   0.02771  -0.0078   0.2731   0.1375
   5.000   0.7033   0.04199   0.03218  -0.0042   0.2396   0.1363
   5.500   0.6903   0.04747   0.03743  -0.0011   0.2134   0.1317
   6.000   0.6902   0.05229   0.04210   0.0009   0.1985   0.1218
   6.500   0.6974   0.05658   0.04622   0.0023   0.1901   0.1122
   7.000   0.7158   0.06003   0.04964   0.0030   0.1842   0.1042
   7.500   0.7369   0.06306   0.05250   0.0036   0.1801   0.1014
   8.000   0.7637   0.06565   0.05501   0.0038   0.1770   0.0957
   8.500   0.7907   0.06832   0.05764   0.0038   0.1745   0.0925
   9.000   0.8196   0.07079   0.06001   0.0035   0.1723   0.0954
   9.500   0.8504   0.07303   0.06213   0.0033   0.1705   0.0970
  10.000   0.8866   0.07464   0.06357   0.0029   0.1688   0.1046
