  
       XFOIL         Version 6.99
  
 Calculated polar for: NACA 2604                                       
  
 1 1 Reynolds number fixed          Mach number fixed         
  
 xtrf =   1.000 (top)        1.000 (bottom)  
 Mach =   0.050     Re =     0.200 e 6     Ncrit =   9.000
  
   alpha    CL        CD       CDp       CM     Top_Xtr  Bot_Xtr
  ------ -------- --------- --------- -------- -------- --------
  -2.000  -0.0211   0.01092   0.00308  -0.0577   1.0000   0.0682
  -1.500   0.0301   0.00744   0.00256  -0.0568   1.0000   1.0000
  -1.000   0.0841   0.00757   0.00227  -0.0567   1.0000   1.0000
  -0.500   0.1372   0.00775   0.00222  -0.0566   1.0000   1.0000
   0.000   0.1898   0.00799   0.00233  -0.0565   1.0000   1.0000
   0.500   0.2419   0.00828   0.00258  -0.0564   1.0000   1.0000
   1.000   0.2935   0.00863   0.00298  -0.0563   1.0000   1.0000
   1.500   0.3445   0.00906   0.00353  -0.0562   1.0000   1.0000
   2.000   0.4117   0.00952   0.00427  -0.0595   0.9943   1.0000
   2.500   0.5195   0.01198   0.00342  -0.0647   0.0595   1.0000
   3.000   0.5671   0.01469   0.00626  -0.0623   0.0326   1.0000
   3.500   0.6170   0.01852   0.01022  -0.0602   0.0220   1.0000
   4.000   0.6745   0.02318   0.01558  -0.0575   0.0297   1.0000
