  
       XFOIL         Version 6.99
  
 Calculated polar for: NACA 9722                                       
  
 1 1 Reynolds number fixed          Mach number fixed         
  
 xtrf =   1.000 (top)        1.000 (bottom)  
 Mach =   0.050     Re =     0.200 e 6     Ncrit =   9.000
  
   alpha    CL        CD       CDp       CM     Top_Xtr  Bot_Xtr
  ------ -------- --------- --------- -------- -------- --------
  -2.000   0.3610   0.04909   0.04207  -0.2176   0.7738   0.2463
  -1.500   0.4325   0.04853   0.04154  -0.2208   0.7675   0.2666
  -1.000   0.5137   0.04757   0.04059  -0.2252   0.7650   0.2896
   0.000   0.6410   0.04649   0.03963  -0.2286   0.7491   0.3342
   0.500   0.6886   0.04665   0.03988  -0.2279   0.7356   0.3554
   1.000   0.7664   0.04523   0.03850  -0.2313   0.7332   0.3823
   2.000   0.8897   0.04373   0.03715  -0.2332   0.7173   0.4326
   3.000   1.0158   0.04178   0.03534  -0.2351   0.7021   0.4849
   3.500   1.0982   0.03951   0.03310  -0.2388   0.6995   0.5140
   4.000   1.1579   0.03886   0.03252  -0.2392   0.6874   0.5390
   4.500   1.2483   0.03624   0.02989  -0.2441   0.6823   0.5675
   5.000   1.3122   0.03549   0.02915  -0.2452   0.6679   0.5906
   5.500   1.3901   0.03405   0.02764  -0.2484   0.6556   0.6139
   6.000   1.4639   0.03304   0.02652  -0.2511   0.6411   0.6356
   6.500   1.5052   0.03387   0.02732  -0.2489   0.6222   0.6547
   7.000   1.5401   0.03499   0.02844  -0.2456   0.6037   0.6722
   7.500   1.5755   0.03604   0.02950  -0.2423   0.5862   0.6876
   8.000   1.6159   0.03691   0.03034  -0.2401   0.5696   0.7047
   8.500   1.6628   0.03743   0.03077  -0.2390   0.5537   0.7227
   9.000   1.6919   0.03887   0.03222  -0.2352   0.5367   0.7390
   9.500   1.7126   0.04086   0.03428  -0.2303   0.5195   0.7548
  10.000   1.7409   0.04250   0.03594  -0.2267   0.5032   0.7707
