  
       XFOIL         Version 6.99
  
 Calculated polar for: NACA 3530                                       
  
 1 1 Reynolds number fixed          Mach number fixed         
  
 xtrf =   1.000 (top)        1.000 (bottom)  
 Mach =   0.050     Re =     0.200 e 6     Ncrit =   9.000
  
   alpha    CL        CD       CDp       CM     Top_Xtr  Bot_Xtr
  ------ -------- --------- --------- -------- -------- --------
  -2.000   0.1030   0.01973   0.01154  -0.0762   0.6520   0.4152
  -1.500   0.1632   0.01954   0.01119  -0.0771   0.6406   0.4320
  -1.000   0.1957   0.01953   0.01130  -0.0727   0.6267   0.4471
  -0.500   0.2497   0.01942   0.01118  -0.0724   0.6152   0.4642
   0.000   0.2878   0.01945   0.01116  -0.0691   0.6021   0.4813
   0.500   0.3361   0.01946   0.01125  -0.0677   0.5905   0.4999
   1.000   0.3798   0.01941   0.01124  -0.0655   0.5782   0.5187
   1.500   0.4215   0.01958   0.01140  -0.0630   0.5665   0.5390
   2.000   0.4684   0.01960   0.01144  -0.0614   0.5549   0.5607
   2.500   0.5029   0.01979   0.01176  -0.0576   0.5434   0.5820
   3.000   0.5512   0.01983   0.01181  -0.0562   0.5324   0.6063
   3.500   0.5795   0.02016   0.01225  -0.0515   0.5211   0.6309
   4.000   0.6307   0.02029   0.01237  -0.0507   0.5105   0.6594
   4.500   0.6588   0.02084   0.01309  -0.0462   0.4993   0.6886
   5.000   0.7106   0.02101   0.01329  -0.0455   0.4891   0.7219
   5.500   0.7346   0.02170   0.01423  -0.0404   0.4783   0.7571
   6.000   0.7834   0.02196   0.01454  -0.0390   0.4685   0.7974
   7.000   0.8459   0.02334   0.01617  -0.0306   0.4486   0.8906
   7.500   0.8779   0.02469   0.01766  -0.0274   0.4380   0.9372
   8.000   0.9631   0.02549   0.01827  -0.0335   0.4278   0.9665
   8.500   1.0268   0.02743   0.02032  -0.0382   0.4160   0.9870
   9.500   1.0887   0.02941   0.02219  -0.0351   0.3970   1.0000
  10.000   1.1303   0.02951   0.02203  -0.0334   0.3889   1.0000
