  
       XFOIL         Version 6.99
  
 Calculated polar for: NACA 3206                                       
  
 1 1 Reynolds number fixed          Mach number fixed         
  
 xtrf =   1.000 (top)        1.000 (bottom)  
 Mach =   0.050     Re =     0.200 e 6     Ncrit =   9.000
  
   alpha    CL        CD       CDp       CM     Top_Xtr  Bot_Xtr
  ------ -------- --------- --------- -------- -------- --------
  -1.500   0.0878   0.01824   0.01163  -0.0501   0.9762   0.0490
  -1.000   0.1725   0.01433   0.00713  -0.0544   0.9646   0.0488
  -0.500   0.2502   0.01210   0.00485  -0.0580   0.9458   0.0659
   0.000   0.3180   0.01066   0.00346  -0.0597   0.9154   0.1128
   0.500   0.3759   0.00781   0.00270  -0.0589   0.8718   1.0000
   1.000   0.4276   0.00787   0.00236  -0.0568   0.8070   1.0000
   1.500   0.4768   0.00819   0.00217  -0.0545   0.7160   1.0000
   2.000   0.5237   0.00892   0.00217  -0.0520   0.5862   1.0000
   2.500   0.5708   0.00996   0.00245  -0.0503   0.4601   1.0000
   3.000   0.6213   0.01083   0.00289  -0.0495   0.4019   1.0000
   3.500   0.6735   0.01158   0.00347  -0.0490   0.3743   1.0000
   4.000   0.7263   0.01229   0.00409  -0.0486   0.3558   1.0000
   4.500   0.7795   0.01303   0.00482  -0.0482   0.3423   1.0000
   5.000   0.8328   0.01380   0.00574  -0.0479   0.3306   1.0000
   5.500   0.8860   0.01462   0.00673  -0.0476   0.3193   1.0000
   6.000   0.9355   0.01493   0.00714  -0.0467   0.2854   1.0000
   6.500   0.9849   0.01484   0.00731  -0.0458   0.2255   1.0000
   7.000   1.0184   0.01901   0.01061  -0.0430   0.0331   1.0000
   7.500   1.0523   0.02264   0.01453  -0.0398   0.0263   1.0000
   8.000   1.0906   0.02606   0.01819  -0.0370   0.0224   1.0000
   8.500   1.1303   0.03093   0.02343  -0.0341   0.0216   1.0000
   9.000   1.1654   0.03792   0.03123  -0.0306   0.0233   1.0000
   9.500   1.1877   0.04390   0.03787  -0.0273   0.0213   1.0000
