  
       XFOIL         Version 6.99
  
 Calculated polar for: NACA 8118                                       
  
 1 1 Reynolds number fixed          Mach number fixed         
  
 xtrf =   1.000 (top)        1.000 (bottom)  
 Mach =   0.050     Re =     0.200 e 6     Ncrit =   9.000
  
   alpha    CL        CD       CDp       CM     Top_Xtr  Bot_Xtr
  ------ -------- --------- --------- -------- -------- --------
  -2.000   0.4701   0.04388   0.03578  -0.0785   0.1854   0.0182
  -1.500   0.4952   0.03968   0.03148  -0.0755   0.1800   0.0187
  -1.000   0.5212   0.03795   0.02949  -0.0707   0.1760   0.0196
   0.000   0.5828   0.03564   0.02664  -0.0622   0.1703   0.0220
   0.500   0.6221   0.03514   0.02587  -0.0591   0.1681   0.0237
   1.000   0.6635   0.03431   0.02478  -0.0568   0.1663   0.0244
   1.500   0.7069   0.03355   0.02377  -0.0552   0.1647   0.0260
   2.000   0.7527   0.03424   0.02414  -0.0531   0.1633   0.0273
   2.500   0.8021   0.03325   0.02295  -0.0529   0.1621   0.0294
   3.000   0.8528   0.03347   0.02292  -0.0521   0.1610   0.0314
   3.500   0.9059   0.03407   0.02328  -0.0517   0.1599   0.0347
   4.000   0.9641   0.03434   0.02340  -0.0525   0.1590   0.0391
   5.000   1.0710   0.03571   0.02471  -0.0529   0.1580   0.0608
   5.500   1.1175   0.03641   0.02552  -0.0524   0.1576   0.0838
