  
       XFOIL         Version 6.99
  
 Calculated polar for: NACA 2116                                       
  
 1 1 Reynolds number fixed          Mach number fixed         
  
 xtrf =   1.000 (top)        1.000 (bottom)  
 Mach =   0.050     Re =     0.200 e 6     Ncrit =   9.000
  
   alpha    CL        CD       CDp       CM     Top_Xtr  Bot_Xtr
  ------ -------- --------- --------- -------- -------- --------
  -2.000  -0.0124   0.01164   0.00565  -0.0309   0.8211   0.5623
  -1.500   0.0352   0.01120   0.00548  -0.0278   0.7915   0.6697
  -1.000   0.0838   0.01103   0.00539  -0.0248   0.7559   0.7414
  -0.500   0.1327   0.01101   0.00532  -0.0216   0.7143   0.8025
   0.000   0.1827   0.01123   0.00545  -0.0186   0.6702   0.8532
   0.500   0.2360   0.01168   0.00573  -0.0163   0.6329   0.8972
   1.500   0.3746   0.01262   0.00619  -0.0198   0.5507   0.9421
   2.000   0.4570   0.01311   0.00636  -0.0250   0.5044   0.9577
   2.500   0.5397   0.01355   0.00652  -0.0306   0.4530   0.9729
   3.000   0.6226   0.01406   0.00667  -0.0367   0.3933   0.9873
   3.500   0.7060   0.01474   0.00690  -0.0433   0.3212   0.9998
   4.000   0.7377   0.01541   0.00722  -0.0397   0.2721   1.0000
   4.500   0.7677   0.01618   0.00772  -0.0356   0.2427   1.0000
   5.000   0.7979   0.01694   0.00830  -0.0314   0.2261   1.0000
   5.500   0.8285   0.01781   0.00897  -0.0271   0.2148   1.0000
   6.000   0.8628   0.01847   0.00963  -0.0234   0.2067   1.0000
   6.500   0.8985   0.01944   0.01045  -0.0200   0.2005   1.0000
   7.000   0.9377   0.02037   0.01139  -0.0172   0.1960   1.0000
   7.500   0.9776   0.02128   0.01233  -0.0146   0.1916   1.0000
   8.000   1.0194   0.02229   0.01331  -0.0124   0.1874   1.0000
   8.500   1.0684   0.02391   0.01483  -0.0118   0.1836   1.0000
   9.000   1.1107   0.02505   0.01615  -0.0098   0.1813   1.0000
   9.500   1.1531   0.02637   0.01764  -0.0081   0.1785   1.0000
  10.000   1.1954   0.02774   0.01912  -0.0065   0.1753   1.0000
