  
       XFOIL         Version 6.99
  
 Calculated polar for: NACA 2422                                       
  
 1 1 Reynolds number fixed          Mach number fixed         
  
 xtrf =   1.000 (top)        1.000 (bottom)  
 Mach =   0.050     Re =     0.200 e 6     Ncrit =   9.000
  
   alpha    CL        CD       CDp       CM     Top_Xtr  Bot_Xtr
  ------ -------- --------- --------- -------- -------- --------
  -2.000   0.0136   0.01446   0.00708  -0.0521   0.7085   0.4898
  -1.500   0.0638   0.01429   0.00695  -0.0506   0.6880   0.5293
  -1.000   0.1145   0.01420   0.00688  -0.0491   0.6684   0.5714
  -0.500   0.1656   0.01416   0.00689  -0.0477   0.6493   0.6135
   0.000   0.2147   0.01416   0.00701  -0.0458   0.6303   0.6537
   0.500   0.2645   0.01424   0.00716  -0.0441   0.6123   0.6935
   1.000   0.3154   0.01439   0.00737  -0.0426   0.5954   0.7320
   1.500   0.3678   0.01460   0.00760  -0.0412   0.5796   0.7685
   2.000   0.4194   0.01484   0.00785  -0.0397   0.5638   0.8045
   2.500   0.4689   0.01515   0.00825  -0.0377   0.5479   0.8380
   3.000   0.5223   0.01561   0.00871  -0.0364   0.5330   0.8684
   3.500   0.5804   0.01614   0.00912  -0.0360   0.5185   0.8965
   4.000   0.6356   0.01663   0.00963  -0.0353   0.5030   0.9227
   4.500   0.7099   0.01730   0.01025  -0.0386   0.4869   0.9407
   5.000   0.8024   0.01797   0.01083  -0.0459   0.4700   0.9517
   5.500   0.8892   0.01854   0.01129  -0.0523   0.4535   0.9661
   6.000   0.9721   0.01901   0.01163  -0.0582   0.4368   0.9797
   6.500   1.0535   0.01941   0.01205  -0.0641   0.4194   0.9927
   7.000   1.1144   0.01978   0.01243  -0.0663   0.4031   1.0000
   7.500   1.1291   0.02012   0.01273  -0.0595   0.3906   1.0000
   8.000   1.1456   0.02047   0.01295  -0.0528   0.3783   1.0000
   8.500   1.1436   0.02084   0.01342  -0.0426   0.3661   1.0000
   9.000   1.1473   0.02128   0.01379  -0.0334   0.3546   1.0000
   9.500   1.1568   0.02181   0.01424  -0.0254   0.3423   1.0000
  10.000   1.1664   0.02264   0.01513  -0.0181   0.3294   1.0000
