  
       XFOIL         Version 6.99
  
 Calculated polar for: NACA 6224                                       
  
 1 1 Reynolds number fixed          Mach number fixed         
  
 xtrf =   1.000 (top)        1.000 (bottom)  
 Mach =   0.050     Re =     0.200 e 6     Ncrit =   9.000
  
   alpha    CL        CD       CDp       CM     Top_Xtr  Bot_Xtr
  ------ -------- --------- --------- -------- -------- --------
  -2.000   0.3655   0.02131   0.01174  -0.0859   0.5190   0.1077
  -1.500   0.4017   0.02089   0.01128  -0.0821   0.4909   0.1136
  -1.000   0.4334   0.02054   0.01077  -0.0775   0.4613   0.1193
  -0.500   0.4595   0.02052   0.01058  -0.0719   0.4319   0.1265
   0.000   0.4810   0.02044   0.01041  -0.0657   0.4041   0.1337
   0.500   0.5079   0.02062   0.01044  -0.0608   0.3811   0.1432
   1.000   0.5417   0.02086   0.01059  -0.0574   0.3633   0.1562
   1.500   0.5810   0.02111   0.01074  -0.0550   0.3501   0.1772
   2.000   0.6150   0.01997   0.01115  -0.0522   0.3406   0.6376
   2.500   0.6458   0.02019   0.01219  -0.0461   0.3330   0.8771
   3.000   0.7309   0.02149   0.01331  -0.0515   0.3247   0.9719
   4.000   0.8895   0.02355   0.01498  -0.0631   0.3138   1.0000
   4.500   0.9122   0.02403   0.01533  -0.0581   0.3106   1.0000
   5.000   0.9504   0.02473   0.01583  -0.0558   0.3075   1.0000
   5.500   1.0022   0.02570   0.01661  -0.0559   0.3042   1.0000
   6.000   1.0305   0.02660   0.01753  -0.0523   0.3017   1.0000
   6.500   1.0669   0.02765   0.01859  -0.0502   0.2993   1.0000
   7.000   1.1062   0.02879   0.01971  -0.0487   0.2969   1.0000
   7.500   1.1476   0.02998   0.02087  -0.0477   0.2947   1.0000
   8.000   1.1921   0.03120   0.02204  -0.0473   0.2926   1.0000
   8.500   1.2426   0.03252   0.02327  -0.0478   0.2906   1.0000
   9.000   1.2955   0.03440   0.02510  -0.0490   0.2882   1.0000
   9.500   1.3112   0.03631   0.02720  -0.0450   0.2868   1.0000
  10.000   1.3242   0.03867   0.02976  -0.0412   0.2854   1.0000
