  
       XFOIL         Version 6.99
  
 Calculated polar for: NACA 9320                                       
  
 1 1 Reynolds number fixed          Mach number fixed         
  
 xtrf =   1.000 (top)        1.000 (bottom)  
 Mach =   0.050     Re =     0.200 e 6     Ncrit =   9.000
  
   alpha    CL        CD       CDp       CM     Top_Xtr  Bot_Xtr
  ------ -------- --------- --------- -------- -------- --------
  -2.000   0.6191   0.03114   0.02329  -0.1543   0.4826   0.0991
  -1.500   0.6607   0.03049   0.02249  -0.1528   0.4706   0.1111
  -1.000   0.7057   0.02994   0.02177  -0.1520   0.4611   0.1334
  -0.500   0.7699   0.02368   0.01404  -0.1527   0.4539   0.1012
   0.000   0.8301   0.02327   0.01323  -0.1539   0.4468   0.1094
   0.500   0.8762   0.02309   0.01295  -0.1524   0.4405   0.1183
   1.000   0.9285   0.02314   0.01288  -0.1522   0.4351   0.1292
   1.500   0.9935   0.02332   0.01293  -0.1545   0.4302   0.1435
   2.000   1.0441   0.02360   0.01328  -0.1542   0.4264   0.1594
   2.500   1.0904   0.02390   0.01370  -0.1531   0.4224   0.1786
   3.000   1.1392   0.02426   0.01409  -0.1525   0.4182   0.2045
   3.500   1.1946   0.02457   0.01450  -0.1534   0.4146   0.2459
   4.000   1.2566   0.02402   0.01530  -0.1551   0.4113   1.0000
   4.500   1.3019   0.02508   0.01627  -0.1541   0.4087   1.0000
   5.000   1.3380   0.02611   0.01732  -0.1515   0.4060   1.0000
   5.500   1.3748   0.02721   0.01840  -0.1492   0.4027   1.0000
   6.000   1.4158   0.02830   0.01946  -0.1477   0.3996   1.0000
   6.500   1.4625   0.02943   0.02052  -0.1474   0.3969   1.0000
   7.000   1.5174   0.03066   0.02164  -0.1485   0.3944   1.0000
   7.500   1.5703   0.03252   0.02347  -0.1497   0.3918   1.0000
   8.000   1.5756   0.03435   0.02553  -0.1429   0.3895   1.0000
   8.500   1.5799   0.03666   0.02806  -0.1367   0.3867   1.0000
   9.000   1.5852   0.03939   0.03099  -0.1312   0.3839   1.0000
   9.500   1.5866   0.04257   0.03434  -0.1259   0.3812   1.0000
  10.000   1.5980   0.04553   0.03741  -0.1222   0.3785   1.0000
