  
       XFOIL         Version 6.99
  
 Calculated polar for: NACA 4832                                       
  
 1 1 Reynolds number fixed          Mach number fixed         
  
 xtrf =   1.000 (top)        1.000 (bottom)  
 Mach =   0.050     Re =     0.200 e 6     Ncrit =   9.000
  
   alpha    CL        CD       CDp       CM     Top_Xtr  Bot_Xtr
  ------ -------- --------- --------- -------- -------- --------
  -2.000   0.1487   0.02077   0.01292  -0.1152   0.6841   0.4135
  -1.500   0.2115   0.02061   0.01264  -0.1171   0.6676   0.4269
  -1.000   0.2732   0.02060   0.01260  -0.1184   0.6514   0.4400
  -0.500   0.3138   0.02076   0.01274  -0.1162   0.6346   0.4527
   0.000   0.3804   0.02083   0.01276  -0.1185   0.6199   0.4669
   0.500   0.4191   0.02103   0.01297  -0.1158   0.6041   0.4801
   1.000   0.4743   0.02131   0.01324  -0.1160   0.5899   0.4944
   1.500   0.5238   0.02148   0.01337  -0.1153   0.5756   0.5088
   2.000   0.5702   0.02193   0.01386  -0.1141   0.5619   0.5234
   2.500   0.6251   0.02212   0.01400  -0.1143   0.5486   0.5387
   3.000   0.6651   0.02271   0.01465  -0.1119   0.5354   0.5538
   3.500   0.7214   0.02296   0.01485  -0.1124   0.5230   0.5695
   4.000   0.7565   0.02369   0.01566  -0.1093   0.5104   0.5853
   4.500   0.8103   0.02404   0.01597  -0.1093   0.4987   0.6012
   5.000   0.8444   0.02488   0.01689  -0.1062   0.4869   0.6177
   5.500   0.8921   0.02536   0.01737  -0.1051   0.4757   0.6333
   6.000   0.9270   0.02633   0.01838  -0.1024   0.4645   0.6503
   6.500   0.9663   0.02698   0.01911  -0.0998   0.4539   0.6653
   7.000   1.0037   0.02801   0.02016  -0.0977   0.4433   0.6826
   7.500   1.0334   0.02895   0.02121  -0.0936   0.4330   0.6965
   8.000   1.0757   0.02997   0.02219  -0.0923   0.4232   0.7135
   8.500   1.0946   0.03129   0.02366  -0.0869   0.4132   0.7263
   9.000   1.1443   0.03216   0.02441  -0.0868   0.4040   0.7426
   9.500   1.1496   0.03403   0.02651  -0.0798   0.3943   0.7546
  10.000   1.2056   0.03462   0.02690  -0.0805   0.3854   0.7700
