  
       XFOIL         Version 6.99
  
 Calculated polar for: NACA 1722                                       
  
 1 1 Reynolds number fixed          Mach number fixed         
  
 xtrf =   1.000 (top)        1.000 (bottom)  
 Mach =   0.050     Re =     0.200 e 6     Ncrit =   9.000
  
   alpha    CL        CD       CDp       CM     Top_Xtr  Bot_Xtr
  ------ -------- --------- --------- -------- -------- --------
  -2.000  -0.0773   0.01456   0.00755  -0.0412   0.7906   0.5191
  -1.500  -0.0182   0.01420   0.00719  -0.0411   0.7660   0.5433
  -1.000   0.0342   0.01403   0.00703  -0.0398   0.7376   0.5672
  -0.500   0.0875   0.01393   0.00692  -0.0387   0.7094   0.5915
   0.000   0.1416   0.01393   0.00687  -0.0377   0.6824   0.6160
   0.500   0.1953   0.01403   0.00691  -0.0367   0.6562   0.6408
   1.000   0.2451   0.01416   0.00705  -0.0350   0.6298   0.6654
   1.500   0.2950   0.01433   0.00721  -0.0333   0.6042   0.6901
   2.000   0.3445   0.01451   0.00739  -0.0316   0.5795   0.7148
   2.500   0.3935   0.01472   0.00759  -0.0297   0.5556   0.7395
   3.000   0.4417   0.01495   0.00782  -0.0277   0.5325   0.7643
   3.500   0.4889   0.01521   0.00808  -0.0255   0.5100   0.7893
   4.000   0.5350   0.01549   0.00837  -0.0230   0.4881   0.8145
   4.500   0.5796   0.01582   0.00870  -0.0203   0.4667   0.8401
   5.000   0.6229   0.01619   0.00908  -0.0173   0.4460   0.8663
   5.500   0.6654   0.01662   0.00950  -0.0142   0.4257   0.8934
   6.000   0.7091   0.01712   0.00997  -0.0115   0.4057   0.9213
   6.500   0.7671   0.01781   0.01062  -0.0118   0.3845   0.9438
   7.000   0.8375   0.01865   0.01137  -0.0150   0.3625   0.9622
   7.500   0.9166   0.01961   0.01222  -0.0204   0.3401   0.9771
   8.000   0.9976   0.02063   0.01310  -0.0265   0.3180   0.9902
   8.500   1.0511   0.02134   0.01376  -0.0278   0.2991   1.0000
   9.000   1.0198   0.02128   0.01375  -0.0129   0.2893   1.0000
   9.500   1.0288   0.02196   0.01434  -0.0054   0.2762   1.0000
  10.000   1.0499   0.02294   0.01521  -0.0003   0.2625   1.0000
