  
       XFOIL         Version 6.99
  
 Calculated polar for: NACA 7616                                       
  
 1 1 Reynolds number fixed          Mach number fixed         
  
 xtrf =   1.000 (top)        1.000 (bottom)  
 Mach =   0.050     Re =     0.200 e 6     Ncrit =   9.000
  
   alpha    CL        CD       CDp       CM     Top_Xtr  Bot_Xtr
  ------ -------- --------- --------- -------- -------- --------
  -2.000   0.3775   0.03305   0.02570  -0.1862   0.8183   0.2370
  -1.500   0.4411   0.03289   0.02565  -0.1878   0.8115   0.2711
  -0.500   0.5789   0.03189   0.02484  -0.1922   0.7996   0.3517
   0.500   0.7005   0.03119   0.02438  -0.1936   0.7834   0.4361
   1.000   0.7812   0.02989   0.02318  -0.1972   0.7816   0.4864
   2.000   0.9017   0.02853   0.02212  -0.1975   0.7654   0.5725
   3.500   1.1120   0.02427   0.01821  -0.2020   0.7484   0.7037
   4.500   1.2458   0.02105   0.01549  -0.2038   0.7310   0.8557
   5.500   1.3540   0.01990   0.01427  -0.2023   0.6974   1.0000
   6.000   1.3864   0.02042   0.01476  -0.1980   0.6724   1.0000
   6.500   1.4423   0.02015   0.01439  -0.1975   0.6492   1.0000
   7.000   1.4882   0.02043   0.01455  -0.1956   0.6220   1.0000
   7.500   1.5406   0.02065   0.01456  -0.1947   0.5939   1.0000
   8.000   1.5687   0.02186   0.01568  -0.1899   0.5637   1.0000
   8.500   1.5978   0.02310   0.01680  -0.1855   0.5347   1.0000
   9.000   1.6183   0.02468   0.01831  -0.1799   0.5059   1.0000
   9.500   1.6359   0.02647   0.02007  -0.1740   0.4778   1.0000
  10.000   1.6516   0.02843   0.02197  -0.1682   0.4495   1.0000
