  
       XFOIL         Version 6.99
  
 Calculated polar for: NACA 2216                                       
  
 1 1 Reynolds number fixed          Mach number fixed         
  
 xtrf =   1.000 (top)        1.000 (bottom)  
 Mach =   0.050     Re =     0.200 e 6     Ncrit =   9.000
  
   alpha    CL        CD       CDp       CM     Top_Xtr  Bot_Xtr
  ------ -------- --------- --------- -------- -------- --------
  -2.000  -0.0169   0.01125   0.00548  -0.0361   0.8086   0.6668
  -1.500   0.0333   0.01108   0.00536  -0.0337   0.7768   0.7231
  -1.000   0.0848   0.01100   0.00530  -0.0314   0.7444   0.7739
  -0.500   0.1360   0.01108   0.00530  -0.0290   0.7115   0.8232
   0.000   0.1883   0.01134   0.00548  -0.0266   0.6764   0.8674
   0.500   0.2450   0.01178   0.00574  -0.0251   0.6391   0.9048
   1.000   0.3117   0.01223   0.00591  -0.0263   0.5983   0.9289
   1.500   0.3868   0.01269   0.00612  -0.0297   0.5530   0.9486
   2.000   0.4708   0.01321   0.00628  -0.0353   0.5056   0.9637
   2.500   0.5536   0.01371   0.00647  -0.0411   0.4591   0.9791
   3.000   0.6395   0.01421   0.00668  -0.0478   0.4201   0.9926
   3.500   0.7120   0.01466   0.00683  -0.0521   0.3922   1.0000
   4.000   0.7510   0.01503   0.00707  -0.0496   0.3744   1.0000
   4.500   0.7897   0.01543   0.00740  -0.0468   0.3594   1.0000
   5.000   0.8292   0.01596   0.00786  -0.0441   0.3473   1.0000
   5.500   0.8699   0.01662   0.00837  -0.0416   0.3365   1.0000
   6.000   0.9094   0.01712   0.00894  -0.0387   0.3265   1.0000
   6.500   0.9519   0.01790   0.00962  -0.0364   0.3176   1.0000
   7.000   0.9920   0.01849   0.01030  -0.0336   0.3084   1.0000
   7.500   1.0364   0.01938   0.01112  -0.0318   0.3000   1.0000
   8.000   1.0760   0.02004   0.01191  -0.0290   0.2911   1.0000
   8.500   1.1208   0.02099   0.01281  -0.0273   0.2825   1.0000
   9.000   1.1597   0.02168   0.01366  -0.0245   0.2731   1.0000
   9.500   1.2028   0.02265   0.01464  -0.0227   0.2640   1.0000
  10.000   1.2412   0.02334   0.01544  -0.0200   0.2542   1.0000
