  
       XFOIL         Version 6.99
  
 Calculated polar for: NACA 5216                                       
  
 1 1 Reynolds number fixed          Mach number fixed         
  
 xtrf =   1.000 (top)        1.000 (bottom)  
 Mach =   0.050     Re =     0.200 e 6     Ncrit =   9.000
  
   alpha    CL        CD       CDp       CM     Top_Xtr  Bot_Xtr
  ------ -------- --------- --------- -------- -------- --------
  -2.000   0.3071   0.01885   0.01055  -0.0866   0.6560   0.0801
  -1.500   0.3576   0.01767   0.00905  -0.0849   0.6176   0.0863
  -1.000   0.4068   0.01711   0.00813  -0.0829   0.5737   0.0938
  -0.500   0.4526   0.01652   0.00735  -0.0807   0.5226   0.1034
   0.000   0.4956   0.01630   0.00686  -0.0781   0.4659   0.1152
   0.500   0.5375   0.01635   0.00661  -0.0754   0.4153   0.1308
   1.000   0.5811   0.01640   0.00645  -0.0733   0.3826   0.1544
   1.500   0.6157   0.01486   0.00654  -0.0697   0.3639   0.7050
   2.000   0.7211   0.01540   0.00724  -0.0787   0.3455   1.0000
   2.500   0.7625   0.01599   0.00753  -0.0761   0.3363   1.0000
   3.000   0.8075   0.01664   0.00797  -0.0742   0.3294   1.0000
   3.500   0.8541   0.01724   0.00843  -0.0727   0.3234   1.0000
   4.000   0.9034   0.01799   0.00898  -0.0717   0.3183   1.0000
   4.500   0.9542   0.01883   0.00970  -0.0711   0.3137   1.0000
   5.000   1.0030   0.01953   0.01039  -0.0702   0.3094   1.0000
   5.500   1.0536   0.02034   0.01115  -0.0696   0.3056   1.0000
   6.000   1.1057   0.02124   0.01197  -0.0694   0.3022   1.0000
   6.500   1.1618   0.02258   0.01319  -0.0702   0.2988   1.0000
   7.000   1.2083   0.02348   0.01422  -0.0691   0.2960   1.0000
   7.500   1.2550   0.02453   0.01539  -0.0682   0.2930   1.0000
   8.000   1.3023   0.02568   0.01664  -0.0674   0.2902   1.0000
   8.500   1.3499   0.02690   0.01794  -0.0669   0.2875   1.0000
   9.000   1.3993   0.02818   0.01924  -0.0667   0.2846   1.0000
   9.500   1.4519   0.03031   0.02136  -0.0675   0.2815   1.0000
  10.000   1.4867   0.03180   0.02316  -0.0650   0.2797   1.0000
