  
       XFOIL         Version 6.99
  
 Calculated polar for: NACA 6504                                       
  
 1 1 Reynolds number fixed          Mach number fixed         
  
 xtrf =   1.000 (top)        1.000 (bottom)  
 Mach =   0.050     Re =     0.200 e 6     Ncrit =   9.000
  
   alpha    CL        CD       CDp       CM     Top_Xtr  Bot_Xtr
  ------ -------- --------- --------- -------- -------- --------
  -2.000   0.3951   0.02179   0.01565  -0.1661   0.9361   0.0285
  -1.500   0.4861   0.01766   0.01064  -0.1735   0.9345   0.0367
  -1.000   0.5740   0.01513   0.00811  -0.1803   0.9325   0.1478
   0.000   0.7063   0.01316   0.00759  -0.1851   0.9190   1.0000
   0.500   0.7646   0.01326   0.00755  -0.1856   0.9084   1.0000
   1.000   0.8237   0.01328   0.00751  -0.1862   0.8984   1.0000
   1.500   0.8891   0.01301   0.00727  -0.1878   0.8917   1.0000
   2.000   0.9443   0.01304   0.00752  -0.1874   0.8797   1.0000
   2.500   0.9997   0.01305   0.00776  -0.1870   0.8674   1.0000
   3.000   1.0511   0.01038   0.00510  -0.1804   0.7984   1.0000
   3.500   1.0309   0.01620   0.00675  -0.1636   0.0435   1.0000
