  
       XFOIL         Version 6.99
  
 Calculated polar for: NACA 5530                                       
  
 1 1 Reynolds number fixed          Mach number fixed         
  
 xtrf =   1.000 (top)        1.000 (bottom)  
 Mach =   0.050     Re =     0.200 e 6     Ncrit =   9.000
  
   alpha    CL        CD       CDp       CM     Top_Xtr  Bot_Xtr
  ------ -------- --------- --------- -------- -------- --------
  -2.000   0.2617   0.02148   0.01317  -0.1154   0.6576   0.3523
  -1.500   0.3164   0.02132   0.01287  -0.1153   0.6476   0.3678
  -1.000   0.3573   0.02130   0.01297  -0.1128   0.6375   0.3827
  -0.500   0.4017   0.02114   0.01280  -0.1108   0.6270   0.3989
   0.000   0.4499   0.02127   0.01289  -0.1097   0.6176   0.4163
   0.500   0.4842   0.02127   0.01300  -0.1059   0.6067   0.4329
   1.000   0.5449   0.02129   0.01297  -0.1071   0.5980   0.4534
   1.500   0.5699   0.02170   0.01345  -0.1019   0.5868   0.4718
   2.000   0.6424   0.02155   0.01328  -0.1052   0.5786   0.4959
   2.500   0.6559   0.02227   0.01415  -0.0983   0.5672   0.5154
   3.000   0.7384   0.02198   0.01376  -0.1031   0.5594   0.5444
   3.500   0.7395   0.02310   0.01509  -0.0945   0.5480   0.5667
   4.000   0.8129   0.02286   0.01481  -0.0976   0.5400   0.6000
   4.500   0.8196   0.02405   0.01627  -0.0903   0.5292   0.6288
   5.000   0.8836   0.02394   0.01616  -0.0919   0.5210   0.6699
   5.500   0.8953   0.02516   0.01770  -0.0856   0.5108   0.7115
   6.000   0.9451   0.02522   0.01792  -0.0847   0.5023   0.7730
   6.500   0.9576   0.02632   0.01940  -0.0778   0.4931   0.8628
   7.000   1.0250   0.02690   0.02004  -0.0810   0.4837   1.0000
   7.500   1.0512   0.02811   0.02114  -0.0781   0.4749   1.0000
   8.000   1.0776   0.02930   0.02225  -0.0751   0.4655   1.0000
   8.500   1.1216   0.03018   0.02300  -0.0746   0.4575   1.0000
   9.000   1.1281   0.03234   0.02519  -0.0695   0.4476   1.0000
   9.500   1.1953   0.03236   0.02500  -0.0718   0.4406   1.0000
  10.000   1.1732   0.03604   0.02885  -0.0640   0.4298   1.0000
