  
       XFOIL         Version 6.99
  
 Calculated polar for: NACA 1834                                       
  
 1 1 Reynolds number fixed          Mach number fixed         
  
 xtrf =   1.000 (top)        1.000 (bottom)  
 Mach =   0.050     Re =     0.200 e 6     Ncrit =   9.000
  
   alpha    CL        CD       CDp       CM     Top_Xtr  Bot_Xtr
  ------ -------- --------- --------- -------- -------- --------
  -2.000  -0.0617   0.02129   0.01297  -0.0407   0.6029   0.4647
  -1.500  -0.0250   0.02120   0.01266  -0.0374   0.5890   0.4765
  -1.000   0.0117   0.02112   0.01276  -0.0340   0.5745   0.4875
  -0.500   0.0582   0.02112   0.01255  -0.0326   0.5614   0.5003
   0.000   0.0868   0.02105   0.01266  -0.0276   0.5479   0.5116
   1.000   0.1620   0.02109   0.01271  -0.0213   0.5229   0.5372
   1.500   0.2167   0.02123   0.01265  -0.0214   0.5110   0.5518
   2.000   0.2332   0.02122   0.01287  -0.0143   0.4994   0.5642
   2.500   0.2838   0.02136   0.01283  -0.0136   0.4882   0.5795
   3.500   0.3489   0.02168   0.01323  -0.0057   0.4666   0.6087
   4.000   0.3825   0.02211   0.01387  -0.0022   0.4559   0.6237
   4.500   0.4224   0.02236   0.01407   0.0002   0.4456   0.6403
   5.000   0.4622   0.02292   0.01474   0.0025   0.4356   0.6568
   5.500   0.4967   0.02333   0.01521   0.0056   0.4256   0.6734
   6.000   0.5430   0.02391   0.01576   0.0066   0.4163   0.6918
   6.500   0.5681   0.02460   0.01664   0.0110   0.4066   0.7084
   7.000   0.6255   0.02505   0.01695   0.0102   0.3977   0.7276
   7.500   0.6360   0.02615   0.01833   0.0165   0.3886   0.7451
   8.000   0.6845   0.02665   0.01877   0.0172   0.3802   0.7635
   8.500   0.7014   0.02798   0.02026   0.0219   0.3716   0.7830
   9.000   0.7330   0.02883   0.02118   0.0249   0.3634   0.8009
   9.500   0.7656   0.02992   0.02229   0.0272   0.3555   0.8209
  10.000   0.7776   0.03141   0.02396   0.0322   0.3473   0.8409
