  
       XFOIL         Version 6.99
  
 Calculated polar for: NACA 4532                                       
  
 1 1 Reynolds number fixed          Mach number fixed         
  
 xtrf =   1.000 (top)        1.000 (bottom)  
 Mach =   0.050     Re =     0.200 e 6     Ncrit =   9.000
  
   alpha    CL        CD       CDp       CM     Top_Xtr  Bot_Xtr
  ------ -------- --------- --------- -------- -------- --------
  -2.000   0.1679   0.02170   0.01320  -0.0919   0.6387   0.3838
  -1.500   0.2050   0.02154   0.01316  -0.0886   0.6272   0.3966
  -1.000   0.2589   0.02144   0.01296  -0.0885   0.6174   0.4116
  -0.500   0.2835   0.02147   0.01308  -0.0829   0.6060   0.4248
   0.000   0.3501   0.02135   0.01290  -0.0852   0.5967   0.4417
   0.500   0.3589   0.02156   0.01318  -0.0768   0.5853   0.4554
   1.000   0.4413   0.02140   0.01294  -0.0819   0.5764   0.4750
   1.500   0.4394   0.02194   0.01355  -0.0719   0.5651   0.4891
   2.000   0.5116   0.02169   0.01330  -0.0750   0.5563   0.5106
   2.500   0.5234   0.02241   0.01419  -0.0679   0.5454   0.5277
   3.000   0.5846   0.02242   0.01408  -0.0692   0.5365   0.5501
   3.500   0.6071   0.02313   0.01503  -0.0642   0.5264   0.5714
   4.000   0.6571   0.02326   0.01519  -0.0636   0.5172   0.5964
   4.500   0.6915   0.02395   0.01596  -0.0608   0.5079   0.6222
   5.000   0.7272   0.02447   0.01656  -0.0582   0.4984   0.6510
   6.500   0.8679   0.02560   0.01802  -0.0552   0.4726   0.7656
   7.000   0.8491   0.02762   0.02048  -0.0449   0.4625   0.8157
   7.500   0.9039   0.02758   0.02049  -0.0440   0.4551   0.8840
   8.000   0.9203   0.03000   0.02315  -0.0402   0.4451   0.9546
   8.500   1.0224   0.03063   0.02359  -0.0497   0.4366   0.9914
   9.000   1.0231   0.03284   0.02585  -0.0450   0.4274   1.0000
   9.500   1.0492   0.03357   0.02644  -0.0420   0.4194   1.0000
  10.000   1.0654   0.03536   0.02819  -0.0385   0.4114   1.0000
  -2.000   0.1679   0.02170   0.01320  -0.0919   0.6387   0.3838
  -1.500   0.2050   0.02154   0.01316  -0.0886   0.6272   0.3966
  -1.000   0.2589   0.02144   0.01296  -0.0885   0.6174   0.4116
  -0.500   0.2835   0.02147   0.01308  -0.0829   0.6060   0.4248
   0.000   0.3501   0.02135   0.01290  -0.0852   0.5967   0.4417
   0.500   0.3589   0.02156   0.01318  -0.0768   0.5853   0.4554
   1.000   0.4413   0.02140   0.01294  -0.0819   0.5764   0.4750
   1.500   0.4394   0.02194   0.01355  -0.0719   0.5651   0.4891
   2.000   0.5116   0.02169   0.01330  -0.0750   0.5563   0.5106
   2.500   0.5234   0.02241   0.01419  -0.0679   0.5454   0.5277
   3.000   0.5846   0.02242   0.01408  -0.0692   0.5365   0.5501
   3.500   0.6071   0.02313   0.01503  -0.0642   0.5264   0.5714
   4.000   0.6571   0.02326   0.01519  -0.0636   0.5172   0.5964
   4.500   0.6915   0.02395   0.01596  -0.0608   0.5079   0.6222
   5.000   0.7272   0.02447   0.01656  -0.0582   0.4984   0.6510
   6.500   0.8679   0.02560   0.01802  -0.0552   0.4726   0.7656
   7.000   0.8491   0.02762   0.02048  -0.0449   0.4625   0.8157
   7.500   0.9039   0.02758   0.02049  -0.0440   0.4551   0.8840
   8.000   0.9203   0.03000   0.02315  -0.0402   0.4451   0.9546
   8.500   1.0224   0.03063   0.02359  -0.0497   0.4366   0.9914
   9.000   1.0231   0.03284   0.02585  -0.0450   0.4274   1.0000
   9.500   1.0492   0.03357   0.02644  -0.0420   0.4194   1.0000
  10.000   1.0654   0.03536   0.02819  -0.0385   0.4114   1.0000
  -2.000   0.1679   0.02170   0.01320  -0.0919   0.6387   0.3838
  -1.500   0.2050   0.02154   0.01316  -0.0886   0.6272   0.3966
  -1.000   0.2589   0.02144   0.01296  -0.0885   0.6174   0.4116
  -0.500   0.2835   0.02147   0.01308  -0.0829   0.6060   0.4248
   0.000   0.3501   0.02135   0.01290  -0.0852   0.5967   0.4417
   0.500   0.3589   0.02156   0.01318  -0.0768   0.5853   0.4554
   1.000   0.4413   0.02140   0.01294  -0.0819   0.5764   0.4750
   1.500   0.4394   0.02194   0.01355  -0.0719   0.5651   0.4891
   2.000   0.5116   0.02169   0.01330  -0.0750   0.5563   0.5106
   2.500   0.5234   0.02241   0.01419  -0.0679   0.5454   0.5277
   3.000   0.5846   0.02242   0.01408  -0.0692   0.5365   0.5501
   3.500   0.6071   0.02313   0.01503  -0.0642   0.5264   0.5714
   4.000   0.6571   0.02326   0.01519  -0.0636   0.5172   0.5964
   4.500   0.6915   0.02395   0.01596  -0.0608   0.5079   0.6222
   5.000   0.7272   0.02447   0.01656  -0.0582   0.4984   0.6510
   6.500   0.8679   0.02560   0.01802  -0.0552   0.4726   0.7656
   7.000   0.8491   0.02762   0.02048  -0.0449   0.4625   0.8157
   7.500   0.9039   0.02758   0.02049  -0.0440   0.4551   0.8840
   8.000   0.9203   0.03000   0.02315  -0.0402   0.4451   0.9546
   8.500   1.0224   0.03063   0.02359  -0.0497   0.4366   0.9914
   9.000   1.0231   0.03284   0.02585  -0.0450   0.4274   1.0000
   9.500   1.0492   0.03357   0.02644  -0.0420   0.4194   1.0000
  10.000   1.0654   0.03536   0.02819  -0.0385   0.4114   1.0000
