  
       XFOIL         Version 6.99
  
 Calculated polar for: NACA 6420                                       
  
 1 1 Reynolds number fixed          Mach number fixed         
  
 xtrf =   1.000 (top)        1.000 (bottom)  
 Mach =   0.050     Re =     0.200 e 6     Ncrit =   9.000
  
   alpha    CL        CD       CDp       CM     Top_Xtr  Bot_Xtr
  ------ -------- --------- --------- -------- -------- --------
  -2.000   0.4527   0.01678   0.00807  -0.1444   0.6645   0.2304
  -1.500   0.5016   0.01655   0.00792  -0.1431   0.6481   0.2547
  -1.000   0.5531   0.01648   0.00790  -0.1423   0.6337   0.2837
  -0.500   0.6079   0.01642   0.00781  -0.1421   0.6210   0.3199
   0.000   0.6587   0.01630   0.00782  -0.1413   0.6083   0.3659
   0.500   0.7086   0.01611   0.00801  -0.1405   0.5971   0.4502
   1.000   0.7533   0.01555   0.00833  -0.1379   0.5868   0.7177
   1.500   0.8227   0.01569   0.00888  -0.1393   0.5764   0.9667
   2.000   0.8991   0.01609   0.00899  -0.1439   0.5666   1.0000
   2.500   0.9398   0.01661   0.00941  -0.1414   0.5577   1.0000
   3.000   0.9884   0.01704   0.00967  -0.1403   0.5490   1.0000
   3.500   1.0376   0.01765   0.01016  -0.1394   0.5410   1.0000
   4.000   1.0824   0.01819   0.01065  -0.1376   0.5324   1.0000
   4.500   1.1429   0.01881   0.01104  -0.1389   0.5249   1.0000
   5.000   1.1778   0.01948   0.01182  -0.1354   0.5167   1.0000
   5.500   1.2311   0.02001   0.01223  -0.1353   0.5090   1.0000
   6.000   1.2759   0.02084   0.01307  -0.1338   0.5014   1.0000
   6.500   1.3169   0.02152   0.01377  -0.1316   0.4932   1.0000
   7.000   1.3809   0.02222   0.01429  -0.1337   0.4861   1.0000
   7.500   1.4016   0.02315   0.01544  -0.1279   0.4779   1.0000
   8.000   1.4538   0.02372   0.01594  -0.1278   0.4703   1.0000
   8.500   1.4859   0.02476   0.01707  -0.1243   0.4626   1.0000
   9.000   1.5148   0.02561   0.01799  -0.1203   0.4544   1.0000
   9.500   1.5728   0.02633   0.01863  -0.1214   0.4471   1.0000
  10.000   1.5729   0.02779   0.02033  -0.1129   0.4384   1.0000
