  
       XFOIL         Version 6.99
  
 Calculated polar for: NACA 2404                                       
  
 1 1 Reynolds number fixed          Mach number fixed         
  
 xtrf =   1.000 (top)        1.000 (bottom)  
 Mach =   0.050     Re =     0.200 e 6     Ncrit =   9.000
  
   alpha    CL        CD       CDp       CM     Top_Xtr  Bot_Xtr
  ------ -------- --------- --------- -------- -------- --------
  -2.000  -0.0420   0.01251   0.00477  -0.0437   1.0000   0.0319
  -1.500   0.0138   0.01037   0.00265  -0.0436   1.0000   0.0726
  -0.500   0.1170   0.00721   0.00185  -0.0423   1.0000   1.0000
   0.000   0.1686   0.00740   0.00185  -0.0420   1.0000   1.0000
   0.500   0.2197   0.00766   0.00204  -0.0417   1.0000   1.0000
   1.000   0.2707   0.00803   0.00243  -0.0418   0.9997   1.0000
   1.500   0.3636   0.00822   0.00275  -0.0503   0.9798   1.0000
   2.000   0.4535   0.00817   0.00300  -0.0574   0.9546   1.0000
   2.500   0.5169   0.00770   0.00284  -0.0559   0.8598   1.0000
   3.000   0.5377   0.01115   0.00307  -0.0471   0.1511   1.0000
   3.500   0.5835   0.01451   0.00606  -0.0449   0.0314   1.0000
   4.000   0.6124   0.00790  -0.00010  -0.0396   0.0226   1.0000
   4.500   0.6655   0.01124   0.00386  -0.0367   0.0293   1.0000
