  
       XFOIL         Version 6.99
  
 Calculated polar for: NACA 8516                                       
  
 1 1 Reynolds number fixed          Mach number fixed         
  
 xtrf =   1.000 (top)        1.000 (bottom)  
 Mach =   0.050     Re =     0.200 e 6     Ncrit =   9.000
  
   alpha    CL        CD       CDp       CM     Top_Xtr  Bot_Xtr
  ------ -------- --------- --------- -------- -------- --------
  -2.000   0.6794   0.02001   0.01228  -0.2204   0.7778   0.1869
  -1.500   0.7273   0.02005   0.01232  -0.2191   0.7677   0.2122
  -1.000   0.7975   0.01938   0.01170  -0.2218   0.7614   0.2461
  -0.500   0.8561   0.01919   0.01156  -0.2225   0.7532   0.2820
   0.000   0.9150   0.01896   0.01139  -0.2231   0.7444   0.3227
   0.500   0.9752   0.01882   0.01132  -0.2241   0.7362   0.3694
   1.000   1.0313   0.01869   0.01131  -0.2242   0.7268   0.4209
   1.500   1.0855   0.01871   0.01149  -0.2241   0.7174   0.4815
   2.000   1.1455   0.01842   0.01141  -0.2249   0.7085   0.5662
   2.500   1.1856   0.01823   0.01186  -0.2217   0.6979   0.7760
   3.000   1.2502   0.01787   0.01141  -0.2231   0.6896   1.0000
   3.500   1.2882   0.01855   0.01203  -0.2200   0.6775   1.0000
   4.000   1.3599   0.01850   0.01178  -0.2232   0.6695   1.0000
   4.500   1.3960   0.01912   0.01242  -0.2197   0.6570   1.0000
   5.000   1.4394   0.01969   0.01296  -0.2176   0.6458   1.0000
   5.500   1.5061   0.01972   0.01287  -0.2198   0.6363   1.0000
   6.000   1.5322   0.02055   0.01378  -0.2145   0.6233   1.0000
   6.500   1.5733   0.02113   0.01436  -0.2120   0.6118   1.0000
   7.000   1.6357   0.02128   0.01444  -0.2135   0.6010   1.0000
   7.500   1.6535   0.02231   0.01557  -0.2068   0.5875   1.0000
   8.000   1.6843   0.02319   0.01651  -0.2028   0.5747   1.0000
   8.500   1.7319   0.02365   0.01696  -0.2016   0.5626   1.0000
   9.000   1.7663   0.02438   0.01772  -0.1982   0.5491   1.0000
   9.500   1.7814   0.02573   0.01920  -0.1918   0.5343   1.0000
  10.000   1.7998   0.02708   0.02064  -0.1861   0.5190   1.0000
