  
       XFOIL         Version 6.99
  
 Calculated polar for: NACA 5716                                       
  
 1 1 Reynolds number fixed          Mach number fixed         
  
 xtrf =   1.000 (top)        1.000 (bottom)  
 Mach =   0.050     Re =     0.200 e 6     Ncrit =   9.000
  
   alpha    CL        CD       CDp       CM     Top_Xtr  Bot_Xtr
  ------ -------- --------- --------- -------- -------- --------
  -2.000   0.1936   0.02805   0.02112  -0.1458   0.8896   0.3664
  -1.500   0.2787   0.02774   0.02096  -0.1512   0.8844   0.4110
  -1.000   0.3404   0.02736   0.02071  -0.1521   0.8711   0.4507
  -0.500   0.4264   0.02675   0.02025  -0.1572   0.8672   0.4953
   0.000   0.4861   0.02615   0.01979  -0.1574   0.8533   0.5338
   0.500   0.5468   0.02554   0.01931  -0.1576   0.8397   0.5720
   1.000   0.6267   0.02445   0.01835  -0.1609   0.8347   0.6114
   1.500   0.6869   0.02355   0.01762  -0.1605   0.8211   0.6425
   2.000   0.7460   0.02264   0.01680  -0.1599   0.8064   0.6738
   3.000   0.8627   0.02035   0.01472  -0.1578   0.7744   0.7289
   3.500   0.9272   0.01888   0.01335  -0.1578   0.7546   0.7545
   4.000   0.9993   0.01742   0.01188  -0.1594   0.7242   0.7819
   4.500   1.0970   0.01564   0.00991  -0.1657   0.6864   0.8085
   5.500   1.2015   0.01624   0.01014  -0.1633   0.5978   0.8644
   6.000   1.2311   0.01678   0.01064  -0.1579   0.5601   0.9095
   6.500   1.2632   0.01754   0.01129  -0.1536   0.5227   1.0000
   7.000   1.2986   0.01869   0.01227  -0.1504   0.4853   1.0000
   7.500   1.3308   0.01993   0.01335  -0.1465   0.4486   1.0000
   8.000   1.3599   0.02129   0.01456  -0.1423   0.4123   1.0000
   8.500   1.3866   0.02279   0.01592  -0.1377   0.3760   1.0000
   9.000   1.4112   0.02445   0.01745  -0.1330   0.3398   1.0000
   9.500   1.4333   0.02632   0.01919  -0.1281   0.3038   1.0000
  10.000   1.4530   0.02842   0.02116  -0.1231   0.2686   1.0000
