  
       XFOIL         Version 6.99
  
 Calculated polar for: NACA 4620                                       
  
 1 1 Reynolds number fixed          Mach number fixed         
  
 xtrf =   1.000 (top)        1.000 (bottom)  
 Mach =   0.050     Re =     0.200 e 6     Ncrit =   9.000
  
   alpha    CL        CD       CDp       CM     Top_Xtr  Bot_Xtr
  ------ -------- --------- --------- -------- -------- --------
  -2.000   0.1702   0.02005   0.01290  -0.1138   0.8123   0.3983
  -1.500   0.2611   0.01884   0.01174  -0.1195   0.8096   0.4330
  -0.500   0.4015   0.01727   0.01037  -0.1235   0.7907   0.4969
   0.000   0.4584   0.01681   0.01000  -0.1230   0.7763   0.5271
   0.500   0.5373   0.01599   0.00926  -0.1265   0.7661   0.5605
   1.000   0.6027   0.01551   0.00877  -0.1275   0.7505   0.5931
   1.500   0.6592   0.01517   0.00851  -0.1269   0.7315   0.6226
   2.000   0.7170   0.01491   0.00826  -0.1266   0.7111   0.6533
   2.500   0.7670   0.01484   0.00819  -0.1249   0.6879   0.6848
   3.000   0.8135   0.01480   0.00822  -0.1225   0.6631   0.7158
   3.500   0.8622   0.01484   0.00826  -0.1206   0.6386   0.7514
   4.000   0.9107   0.01492   0.00835  -0.1186   0.6145   0.7912
   4.500   0.9541   0.01509   0.00856  -0.1156   0.5911   0.8454
   5.000   1.0020   0.01529   0.00889  -0.1136   0.5666   1.0000
   5.500   1.0447   0.01587   0.00928  -0.1116   0.5433   1.0000
   6.000   1.0842   0.01651   0.00977  -0.1088   0.5209   1.0000
   6.500   1.1219   0.01722   0.01034  -0.1057   0.4991   1.0000
   7.000   1.1581   0.01799   0.01100  -0.1024   0.4777   1.0000
   7.500   1.1927   0.01883   0.01175  -0.0989   0.4566   1.0000
   8.000   1.2254   0.01976   0.01259  -0.0952   0.4358   1.0000
   8.500   1.2563   0.02079   0.01355  -0.0914   0.4153   1.0000
   9.000   1.2856   0.02194   0.01463  -0.0875   0.3950   1.0000
   9.500   1.3130   0.02322   0.01586  -0.0836   0.3750   1.0000
  10.000   1.3387   0.02465   0.01724  -0.0796   0.3553   1.0000
  -2.000   0.1702   0.02005   0.01290  -0.1138   0.8123   0.3983
  -1.500   0.2611   0.01884   0.01174  -0.1195   0.8096   0.4330
  -0.500   0.4015   0.01727   0.01037  -0.1235   0.7907   0.4969
   0.000   0.4584   0.01681   0.01000  -0.1230   0.7763   0.5271
   0.500   0.5373   0.01599   0.00926  -0.1265   0.7661   0.5605
   1.000   0.6027   0.01551   0.00877  -0.1275   0.7505   0.5931
   1.500   0.6592   0.01517   0.00851  -0.1269   0.7315   0.6226
   2.000   0.7170   0.01491   0.00826  -0.1266   0.7111   0.6533
   2.500   0.7670   0.01484   0.00819  -0.1249   0.6879   0.6848
   3.000   0.8135   0.01480   0.00822  -0.1225   0.6631   0.7158
   3.500   0.8622   0.01484   0.00826  -0.1206   0.6386   0.7514
   4.000   0.9107   0.01492   0.00835  -0.1186   0.6145   0.7912
   4.500   0.9541   0.01509   0.00856  -0.1156   0.5911   0.8454
   5.000   1.0020   0.01529   0.00889  -0.1136   0.5666   1.0000
   5.500   1.0447   0.01587   0.00928  -0.1116   0.5433   1.0000
   6.000   1.0842   0.01651   0.00977  -0.1088   0.5209   1.0000
   6.500   1.1219   0.01722   0.01034  -0.1057   0.4991   1.0000
   7.000   1.1581   0.01799   0.01100  -0.1024   0.4777   1.0000
   7.500   1.1927   0.01883   0.01175  -0.0989   0.4566   1.0000
   8.000   1.2254   0.01976   0.01259  -0.0952   0.4358   1.0000
   8.500   1.2563   0.02079   0.01355  -0.0914   0.4153   1.0000
   9.000   1.2856   0.02194   0.01463  -0.0875   0.3950   1.0000
   9.500   1.3130   0.02322   0.01586  -0.0836   0.3750   1.0000
  10.000   1.3387   0.02465   0.01724  -0.0796   0.3553   1.0000
