  
       XFOIL         Version 6.99
  
 Calculated polar for: NACA 7328                                       
  
 1 1 Reynolds number fixed          Mach number fixed         
  
 xtrf =   1.000 (top)        1.000 (bottom)  
 Mach =   0.050     Re =     0.200 e 6     Ncrit =   9.000
  
   alpha    CL        CD       CDp       CM     Top_Xtr  Bot_Xtr
  ------ -------- --------- --------- -------- -------- --------
  -2.000   0.3671   0.02271   0.01273  -0.1019   0.4889   0.1739
  -1.000   0.4533   0.02257   0.01254  -0.0981   0.4688   0.1948
  -0.500   0.5034   0.02268   0.01254  -0.0975   0.4605   0.2085
   0.000   0.5476   0.02278   0.01273  -0.0961   0.4533   0.2246
   0.500   0.5913   0.02287   0.01291  -0.0945   0.4468   0.2445
   1.000   0.6460   0.02290   0.01293  -0.0950   0.4413   0.2758
   1.500   0.6885   0.02222   0.01347  -0.0939   0.4365   0.5476
   2.000   0.7182   0.02245   0.01444  -0.0891   0.4316   0.7358
   2.500   0.7563   0.02297   0.01521  -0.0855   0.4271   0.8339
   3.000   0.8133   0.02372   0.01596  -0.0852   0.4231   0.9195
   3.500   0.9045   0.02509   0.01716  -0.0925   0.4189   0.9689
   4.000   0.9892   0.02665   0.01874  -0.1002   0.4142   0.9950
   4.500   1.0108   0.02736   0.01939  -0.0962   0.4106   1.0000
   5.000   1.0330   0.02804   0.01996  -0.0917   0.4076   1.0000
   5.500   1.0806   0.02880   0.02053  -0.0914   0.4046   1.0000
   6.000   1.1298   0.03008   0.02168  -0.0917   0.4013   1.0000
   6.500   1.1237   0.03194   0.02371  -0.0837   0.3983   1.0000
   7.000   1.1256   0.03427   0.02617  -0.0778   0.3950   1.0000
   7.500   1.1330   0.03676   0.02876  -0.0731   0.3917   1.0000
   8.000   1.1617   0.03855   0.03052  -0.0713   0.3885   1.0000
   8.500   1.2239   0.03931   0.03110  -0.0734   0.3857   1.0000
