  
       XFOIL         Version 6.99
  
 Calculated polar for: NACA 9734                                       
  
 1 1 Reynolds number fixed          Mach number fixed         
  
 xtrf =   1.000 (top)        1.000 (bottom)  
 Mach =   0.050     Re =     0.200 e 6     Ncrit =   9.000
  
   alpha    CL        CD       CDp       CM     Top_Xtr  Bot_Xtr
  ------ -------- --------- --------- -------- -------- --------
  -2.000   0.2124   0.04228   0.03488  -0.1777   0.6794   0.2937
  -1.500   0.3100   0.04016   0.03258  -0.1852   0.6784   0.3062
  -1.000   0.4081   0.03783   0.03034  -0.1922   0.6770   0.3187
   0.000   0.5409   0.03718   0.02964  -0.1980   0.6586   0.3419
   0.500   0.6562   0.03470   0.02700  -0.2083   0.6558   0.3575
   1.000   0.6659   0.03717   0.02959  -0.2025   0.6390   0.3663
   1.500   0.7791   0.03495   0.02718  -0.2125   0.6348   0.3829
   2.000   0.7786   0.03790   0.03029  -0.2052   0.6184   0.3916
   2.500   0.8841   0.03608   0.02826  -0.2139   0.6131   0.4089
   3.000   0.8791   0.03929   0.03169  -0.2060   0.5976   0.4177
   3.500   0.9721   0.03807   0.03023  -0.2128   0.5916   0.4344
   4.000   0.9700   0.04125   0.03366  -0.2055   0.5774   0.4448
   4.500   1.0478   0.04056   0.03285  -0.2098   0.5704   0.4618
   5.000   1.0624   0.04317   0.03560  -0.2053   0.5587   0.4735
   5.500   1.1141   0.04370   0.03613  -0.2057   0.5498   0.4889
   6.000   1.2129   0.04205   0.03430  -0.2130   0.5442   0.5079
   6.500   1.1722   0.04751   0.04007  -0.2007   0.5299   0.5161
   7.000   1.2569   0.04633   0.03870  -0.2059   0.5240   0.5353
   7.500   1.2270   0.05177   0.04445  -0.1957   0.5109   0.5442
   8.000   1.2930   0.05138   0.04395  -0.1981   0.5042   0.5623
   8.500   1.3087   0.05433   0.04702  -0.1943   0.4949   0.5750
   9.000   1.3179   0.05753   0.05035  -0.1895   0.4847   0.5872
   9.500   1.4061   0.05564   0.04826  -0.1946   0.4799   0.6067
  10.000   1.3316   0.06516   0.05819  -0.1809   0.4651   0.6117
