  
       XFOIL         Version 6.99
  
 Calculated polar for: NACA 3130                                       
  
 1 1 Reynolds number fixed          Mach number fixed         
  
 xtrf =   1.000 (top)        1.000 (bottom)  
 Mach =   0.050     Re =     0.200 e 6     Ncrit =   9.000
  
   alpha    CL        CD       CDp       CM     Top_Xtr  Bot_Xtr
  ------ -------- --------- --------- -------- -------- --------
  -2.000   0.0471   0.01853   0.01057  -0.0250   0.5744   0.5350
  -1.500   0.0880   0.01857   0.01075  -0.0220   0.5585   0.5540
  -1.000   0.1351   0.01863   0.01077  -0.0202   0.5439   0.5724
  -0.500   0.1771   0.01863   0.01068  -0.0175   0.5292   0.5901
   0.000   0.2193   0.01875   0.01087  -0.0149   0.5145   0.6079
   0.500   0.2697   0.01886   0.01090  -0.0139   0.5008   0.6263
   1.000   0.3037   0.01892   0.01101  -0.0098   0.4866   0.6458
   1.500   0.3441   0.01912   0.01120  -0.0070   0.4726   0.6662
   2.000   0.3899   0.01927   0.01127  -0.0051   0.4575   0.6866
   2.500   0.4065   0.01929   0.01144   0.0021   0.4424   0.7077
   3.000   0.4358   0.01955   0.01171   0.0068   0.4280   0.7307
   3.500   0.4783   0.01991   0.01196   0.0089   0.4152   0.7551
   4.000   0.5022   0.02044   0.01267   0.0141   0.4026   0.7806
   4.500   0.5388   0.02103   0.01327   0.0171   0.3906   0.8064
   5.500   0.5968   0.02254   0.01494   0.0252   0.3665   0.8612
   6.000   0.6305   0.02343   0.01577   0.0284   0.3549   0.8882
   6.500   0.6563   0.02473   0.01717   0.0323   0.3424   0.9145
   7.000   0.6955   0.02630   0.01873   0.0332   0.3295   0.9375
   7.500   0.7466   0.02809   0.02043   0.0312   0.3160   0.9560
   8.000   0.8128   0.03030   0.02255   0.0252   0.3008   0.9649
   8.500   0.8677   0.03270   0.02485   0.0207   0.2857   0.9774
   9.000   0.9197   0.03551   0.02759   0.0157   0.2704   0.9891
   9.500   0.9707   0.03865   0.03068   0.0101   0.2555   0.9976
  10.000   0.9608   0.04093   0.03301   0.0151   0.2453   1.0000
