  
       XFOIL         Version 6.99
  
 Calculated polar for: NACA 4210                                       
  
 1 1 Reynolds number fixed          Mach number fixed         
  
 xtrf =   1.000 (top)        1.000 (bottom)  
 Mach =   0.050     Re =     0.200 e 6     Ncrit =   9.000
  
   alpha    CL        CD       CDp       CM     Top_Xtr  Bot_Xtr
  ------ -------- --------- --------- -------- -------- --------
  -1.500   0.2616   0.01636   0.00912  -0.0765   0.8257   0.0635
  -1.000   0.3160   0.01482   0.00714  -0.0746   0.7851   0.0702
  -0.500   0.3676   0.01350   0.00562  -0.0729   0.7365   0.0826
   0.000   0.4180   0.01277   0.00463  -0.0710   0.6779   0.1011
   0.500   0.4666   0.01236   0.00395  -0.0692   0.6047   0.1325
   1.000   0.5222   0.01030   0.00360  -0.0687   0.5073   1.0000
   1.500   0.5676   0.01117   0.00370  -0.0666   0.4275   1.0000
   2.000   0.6161   0.01195   0.00397  -0.0653   0.3878   1.0000
   2.500   0.6669   0.01262   0.00432  -0.0644   0.3656   1.0000
   3.000   0.7186   0.01327   0.00474  -0.0637   0.3507   1.0000
   3.500   0.7710   0.01397   0.00524  -0.0632   0.3405   1.0000
   4.000   0.8238   0.01464   0.00580  -0.0628   0.3321   1.0000
   4.500   0.8769   0.01537   0.00647  -0.0625   0.3246   1.0000
   5.000   0.9301   0.01609   0.00716  -0.0622   0.3181   1.0000
   5.500   0.9838   0.01704   0.00805  -0.0622   0.3129   1.0000
   6.000   1.0362   0.01778   0.00894  -0.0618   0.3070   1.0000
   6.500   1.0894   0.01869   0.00989  -0.0617   0.3020   1.0000
   7.000   1.1424   0.01985   0.01113  -0.0617   0.2974   1.0000
   7.500   1.1930   0.02080   0.01235  -0.0611   0.2920   1.0000
   8.000   1.2448   0.02189   0.01358  -0.0609   0.2872   1.0000
   8.500   1.2960   0.02334   0.01520  -0.0607   0.2823   1.0000
   9.000   1.3432   0.02453   0.01679  -0.0598   0.2765   1.0000
   9.500   1.3917   0.02540   0.01773  -0.0591   0.2669   1.0000
  10.000   1.4330   0.02524   0.01771  -0.0571   0.2511   1.0000
  -1.500   0.2616   0.01636   0.00912  -0.0765   0.8257   0.0635
  -1.000   0.3160   0.01482   0.00714  -0.0746   0.7851   0.0702
  -0.500   0.3676   0.01350   0.00562  -0.0729   0.7365   0.0826
   0.000   0.4180   0.01277   0.00463  -0.0710   0.6779   0.1011
   0.500   0.4666   0.01236   0.00395  -0.0692   0.6047   0.1325
   1.000   0.5222   0.01030   0.00360  -0.0687   0.5073   1.0000
   1.500   0.5676   0.01117   0.00370  -0.0666   0.4275   1.0000
   2.000   0.6161   0.01195   0.00397  -0.0653   0.3878   1.0000
   2.500   0.6669   0.01262   0.00432  -0.0644   0.3656   1.0000
   3.000   0.7186   0.01327   0.00474  -0.0637   0.3507   1.0000
   3.500   0.7710   0.01397   0.00524  -0.0632   0.3405   1.0000
   4.000   0.8238   0.01464   0.00580  -0.0628   0.3321   1.0000
   4.500   0.8769   0.01537   0.00647  -0.0625   0.3246   1.0000
   5.000   0.9301   0.01609   0.00716  -0.0622   0.3181   1.0000
   5.500   0.9838   0.01704   0.00805  -0.0622   0.3129   1.0000
   6.000   1.0362   0.01778   0.00894  -0.0618   0.3070   1.0000
   6.500   1.0894   0.01869   0.00989  -0.0617   0.3020   1.0000
   7.000   1.1424   0.01985   0.01113  -0.0617   0.2974   1.0000
   7.500   1.1930   0.02080   0.01235  -0.0611   0.2920   1.0000
   8.000   1.2448   0.02189   0.01358  -0.0609   0.2872   1.0000
   8.500   1.2960   0.02334   0.01520  -0.0607   0.2823   1.0000
   9.000   1.3432   0.02453   0.01679  -0.0598   0.2765   1.0000
   9.500   1.3917   0.02540   0.01773  -0.0591   0.2669   1.0000
  10.000   1.4330   0.02524   0.01771  -0.0571   0.2511   1.0000
  -1.500   0.2616   0.01636   0.00912  -0.0765   0.8257   0.0635
  -1.000   0.3160   0.01482   0.00714  -0.0746   0.7851   0.0702
  -0.500   0.3676   0.01350   0.00562  -0.0729   0.7365   0.0826
   0.000   0.4180   0.01277   0.00463  -0.0710   0.6779   0.1011
   0.500   0.4666   0.01236   0.00395  -0.0692   0.6047   0.1325
   1.000   0.5222   0.01030   0.00360  -0.0687   0.5073   1.0000
   1.500   0.5676   0.01117   0.00370  -0.0666   0.4275   1.0000
   2.000   0.6161   0.01195   0.00397  -0.0653   0.3878   1.0000
   2.500   0.6669   0.01262   0.00432  -0.0644   0.3656   1.0000
   3.000   0.7186   0.01327   0.00474  -0.0637   0.3507   1.0000
   3.500   0.7710   0.01397   0.00524  -0.0632   0.3405   1.0000
   4.000   0.8238   0.01464   0.00580  -0.0628   0.3321   1.0000
   4.500   0.8769   0.01537   0.00647  -0.0625   0.3246   1.0000
   5.000   0.9301   0.01609   0.00716  -0.0622   0.3181   1.0000
   5.500   0.9838   0.01704   0.00805  -0.0622   0.3129   1.0000
   6.000   1.0362   0.01778   0.00894  -0.0618   0.3070   1.0000
   6.500   1.0894   0.01869   0.00989  -0.0617   0.3020   1.0000
   7.000   1.1424   0.01985   0.01113  -0.0617   0.2974   1.0000
   7.500   1.1930   0.02080   0.01235  -0.0611   0.2920   1.0000
   8.000   1.2448   0.02189   0.01358  -0.0609   0.2872   1.0000
   8.500   1.2960   0.02334   0.01520  -0.0607   0.2823   1.0000
   9.000   1.3432   0.02453   0.01679  -0.0598   0.2765   1.0000
   9.500   1.3917   0.02540   0.01773  -0.0591   0.2669   1.0000
  10.000   1.4330   0.02524   0.01771  -0.0571   0.2511   1.0000
