  
       XFOIL         Version 6.99
  
 Calculated polar for: NACA 3618                                       
  
 1 1 Reynolds number fixed          Mach number fixed         
  
 xtrf =   1.000 (top)        1.000 (bottom)  
 Mach =   0.050     Re =     0.200 e 6     Ncrit =   9.000
  
   alpha    CL        CD       CDp       CM     Top_Xtr  Bot_Xtr
  ------ -------- --------- --------- -------- -------- --------
  -2.000   0.1151   0.01704   0.01015  -0.0962   0.8504   0.4542
  -1.500   0.1731   0.01655   0.00978  -0.0959   0.8373   0.4885
  -1.000   0.2526   0.01561   0.00893  -0.0994   0.8309   0.5276
  -0.500   0.3101   0.01514   0.00859  -0.0989   0.8156   0.5622
   0.000   0.3724   0.01461   0.00816  -0.0992   0.8007   0.5972
   0.500   0.4358   0.01410   0.00769  -0.0996   0.7843   0.6332
   1.000   0.4950   0.01365   0.00734  -0.0993   0.7647   0.6668
   1.500   0.5518   0.01332   0.00706  -0.0986   0.7418   0.7024
   2.000   0.6081   0.01304   0.00681  -0.0977   0.7172   0.7392
   2.500   0.6583   0.01291   0.00675  -0.0957   0.6891   0.7785
   3.000   0.7065   0.01285   0.00674  -0.0933   0.6598   0.8251
   3.500   0.7505   0.01291   0.00686  -0.0898   0.6298   0.8873
   4.000   0.8233   0.01321   0.00704  -0.0925   0.5982   0.9672
   4.500   0.8864   0.01364   0.00728  -0.0947   0.5655   1.0000
   5.000   0.9291   0.01417   0.00755  -0.0923   0.5374   1.0000
   5.500   0.9679   0.01470   0.00798  -0.0891   0.5087   1.0000
   6.000   1.0081   0.01531   0.00841  -0.0861   0.4813   1.0000
   6.500   1.0453   0.01595   0.00896  -0.0826   0.4541   1.0000
   7.000   1.0783   0.01663   0.00953  -0.0784   0.4271   1.0000
   7.500   1.1106   0.01746   0.01019  -0.0742   0.4014   1.0000
   8.000   1.1406   0.01832   0.01104  -0.0698   0.3750   1.0000
   8.500   1.1699   0.01934   0.01197  -0.0656   0.3491   1.0000
   9.000   1.1980   0.02054   0.01307  -0.0614   0.3241   1.0000
   9.500   1.2245   0.02183   0.01435  -0.0572   0.2988   1.0000
  10.000   1.2484   0.02339   0.01581  -0.0530   0.2750   1.0000
