  
       XFOIL         Version 6.99
  
 Calculated polar for: NACA 5320                                       
  
 1 1 Reynolds number fixed          Mach number fixed         
  
 xtrf =   1.000 (top)        1.000 (bottom)  
 Mach =   0.050     Re =     0.200 e 6     Ncrit =   9.000
  
   alpha    CL        CD       CDp       CM     Top_Xtr  Bot_Xtr
  ------ -------- --------- --------- -------- -------- --------
  -2.000   0.3152   0.01631   0.00742  -0.1005   0.6129   0.1951
  -1.500   0.3616   0.01606   0.00714  -0.0985   0.5852   0.2192
  -1.000   0.4073   0.01575   0.00685  -0.0965   0.5598   0.2525
  -0.500   0.4501   0.01514   0.00661  -0.0944   0.5382   0.3482
   0.000   0.4832   0.01429   0.00701  -0.0894   0.5204   0.7169
   0.500   0.5274   0.01453   0.00744  -0.0858   0.5044   0.8427
   1.000   0.5886   0.01516   0.00790  -0.0856   0.4902   0.9184
   1.500   0.6694   0.01584   0.00845  -0.0901   0.4770   0.9630
   2.000   0.7794   0.01662   0.00896  -0.1012   0.4649   0.9844
   2.500   0.8803   0.01716   0.00927  -0.1109   0.4546   1.0000
   3.000   0.9133   0.01759   0.00956  -0.1075   0.4480   1.0000
   3.500   0.9440   0.01796   0.00990  -0.1033   0.4410   1.0000
   4.000   0.9834   0.01845   0.01024  -0.1007   0.4349   1.0000
   4.500   1.0268   0.01917   0.01086  -0.0988   0.4294   1.0000
   5.000   1.0622   0.01973   0.01146  -0.0953   0.4233   1.0000
   5.500   1.1061   0.02035   0.01201  -0.0935   0.4177   1.0000
   6.000   1.1624   0.02132   0.01279  -0.0941   0.4124   1.0000
   6.500   1.1956   0.02204   0.01367  -0.0905   0.4072   1.0000
   7.000   1.2375   0.02284   0.01452  -0.0885   0.4018   1.0000
   7.500   1.2888   0.02363   0.01523  -0.0883   0.3966   1.0000
   8.000   1.3373   0.02480   0.01640  -0.0878   0.3916   1.0000
   8.500   1.3675   0.02584   0.01764  -0.0841   0.3864   1.0000
   9.000   1.4079   0.02675   0.01859  -0.0822   0.3809   1.0000
   9.500   1.4661   0.02774   0.01949  -0.0835   0.3761   1.0000
  10.000   1.4908   0.02919   0.02115  -0.0793   0.3710   1.0000
