  
       XFOIL         Version 6.99
  
 Calculated polar for: NACA 3322                                       
  
 1 1 Reynolds number fixed          Mach number fixed         
  
 xtrf =   1.000 (top)        1.000 (bottom)  
 Mach =   0.050     Re =     0.200 e 6     Ncrit =   9.000
  
   alpha    CL        CD       CDp       CM     Top_Xtr  Bot_Xtr
  ------ -------- --------- --------- -------- -------- --------
  -2.000   0.0893   0.01391   0.00679  -0.0590   0.6523   0.5540
  -1.500   0.1359   0.01391   0.00681  -0.0565   0.6274   0.6073
  -1.000   0.1837   0.01398   0.00689  -0.0543   0.6033   0.6508
  -0.500   0.2322   0.01412   0.00697  -0.0523   0.5804   0.6905
   0.000   0.2813   0.01430   0.00715  -0.0504   0.5586   0.7269
   0.500   0.3309   0.01456   0.00733  -0.0486   0.5395   0.7632
   1.000   0.3823   0.01491   0.00762  -0.0470   0.5220   0.7977
   1.500   0.4294   0.01524   0.00797  -0.0446   0.5060   0.8351
   2.000   0.4819   0.01578   0.00851  -0.0431   0.4920   0.8673
   2.500   0.5361   0.01644   0.00902  -0.0419   0.4798   0.9017
   3.000   0.6021   0.01711   0.00970  -0.0433   0.4676   0.9249
   3.500   0.6777   0.01786   0.01028  -0.0472   0.4566   0.9427
   4.000   0.7710   0.01853   0.01088  -0.0550   0.4452   0.9525
   4.500   0.8562   0.01922   0.01147  -0.0613   0.4353   0.9655
   5.000   0.9393   0.01974   0.01194  -0.0675   0.4253   0.9790
   5.500   1.0256   0.02041   0.01253  -0.0744   0.4162   0.9908
   6.000   1.1080   0.02084   0.01297  -0.0808   0.4065   1.0000
   6.500   1.1435   0.02138   0.01336  -0.0780   0.3996   1.0000
   7.000   1.1571   0.02183   0.01396  -0.0710   0.3927   1.0000
   7.500   1.1831   0.02227   0.01437  -0.0661   0.3856   1.0000
   8.000   1.2153   0.02301   0.01505  -0.0623   0.3789   1.0000
   8.500   1.2275   0.02360   0.01577  -0.0548   0.3717   1.0000
   9.000   1.2636   0.02415   0.01622  -0.0516   0.3647   1.0000
   9.500   1.2842   0.02504   0.01720  -0.0459   0.3577   1.0000
  10.000   1.3023   0.02573   0.01795  -0.0397   0.3502   1.0000
