  
       XFOIL         Version 6.99
  
 Calculated polar for: NACA 4424                                       
  
 1 1 Reynolds number fixed          Mach number fixed         
  
 xtrf =   1.000 (top)        1.000 (bottom)  
 Mach =   0.050     Re =     0.200 e 6     Ncrit =   9.000
  
   alpha    CL        CD       CDp       CM     Top_Xtr  Bot_Xtr
  ------ -------- --------- --------- -------- -------- --------
  -2.000   0.2248   0.01669   0.00836  -0.0951   0.6468   0.3642
  -1.500   0.2776   0.01648   0.00814  -0.0944   0.6326   0.3967
  -1.000   0.3222   0.01632   0.00817  -0.0923   0.6182   0.4345
  -0.500   0.3719   0.01622   0.00822  -0.0911   0.6057   0.4860
   0.000   0.4191   0.01614   0.00833  -0.0893   0.5934   0.5515
   0.500   0.4659   0.01620   0.00864  -0.0873   0.5819   0.6201
   1.000   0.5158   0.01629   0.00884  -0.0858   0.5711   0.6848
   1.500   0.5620   0.01654   0.00928  -0.0835   0.5605   0.7414
   2.000   0.6118   0.01676   0.00958  -0.0817   0.5505   0.7948
   2.500   0.6575   0.01720   0.01012  -0.0792   0.5407   0.8450
   3.000   0.7089   0.01764   0.01059  -0.0775   0.5309   0.8891
   3.500   0.7718   0.01834   0.01125  -0.0784   0.5213   0.9251
   4.000   0.8489   0.01900   0.01185  -0.0825   0.5109   0.9523
   4.500   0.9441   0.01980   0.01253  -0.0907   0.5007   0.9689
   5.000   1.0389   0.02036   0.01301  -0.0991   0.4899   0.9851
   5.500   1.1423   0.02108   0.01367  -0.1095   0.4793   1.0000
   6.000   1.1509   0.02128   0.01384  -0.1018   0.4710   1.0000
   6.500   1.1784   0.02169   0.01413  -0.0972   0.4632   1.0000
   7.000   1.1736   0.02214   0.01465  -0.0866   0.4547   1.0000
   7.500   1.2173   0.02251   0.01485  -0.0847   0.4466   1.0000
   8.000   1.2115   0.02322   0.01567  -0.0740   0.4382   1.0000
   8.500   1.2463   0.02371   0.01608  -0.0707   0.4297   1.0000
   9.000   1.2687   0.02466   0.01707  -0.0657   0.4210   1.0000
   9.500   1.2967   0.02542   0.01782  -0.0618   0.4120   1.0000
  10.000   1.3267   0.02644   0.01885  -0.0585   0.4034   1.0000
  -2.000   0.2248   0.01669   0.00836  -0.0951   0.6468   0.3642
  -1.500   0.2776   0.01648   0.00814  -0.0944   0.6326   0.3967
  -1.000   0.3222   0.01632   0.00817  -0.0923   0.6182   0.4345
  -0.500   0.3719   0.01622   0.00822  -0.0911   0.6057   0.4860
   0.000   0.4191   0.01614   0.00833  -0.0893   0.5934   0.5515
   0.500   0.4659   0.01620   0.00864  -0.0873   0.5819   0.6201
   1.000   0.5158   0.01629   0.00884  -0.0858   0.5711   0.6848
   1.500   0.5620   0.01654   0.00928  -0.0835   0.5605   0.7414
   2.000   0.6118   0.01676   0.00958  -0.0817   0.5505   0.7948
   2.500   0.6575   0.01720   0.01012  -0.0792   0.5407   0.8450
   3.000   0.7089   0.01764   0.01059  -0.0775   0.5309   0.8891
   3.500   0.7718   0.01834   0.01125  -0.0784   0.5213   0.9251
   4.000   0.8489   0.01900   0.01185  -0.0825   0.5109   0.9523
   4.500   0.9441   0.01980   0.01253  -0.0907   0.5007   0.9689
   5.000   1.0389   0.02036   0.01301  -0.0991   0.4899   0.9851
   5.500   1.1423   0.02108   0.01367  -0.1095   0.4793   1.0000
   6.000   1.1509   0.02128   0.01384  -0.1018   0.4710   1.0000
   6.500   1.1784   0.02169   0.01413  -0.0972   0.4632   1.0000
   7.000   1.1736   0.02214   0.01465  -0.0866   0.4547   1.0000
   7.500   1.2173   0.02251   0.01485  -0.0847   0.4466   1.0000
   8.000   1.2115   0.02322   0.01567  -0.0740   0.4382   1.0000
   8.500   1.2463   0.02371   0.01608  -0.0707   0.4297   1.0000
   9.000   1.2687   0.02466   0.01707  -0.0657   0.4210   1.0000
   9.500   1.2967   0.02542   0.01782  -0.0618   0.4120   1.0000
  10.000   1.3267   0.02644   0.01885  -0.0585   0.4034   1.0000
  -2.000   0.2248   0.01669   0.00836  -0.0951   0.6468   0.3642
  -1.500   0.2776   0.01648   0.00814  -0.0944   0.6326   0.3967
  -1.000   0.3222   0.01632   0.00817  -0.0923   0.6182   0.4345
  -0.500   0.3719   0.01622   0.00822  -0.0911   0.6057   0.4860
   0.000   0.4191   0.01614   0.00833  -0.0893   0.5934   0.5515
   0.500   0.4659   0.01620   0.00864  -0.0873   0.5819   0.6201
   1.000   0.5158   0.01629   0.00884  -0.0858   0.5711   0.6848
   1.500   0.5620   0.01654   0.00928  -0.0835   0.5605   0.7414
   2.000   0.6118   0.01676   0.00958  -0.0817   0.5505   0.7948
   2.500   0.6575   0.01720   0.01012  -0.0792   0.5407   0.8450
   3.000   0.7089   0.01764   0.01059  -0.0775   0.5309   0.8891
   3.500   0.7718   0.01834   0.01125  -0.0784   0.5213   0.9251
   4.000   0.8489   0.01900   0.01185  -0.0825   0.5109   0.9523
   4.500   0.9441   0.01980   0.01253  -0.0907   0.5007   0.9689
   5.000   1.0389   0.02036   0.01301  -0.0991   0.4899   0.9851
   5.500   1.1423   0.02108   0.01367  -0.1095   0.4793   1.0000
   6.000   1.1509   0.02128   0.01384  -0.1018   0.4710   1.0000
   6.500   1.1784   0.02169   0.01413  -0.0972   0.4632   1.0000
   7.000   1.1736   0.02214   0.01465  -0.0866   0.4547   1.0000
   7.500   1.2173   0.02251   0.01485  -0.0847   0.4466   1.0000
   8.000   1.2115   0.02322   0.01567  -0.0740   0.4382   1.0000
   8.500   1.2463   0.02371   0.01608  -0.0707   0.4297   1.0000
   9.000   1.2687   0.02466   0.01707  -0.0657   0.4210   1.0000
   9.500   1.2967   0.02542   0.01782  -0.0618   0.4120   1.0000
  10.000   1.3267   0.02644   0.01885  -0.0585   0.4034   1.0000
