  
       XFOIL         Version 6.99
  
 Calculated polar for: NACA 4322                                       
  
 1 1 Reynolds number fixed          Mach number fixed         
  
 xtrf =   1.000 (top)        1.000 (bottom)  
 Mach =   0.050     Re =     0.200 e 6     Ncrit =   9.000
  
   alpha    CL        CD       CDp       CM     Top_Xtr  Bot_Xtr
  ------ -------- --------- --------- -------- -------- --------
  -2.000   0.2032   0.01509   0.00688  -0.0795   0.6179   0.3301
  -1.500   0.2377   0.01432   0.00684  -0.0754   0.5951   0.5206
  -0.500   0.3271   0.01444   0.00713  -0.0698   0.5511   0.6869
   0.000   0.3739   0.01465   0.00737  -0.0674   0.5320   0.7380
   0.500   0.4207   0.01493   0.00767  -0.0650   0.5148   0.7851
   1.000   0.4683   0.01532   0.00807  -0.0626   0.5001   0.8320
   1.500   0.5223   0.01589   0.00852  -0.0614   0.4879   0.8712
   2.000   0.5762   0.01644   0.00907  -0.0603   0.4758   0.9073
   2.500   0.6500   0.01729   0.00973  -0.0633   0.4655   0.9356
   3.000   0.7419   0.01811   0.01046  -0.0703   0.4549   0.9569
   3.500   0.8406   0.01891   0.01106  -0.0793   0.4455   0.9700
   4.000   0.9278   0.01943   0.01154  -0.0864   0.4367   0.9836
   4.500   1.0207   0.02009   0.01196  -0.0946   0.4285   0.9946
   5.000   1.0698   0.02051   0.01248  -0.0948   0.4220   1.0000
   5.500   1.0944   0.02088   0.01282  -0.0899   0.4158   1.0000
   6.000   1.1325   0.02147   0.01326  -0.0873   0.4103   1.0000
   6.500   1.1529   0.02213   0.01401  -0.0814   0.4048   1.0000
   7.000   1.1768   0.02273   0.01465  -0.0760   0.3988   1.0000
   7.500   1.2172   0.02335   0.01518  -0.0736   0.3933   1.0000
   8.000   1.2535   0.02432   0.01615  -0.0708   0.3877   1.0000
   8.500   1.2728   0.02517   0.01714  -0.0648   0.3819   1.0000
   9.000   1.3123   0.02588   0.01782  -0.0625   0.3759   1.0000
   9.500   1.3656   0.02699   0.01885  -0.0629   0.3703   1.0000
  10.000   1.3689   0.02811   0.02022  -0.0547   0.3645   1.0000
  -2.000   0.2032   0.01509   0.00688  -0.0795   0.6179   0.3301
  -1.500   0.2377   0.01432   0.00684  -0.0754   0.5951   0.5206
  -0.500   0.3271   0.01444   0.00713  -0.0698   0.5511   0.6869
   0.000   0.3739   0.01465   0.00737  -0.0674   0.5320   0.7380
   0.500   0.4207   0.01493   0.00767  -0.0650   0.5148   0.7851
   1.000   0.4683   0.01532   0.00807  -0.0626   0.5001   0.8320
   1.500   0.5223   0.01589   0.00852  -0.0614   0.4879   0.8712
   2.000   0.5762   0.01644   0.00907  -0.0603   0.4758   0.9073
   2.500   0.6500   0.01729   0.00973  -0.0633   0.4655   0.9356
   3.000   0.7419   0.01811   0.01046  -0.0703   0.4549   0.9569
   3.500   0.8406   0.01891   0.01106  -0.0793   0.4455   0.9700
   4.000   0.9278   0.01943   0.01154  -0.0864   0.4367   0.9836
   4.500   1.0207   0.02009   0.01196  -0.0946   0.4285   0.9946
   5.000   1.0698   0.02051   0.01248  -0.0948   0.4220   1.0000
   5.500   1.0944   0.02088   0.01282  -0.0899   0.4158   1.0000
   6.000   1.1325   0.02147   0.01326  -0.0873   0.4103   1.0000
   6.500   1.1529   0.02213   0.01401  -0.0814   0.4048   1.0000
   7.000   1.1768   0.02273   0.01465  -0.0760   0.3988   1.0000
   7.500   1.2172   0.02335   0.01518  -0.0736   0.3933   1.0000
   8.000   1.2535   0.02432   0.01615  -0.0708   0.3877   1.0000
   8.500   1.2728   0.02517   0.01714  -0.0648   0.3819   1.0000
   9.000   1.3123   0.02588   0.01782  -0.0625   0.3759   1.0000
   9.500   1.3656   0.02699   0.01885  -0.0629   0.3703   1.0000
  10.000   1.3689   0.02811   0.02022  -0.0547   0.3645   1.0000
  -2.000   0.2032   0.01509   0.00688  -0.0795   0.6179   0.3301
  -1.500   0.2377   0.01432   0.00684  -0.0754   0.5951   0.5206
  -0.500   0.3271   0.01444   0.00713  -0.0698   0.5511   0.6869
   0.000   0.3739   0.01465   0.00737  -0.0674   0.5320   0.7380
   0.500   0.4207   0.01493   0.00767  -0.0650   0.5148   0.7851
   1.000   0.4683   0.01532   0.00807  -0.0626   0.5001   0.8320
   1.500   0.5223   0.01589   0.00852  -0.0614   0.4879   0.8712
   2.000   0.5762   0.01644   0.00907  -0.0603   0.4758   0.9073
   2.500   0.6500   0.01729   0.00973  -0.0633   0.4655   0.9356
   3.000   0.7419   0.01811   0.01046  -0.0703   0.4549   0.9569
   3.500   0.8406   0.01891   0.01106  -0.0793   0.4455   0.9700
   4.000   0.9278   0.01943   0.01154  -0.0864   0.4367   0.9836
   4.500   1.0207   0.02009   0.01196  -0.0946   0.4285   0.9946
   5.000   1.0698   0.02051   0.01248  -0.0948   0.4220   1.0000
   5.500   1.0944   0.02088   0.01282  -0.0899   0.4158   1.0000
   6.000   1.1325   0.02147   0.01326  -0.0873   0.4103   1.0000
   6.500   1.1529   0.02213   0.01401  -0.0814   0.4048   1.0000
   7.000   1.1768   0.02273   0.01465  -0.0760   0.3988   1.0000
   7.500   1.2172   0.02335   0.01518  -0.0736   0.3933   1.0000
   8.000   1.2535   0.02432   0.01615  -0.0708   0.3877   1.0000
   8.500   1.2728   0.02517   0.01714  -0.0648   0.3819   1.0000
   9.000   1.3123   0.02588   0.01782  -0.0625   0.3759   1.0000
   9.500   1.3656   0.02699   0.01885  -0.0629   0.3703   1.0000
  10.000   1.3689   0.02811   0.02022  -0.0547   0.3645   1.0000
