  
       XFOIL         Version 6.99
  
 Calculated polar for: NACA 5416                                       
  
 1 1 Reynolds number fixed          Mach number fixed         
  
 xtrf =   1.000 (top)        1.000 (bottom)  
 Mach =   0.050     Re =     0.200 e 6     Ncrit =   9.000
  
   alpha    CL        CD       CDp       CM     Top_Xtr  Bot_Xtr
  ------ -------- --------- --------- -------- -------- --------
  -2.000   0.3583   0.01436   0.00641  -0.1275   0.7466   0.2424
  -1.500   0.4133   0.01402   0.00608  -0.1271   0.7266   0.2843
  -1.000   0.4658   0.01372   0.00589  -0.1263   0.7059   0.3373
  -0.500   0.5172   0.01329   0.00576  -0.1254   0.6859   0.4266
   0.000   0.5604   0.01248   0.00595  -0.1223   0.6677   0.7201
   0.500   0.6447   0.01233   0.00606  -0.1265   0.6493   0.9854
   1.000   0.7071   0.01262   0.00607  -0.1280   0.6328   1.0000
   1.500   0.7561   0.01297   0.00616  -0.1267   0.6176   1.0000
   2.000   0.8040   0.01335   0.00640  -0.1252   0.6029   1.0000
   2.500   0.8542   0.01378   0.00670  -0.1242   0.5896   1.0000
   3.000   0.9070   0.01424   0.00699  -0.1237   0.5776   1.0000
   3.500   0.9579   0.01469   0.00734  -0.1228   0.5653   1.0000
   4.000   1.0083   0.01521   0.00782  -0.1219   0.5536   1.0000
   4.500   1.0631   0.01575   0.00821  -0.1218   0.5429   1.0000
   5.000   1.1110   0.01625   0.00876  -0.1205   0.5311   1.0000
   5.500   1.1617   0.01686   0.00934  -0.1197   0.5202   1.0000
   6.000   1.2140   0.01739   0.00982  -0.1192   0.5092   1.0000
   6.500   1.2596   0.01802   0.01054  -0.1176   0.4975   1.0000
   7.000   1.3106   0.01865   0.01113  -0.1170   0.4865   1.0000
   7.500   1.3570   0.01921   0.01174  -0.1154   0.4744   1.0000
   8.000   1.3992   0.01988   0.01252  -0.1133   0.4620   1.0000
   8.500   1.4444   0.02050   0.01315  -0.1116   0.4495   1.0000
   9.000   1.4892   0.02104   0.01366  -0.1099   0.4361   1.0000
   9.500   1.5181   0.02164   0.01442  -0.1053   0.4214   1.0000
  10.000   1.5428   0.02230   0.01521  -0.1001   0.4065   1.0000
