  
       XFOIL         Version 6.99
  
 Calculated polar for: NACA 2322                                       
  
 1 1 Reynolds number fixed          Mach number fixed         
  
 xtrf =   1.000 (top)        1.000 (bottom)  
 Mach =   0.050     Re =     0.200 e 6     Ncrit =   9.000
  
   alpha    CL        CD       CDp       CM     Top_Xtr  Bot_Xtr
  ------ -------- --------- --------- -------- -------- --------
  -2.000  -0.0118   0.01393   0.00688  -0.0406   0.6842   0.5743
  -1.500   0.0380   0.01388   0.00687  -0.0387   0.6593   0.6087
  -1.000   0.0875   0.01391   0.00685  -0.0369   0.6346   0.6424
  -0.500   0.1379   0.01397   0.00688  -0.0352   0.6104   0.6734
   0.000   0.1885   0.01409   0.00699  -0.0336   0.5875   0.7039
   0.500   0.2385   0.01426   0.00711  -0.0319   0.5656   0.7351
   1.000   0.2887   0.01448   0.00730  -0.0303   0.5455   0.7660
   1.500   0.3403   0.01479   0.00762  -0.0287   0.5268   0.7959
   2.000   0.3913   0.01523   0.00801  -0.0270   0.5104   0.8291
   2.500   0.4424   0.01569   0.00840  -0.0253   0.4949   0.8598
   3.000   0.4960   0.01619   0.00893  -0.0242   0.4801   0.8839
   3.500   0.5565   0.01684   0.00950  -0.0246   0.4669   0.9056
   4.000   0.6224   0.01747   0.01002  -0.0263   0.4539   0.9248
   4.500   0.6990   0.01819   0.01074  -0.0304   0.4407   0.9392
   5.000   0.7884   0.01894   0.01134  -0.0373   0.4282   0.9489
   5.500   0.8658   0.01947   0.01186  -0.0420   0.4157   0.9629
   6.000   0.9443   0.02014   0.01250  -0.0471   0.4038   0.9765
   6.500   1.0339   0.02066   0.01286  -0.0545   0.3917   0.9854
   7.000   1.1137   0.02114   0.01346  -0.0603   0.3792   0.9970
   7.500   1.1606   0.02165   0.01386  -0.0598   0.3696   1.0000
   8.000   1.1742   0.02202   0.01434  -0.0529   0.3604   1.0000
   8.500   1.2026   0.02255   0.01473  -0.0485   0.3516   1.0000
   9.000   1.2054   0.02300   0.01534  -0.0394   0.3429   1.0000
   9.500   1.2373   0.02358   0.01573  -0.0354   0.3338   1.0000
  10.000   1.2265   0.02409   0.01644  -0.0239   0.3256   1.0000
