  
       XFOIL         Version 6.99
  
 Calculated polar for: NACA 1208                                       
  
 1 1 Reynolds number fixed          Mach number fixed         
  
 xtrf =   1.000 (top)        1.000 (bottom)  
 Mach =   0.050     Re =     0.200 e 6     Ncrit =   9.000
  
   alpha    CL        CD       CDp       CM     Top_Xtr  Bot_Xtr
  ------ -------- --------- --------- -------- -------- --------
  -2.000  -0.1929   0.00853   0.00344  -0.0057   1.0000   0.7241
  -1.500  -0.1281   0.00835   0.00369  -0.0052   1.0000   0.9617
  -1.000  -0.0501   0.00841   0.00351  -0.0105   1.0000   1.0000
  -0.500  -0.0017   0.00856   0.00351  -0.0102   0.9958   1.0000
   0.000   0.0972   0.00858   0.00342  -0.0195   0.9776   1.0000
   0.500   0.1933   0.00843   0.00324  -0.0278   0.9561   1.0000
   1.000   0.2666   0.00822   0.00302  -0.0307   0.9148   1.0000
   1.500   0.3211   0.00812   0.00284  -0.0292   0.8570   1.0000
   2.000   0.3686   0.00823   0.00276  -0.0264   0.7843   1.0000
   2.500   0.4154   0.00859   0.00279  -0.0236   0.6972   1.0000
   3.000   0.4620   0.00916   0.00298  -0.0212   0.5985   1.0000
   3.500   0.5087   0.00991   0.00329  -0.0192   0.4985   1.0000
   4.000   0.5564   0.01071   0.00375  -0.0176   0.4148   1.0000
   4.500   0.6053   0.01147   0.00428  -0.0164   0.3505   1.0000
   5.000   0.6548   0.01219   0.00490  -0.0153   0.2933   1.0000
   5.500   0.7040   0.01297   0.00555  -0.0143   0.2213   1.0000
   6.000   0.7456   0.01533   0.00710  -0.0126   0.0822   1.0000
   6.500   0.7888   0.01760   0.00936  -0.0106   0.0554   1.0000
   7.000   0.8317   0.02021   0.01204  -0.0085   0.0445   1.0000
   7.500   0.8770   0.02270   0.01471  -0.0068   0.0380   1.0000
   8.000   0.9198   0.02693   0.01932  -0.0048   0.0339   1.0000
   8.500   0.9601   0.03110   0.02412  -0.0025   0.0312   1.0000
   9.000   0.9883   0.03765   0.03158   0.0007   0.0308   1.0000
   9.500   0.9957   0.04647   0.04139   0.0044   0.0316   1.0000
  10.000   0.9821   0.05571   0.05140   0.0075   0.0321   1.0000
  -2.000  -0.1929   0.00853   0.00344  -0.0057   1.0000   0.7241
  -1.500  -0.1281   0.00835   0.00369  -0.0052   1.0000   0.9617
  -1.000  -0.0501   0.00841   0.00351  -0.0105   1.0000   1.0000
  -0.500  -0.0017   0.00856   0.00351  -0.0102   0.9958   1.0000
   0.000   0.0972   0.00858   0.00342  -0.0195   0.9776   1.0000
   0.500   0.1933   0.00843   0.00324  -0.0278   0.9561   1.0000
   1.000   0.2666   0.00822   0.00302  -0.0307   0.9148   1.0000
   1.500   0.3211   0.00812   0.00284  -0.0292   0.8570   1.0000
   2.000   0.3686   0.00823   0.00276  -0.0264   0.7843   1.0000
   2.500   0.4154   0.00859   0.00279  -0.0236   0.6972   1.0000
   3.000   0.4620   0.00916   0.00298  -0.0212   0.5985   1.0000
   3.500   0.5087   0.00991   0.00329  -0.0192   0.4985   1.0000
   4.000   0.5564   0.01071   0.00375  -0.0176   0.4148   1.0000
   4.500   0.6053   0.01147   0.00428  -0.0164   0.3505   1.0000
   5.000   0.6548   0.01219   0.00490  -0.0153   0.2933   1.0000
   5.500   0.7040   0.01297   0.00555  -0.0143   0.2213   1.0000
   6.000   0.7456   0.01533   0.00710  -0.0126   0.0822   1.0000
   6.500   0.7888   0.01760   0.00936  -0.0106   0.0554   1.0000
   7.000   0.8317   0.02021   0.01204  -0.0085   0.0445   1.0000
   7.500   0.8770   0.02270   0.01471  -0.0068   0.0380   1.0000
   8.000   0.9198   0.02693   0.01932  -0.0048   0.0339   1.0000
   8.500   0.9601   0.03110   0.02412  -0.0025   0.0312   1.0000
   9.000   0.9883   0.03765   0.03158   0.0007   0.0308   1.0000
   9.500   0.9957   0.04647   0.04139   0.0044   0.0316   1.0000
  10.000   0.9821   0.05571   0.05140   0.0075   0.0321   1.0000
