  
       XFOIL         Version 6.99
  
 Calculated polar for: NACA 4438                                       
  
 1 1 Reynolds number fixed          Mach number fixed         
  
 xtrf =   1.000 (top)        1.000 (bottom)  
 Mach =   0.050     Re =     0.200 e 6     Ncrit =   9.000
  
   alpha    CL        CD       CDp       CM     Top_Xtr  Bot_Xtr
  ------ -------- --------- --------- -------- -------- --------
  -2.000   0.0560   0.02563   0.01648  -0.0566   0.5460   0.3764
  -1.500   0.0828   0.02550   0.01649  -0.0521   0.5388   0.3882
  -1.000   0.1484   0.02535   0.01615  -0.0546   0.5325   0.4034
  -0.500   0.1394   0.02588   0.01695  -0.0441   0.5254   0.4145
   0.000   0.1562   0.02629   0.01736  -0.0383   0.5184   0.4284
   0.500   0.2175   0.02607   0.01716  -0.0398   0.5126   0.4476
   1.000   0.2384   0.02674   0.01798  -0.0350   0.5062   0.4645
   1.500   0.2343   0.02790   0.01925  -0.0266   0.4989   0.4813
   2.000   0.2880   0.02785   0.01927  -0.0269   0.4932   0.5055
   2.500   0.3579   0.02792   0.01934  -0.0299   0.4878   0.5330
   3.000   0.3024   0.03071   0.02254  -0.0151   0.4795   0.5489
   3.500   0.3460   0.03109   0.02297  -0.0143   0.4737   0.5765
   4.000   0.4382   0.03033   0.02214  -0.0199   0.4696   0.6087
   4.500   0.3012   0.03789   0.03027   0.0016   0.4568   0.6191
   5.000   0.3759   0.03696   0.02935  -0.0010   0.4530   0.6502
   5.500   0.4779   0.03524   0.02755  -0.0068   0.4504   0.6827
   6.000   0.2588   0.05139   0.04430   0.0165   0.4292   0.6874
   6.500   0.3647   0.04768   0.04059   0.0123   0.4294   0.7236
  -2.000   0.0560   0.02563   0.01648  -0.0566   0.5460   0.3764
  -1.500   0.0828   0.02550   0.01649  -0.0521   0.5388   0.3882
  -1.000   0.1484   0.02535   0.01615  -0.0546   0.5325   0.4034
  -0.500   0.1394   0.02588   0.01695  -0.0441   0.5254   0.4145
   0.000   0.1562   0.02629   0.01736  -0.0383   0.5184   0.4284
   0.500   0.2175   0.02607   0.01716  -0.0398   0.5126   0.4476
   1.000   0.2384   0.02674   0.01798  -0.0350   0.5062   0.4645
   1.500   0.2343   0.02790   0.01925  -0.0266   0.4989   0.4813
   2.000   0.2880   0.02785   0.01927  -0.0269   0.4932   0.5055
   2.500   0.3579   0.02792   0.01934  -0.0299   0.4878   0.5330
   3.000   0.3024   0.03071   0.02254  -0.0151   0.4795   0.5489
   3.500   0.3460   0.03109   0.02297  -0.0143   0.4737   0.5765
   4.000   0.4382   0.03033   0.02214  -0.0199   0.4696   0.6087
   4.500   0.3012   0.03789   0.03027   0.0016   0.4568   0.6191
   5.000   0.3759   0.03696   0.02935  -0.0010   0.4530   0.6502
   5.500   0.4779   0.03524   0.02755  -0.0068   0.4504   0.6827
   6.000   0.2588   0.05139   0.04430   0.0165   0.4292   0.6874
   6.500   0.3647   0.04768   0.04059   0.0123   0.4294   0.7236
  -2.000   0.0560   0.02563   0.01648  -0.0566   0.5460   0.3764
  -1.500   0.0828   0.02550   0.01649  -0.0521   0.5388   0.3882
  -1.000   0.1484   0.02535   0.01615  -0.0546   0.5325   0.4034
  -0.500   0.1394   0.02588   0.01695  -0.0441   0.5254   0.4145
   0.000   0.1562   0.02629   0.01736  -0.0383   0.5184   0.4284
   0.500   0.2175   0.02607   0.01716  -0.0398   0.5126   0.4476
   1.000   0.2384   0.02674   0.01798  -0.0350   0.5062   0.4645
   1.500   0.2343   0.02790   0.01925  -0.0266   0.4989   0.4813
   2.000   0.2880   0.02785   0.01927  -0.0269   0.4932   0.5055
   2.500   0.3579   0.02792   0.01934  -0.0299   0.4878   0.5330
   3.000   0.3024   0.03071   0.02254  -0.0151   0.4795   0.5489
   3.500   0.3460   0.03109   0.02297  -0.0143   0.4737   0.5765
   4.000   0.4382   0.03033   0.02214  -0.0199   0.4696   0.6087
   4.500   0.3012   0.03789   0.03027   0.0016   0.4568   0.6191
   5.000   0.3759   0.03696   0.02935  -0.0010   0.4530   0.6502
   5.500   0.4779   0.03524   0.02755  -0.0068   0.4504   0.6827
   6.000   0.2588   0.05139   0.04430   0.0165   0.4292   0.6874
   6.500   0.3647   0.04768   0.04059   0.0123   0.4294   0.7236
