  
       XFOIL         Version 6.99
  
 Calculated polar for: NACA 7138                                       
  
 1 1 Reynolds number fixed          Mach number fixed         
  
 xtrf =   1.000 (top)        1.000 (bottom)  
 Mach =   0.050     Re =     0.200 e 6     Ncrit =   9.000
  
   alpha    CL        CD       CDp       CM     Top_Xtr  Bot_Xtr
  ------ -------- --------- --------- -------- -------- --------
  -2.000   0.5071   0.03133   0.02144  -0.0680   0.4770   0.0845
  -1.500   0.4506   0.03149   0.02163  -0.0495   0.4699   0.0845
  -1.000   0.4159   0.03147   0.02162  -0.0350   0.4618   0.0845
  -0.500   0.4338   0.03071   0.02073  -0.0294   0.4537   0.0850
   0.000   0.3973   0.03124   0.02139  -0.0155   0.4452   0.0852
   0.500   0.4170   0.03082   0.02082  -0.0105   0.4368   0.0863
   1.000   0.4175   0.03146   0.02145  -0.0033   0.4280   0.0874
   1.500   0.4367   0.03179   0.02166   0.0010   0.4192   0.0899
   2.000   0.4584   0.03232   0.02206   0.0047   0.4107   0.0925
   2.500   0.4698   0.03328   0.02297   0.0093   0.4014   0.0948
   3.000   0.4985   0.03399   0.02353   0.0115   0.3927   0.0980
   3.500   0.5046   0.03552   0.02505   0.0160   0.3829   0.1030
   4.000   0.5256   0.03475   0.02547   0.0186   0.3750   0.4155
   4.500   0.5283   0.03678   0.02797   0.0225   0.3661   0.4899
   5.000   0.5712   0.03702   0.02850   0.0227   0.3589   0.5811
   5.500   0.5598   0.04047   0.03243   0.0272   0.3496   0.6368
   6.500   0.5851   0.04528   0.03792   0.0322   0.3331   0.7677
   7.000   0.6309   0.04538   0.03812   0.0334   0.3263   0.8416
   7.500   0.6002   0.05148   0.04463   0.0384   0.3162   0.8851
   8.000   0.6364   0.05372   0.04683   0.0383   0.3084   0.9343
   8.500   0.6557   0.05961   0.05280   0.0352   0.2978   0.9625
   9.000   0.6875   0.06654   0.05978   0.0285   0.2861   0.9782
   9.500   0.7365   0.07297   0.06617   0.0197   0.2746   0.9902
  10.000   0.7776   0.07871   0.07184   0.0120   0.2628   0.9965
