  
       XFOIL         Version 6.99
  
 Calculated polar for: NACA 3232                                       
  
 1 1 Reynolds number fixed          Mach number fixed         
  
 xtrf =   1.000 (top)        1.000 (bottom)  
 Mach =   0.050     Re =     0.200 e 6     Ncrit =   9.000
  
   alpha    CL        CD       CDp       CM     Top_Xtr  Bot_Xtr
  ------ -------- --------- --------- -------- -------- --------
  -2.000   0.0145   0.01965   0.01157  -0.0286   0.5466   0.5353
  -1.500   0.0633   0.01966   0.01155  -0.0272   0.5317   0.5493
  -1.000   0.0930   0.01962   0.01146  -0.0224   0.5165   0.5643
  -0.500   0.1305   0.01976   0.01164  -0.0189   0.5020   0.5806
   0.000   0.1756   0.01982   0.01155  -0.0170   0.4877   0.5966
   0.500   0.1929   0.01982   0.01163  -0.0100   0.4737   0.6111
   1.000   0.2293   0.01993   0.01170  -0.0067   0.4599   0.6259
   1.500   0.2638   0.02014   0.01177  -0.0032   0.4462   0.6434
   2.000   0.2939   0.02049   0.01227   0.0010   0.4321   0.6604
   2.500   0.3318   0.02087   0.01256   0.0036   0.4189   0.6792
   3.000   0.3664   0.02134   0.01299   0.0067   0.4060   0.6999
   3.500   0.4000   0.02195   0.01371   0.0099   0.3938   0.7206
   4.000   0.4465   0.02247   0.01412   0.0109   0.3830   0.7428
   4.500   0.4726   0.02325   0.01505   0.0149   0.3727   0.7673
   5.000   0.5193   0.02390   0.01558   0.0158   0.3637   0.7927
   5.500   0.5446   0.02488   0.01674   0.0197   0.3553   0.8199
   6.000   0.5903   0.02563   0.01744   0.0209   0.3484   0.8465
   6.500   0.6221   0.02683   0.01877   0.0239   0.3421   0.8745
   7.000   0.6534   0.02804   0.02005   0.0269   0.3360   0.9024
   7.500   0.7134   0.02910   0.02097   0.0256   0.3304   0.9245
   8.000   0.7653   0.03109   0.02305   0.0237   0.3254   0.9421
   8.500   0.8240   0.03315   0.02517   0.0200   0.3203   0.9565
   9.000   0.9059   0.03465   0.02656   0.0130   0.3155   0.9667
   9.500   0.9921   0.03624   0.02803   0.0054   0.3113   0.9748
  10.000   1.0328   0.03938   0.03141   0.0020   0.3074   0.9865
