  
       XFOIL         Version 6.99
  
 Calculated polar for: NACA 3816                                       
  
 1 1 Reynolds number fixed          Mach number fixed         
  
 xtrf =   1.000 (top)        1.000 (bottom)  
 Mach =   0.050     Re =     0.200 e 6     Ncrit =   9.000
  
   alpha    CL        CD       CDp       CM     Top_Xtr  Bot_Xtr
  ------ -------- --------- --------- -------- -------- --------
  -2.000   0.0458   0.02035   0.01383  -0.0995   0.9333   0.4866
  -1.500   0.1215   0.01987   0.01350  -0.1032   0.9203   0.5282
  -1.000   0.1954   0.01924   0.01304  -0.1061   0.9067   0.5683
  -0.500   0.2667   0.01847   0.01245  -0.1083   0.8922   0.6063
   0.000   0.3350   0.01759   0.01175  -0.1096   0.8760   0.6419
   0.500   0.4019   0.01661   0.01092  -0.1104   0.8582   0.6761
   1.000   0.4553   0.01580   0.01025  -0.1083   0.8305   0.7055
   1.500   0.5293   0.01458   0.00908  -0.1099   0.8073   0.7350
   2.000   0.6299   0.01316   0.00761  -0.1166   0.7766   0.7591
   2.500   0.7298   0.01309   0.00727  -0.1243   0.7241   0.7811
   3.000   0.7883   0.01363   0.00757  -0.1240   0.6732   0.8023
   3.500   0.8323   0.01413   0.00789  -0.1209   0.6269   0.8237
   4.000   0.8730   0.01457   0.00818  -0.1173   0.5839   0.8448
   4.500   0.9079   0.01492   0.00840  -0.1124   0.5436   0.8652
   5.000   0.9406   0.01524   0.00863  -0.1072   0.5048   0.8873
   5.500   0.9716   0.01556   0.00886  -0.1019   0.4672   0.9109
   6.000   1.0009   0.01588   0.00910  -0.0963   0.4304   0.9387
   6.500   1.0339   0.01618   0.00933  -0.0918   0.3930   1.0000
   7.000   1.0814   0.01719   0.01017  -0.0912   0.3522   1.0000
   7.500   1.1252   0.01833   0.01114  -0.0899   0.3125   1.0000
   8.000   1.1658   0.01961   0.01225  -0.0880   0.2744   1.0000
   8.500   1.2034   0.02101   0.01350  -0.0856   0.2386   1.0000
   9.000   1.2373   0.02260   0.01495  -0.0827   0.2067   1.0000
   9.500   1.2700   0.02426   0.01654  -0.0796   0.1790   1.0000
  10.000   1.2978   0.02622   0.01840  -0.0760   0.1570   1.0000
