  
       XFOIL         Version 6.99
  
 Calculated polar for: NACA 7826                                       
  
 1 1 Reynolds number fixed          Mach number fixed         
  
 xtrf =   1.000 (top)        1.000 (bottom)  
 Mach =   0.050     Re =     0.200 e 6     Ncrit =   9.000
  
   alpha    CL        CD       CDp       CM     Top_Xtr  Bot_Xtr
  ------ -------- --------- --------- -------- -------- --------
  -1.500   0.3688   0.03025   0.02334  -0.1906   0.7777   0.3645
  -1.000   0.4648   0.02846   0.02152  -0.1977   0.7749   0.3851
  -0.500   0.5363   0.02765   0.02083  -0.2005   0.7607   0.4038
   0.000   0.6447   0.02557   0.01873  -0.2099   0.7556   0.4263
   0.500   0.7221   0.02497   0.01810  -0.2140   0.7380   0.4464
   1.000   0.7985   0.02463   0.01767  -0.2180   0.7195   0.4673
   1.500   0.8693   0.02444   0.01747  -0.2209   0.7010   0.4871
   2.000   0.9391   0.02433   0.01732  -0.2235   0.6827   0.5065
   2.500   1.0130   0.02425   0.01710  -0.2270   0.6647   0.5274
   3.000   1.0556   0.02498   0.01783  -0.2246   0.6447   0.5455
   3.500   1.0968   0.02570   0.01862  -0.2220   0.6257   0.5622
   4.000   1.1505   0.02628   0.01911  -0.2220   0.6082   0.5821
   4.500   1.2043   0.02662   0.01940  -0.2213   0.5918   0.5989
   5.000   1.2361   0.02766   0.02049  -0.2172   0.5742   0.6156
   5.500   1.2725   0.02857   0.02145  -0.2136   0.5580   0.6314
   6.000   1.3224   0.02912   0.02189  -0.2125   0.5428   0.6471
   6.500   1.3471   0.03034   0.02320  -0.2070   0.5269   0.6618
   7.000   1.3811   0.03138   0.02426  -0.2032   0.5120   0.6751
   7.500   1.4245   0.03204   0.02480  -0.2008   0.4977   0.6889
   8.000   1.4414   0.03369   0.02660  -0.1945   0.4829   0.7015
   8.500   1.4723   0.03469   0.02758  -0.1901   0.4696   0.7124
   9.000   1.5021   0.03610   0.02898  -0.1863   0.4555   0.7266
   9.500   1.5200   0.03762   0.03060  -0.1800   0.4422   0.7360
  10.000   1.5650   0.03854   0.03136  -0.1789   0.4289   0.7507
