  
       XFOIL         Version 6.99
  
 Calculated polar for: NACA 2818                                       
  
 1 1 Reynolds number fixed          Mach number fixed         
  
 xtrf =   1.000 (top)        1.000 (bottom)  
 Mach =   0.050     Re =     0.200 e 6     Ncrit =   9.000
  
   alpha    CL        CD       CDp       CM     Top_Xtr  Bot_Xtr
  ------ -------- --------- --------- -------- -------- --------
  -2.000  -0.0209   0.01637   0.00987  -0.0712   0.8927   0.5156
  -1.500   0.0474   0.01553   0.00912  -0.0728   0.8768   0.5503
  -1.000   0.1136   0.01457   0.00836  -0.0736   0.8602   0.5825
  -0.500   0.1836   0.01364   0.00753  -0.0751   0.8417   0.6163
   0.000   0.2558   0.01290   0.00692  -0.0771   0.8148   0.6480
   0.500   0.3612   0.01226   0.00622  -0.0859   0.7871   0.6819
   1.000   0.4357   0.01237   0.00622  -0.0886   0.7453   0.7094
   1.500   0.4928   0.01276   0.00647  -0.0880   0.7043   0.7349
   2.000   0.5427   0.01319   0.00678  -0.0859   0.6658   0.7590
   2.500   0.5892   0.01361   0.00711  -0.0832   0.6291   0.7821
   3.000   0.6355   0.01402   0.00741  -0.0806   0.5947   0.8051
   3.500   0.6789   0.01439   0.00767  -0.0774   0.5615   0.8268
   4.000   0.7189   0.01468   0.00793  -0.0735   0.5293   0.8482
   4.500   0.7574   0.01498   0.00813  -0.0693   0.4987   0.8706
   5.000   0.7933   0.01522   0.00834  -0.0648   0.4686   0.8949
   5.500   0.8258   0.01543   0.00849  -0.0596   0.4397   0.9207
   6.000   0.8601   0.01569   0.00869  -0.0549   0.4114   0.9513
   6.500   0.9163   0.01620   0.00913  -0.0553   0.3790   0.9849
   7.000   0.9609   0.01677   0.00961  -0.0543   0.3493   1.0000
   7.500   1.0037   0.01759   0.01028  -0.0528   0.3206   1.0000
   8.000   1.0459   0.01852   0.01113  -0.0512   0.2925   1.0000
   8.500   1.0846   0.01960   0.01209  -0.0490   0.2661   1.0000
   9.000   1.1211   0.02081   0.01321  -0.0465   0.2416   1.0000
   9.500   1.1549   0.02212   0.01446  -0.0436   0.2187   1.0000
  10.000   1.1851   0.02365   0.01590  -0.0403   0.1987   1.0000
