  
       XFOIL         Version 6.99
  
 Calculated polar for: NACA 7330                                       
  
 1 1 Reynolds number fixed          Mach number fixed         
  
 xtrf =   1.000 (top)        1.000 (bottom)  
 Mach =   0.050     Re =     0.200 e 6     Ncrit =   9.000
  
   alpha    CL        CD       CDp       CM     Top_Xtr  Bot_Xtr
  ------ -------- --------- --------- -------- -------- --------
  -2.000   0.3270   0.02360   0.01364  -0.0933   0.4812   0.1863
  -1.500   0.3746   0.02374   0.01357  -0.0922   0.4717   0.1964
  -1.000   0.4149   0.02373   0.01369  -0.0901   0.4634   0.2078
  -0.500   0.4578   0.02378   0.01373  -0.0884   0.4560   0.2210
   0.000   0.5163   0.02393   0.01375  -0.0895   0.4493   0.2386
   0.500   0.5486   0.02416   0.01416  -0.0863   0.4434   0.2579
   1.000   0.5919   0.02413   0.01432  -0.0850   0.4381   0.2905
   1.500   0.6384   0.02335   0.01470  -0.0844   0.4336   0.5699
   2.000   0.6822   0.02383   0.01563  -0.0824   0.4293   0.7034
   2.500   0.7091   0.02462   0.01673  -0.0779   0.4249   0.7736
   3.000   0.7437   0.02539   0.01768  -0.0743   0.4209   0.8400
   4.000   0.8777   0.02725   0.01933  -0.0785   0.4135   0.9533
   4.500   0.9471   0.02928   0.02144  -0.0839   0.4096   0.9842
   5.000   1.0129   0.03117   0.02336  -0.0893   0.4056   1.0000
   5.500   0.9996   0.03204   0.02421  -0.0799   0.4028   1.0000
   6.000   1.0220   0.03308   0.02514  -0.0761   0.3999   1.0000
   6.500   1.0761   0.03381   0.02566  -0.0770   0.3970   1.0000
   7.000   1.0926   0.03601   0.02789  -0.0733   0.3939   1.0000
   7.500   1.0178   0.04189   0.03421  -0.0599   0.3901   1.0000
   8.000   0.7910   0.06273   0.05585  -0.0405   0.3795   1.0000
   8.500   0.8772   0.06031   0.05318  -0.0431   0.3787   1.0000
