  
       XFOIL         Version 6.99
  
 Calculated polar for: NACA 8732                                       
  
 1 1 Reynolds number fixed          Mach number fixed         
  
 xtrf =   1.000 (top)        1.000 (bottom)  
 Mach =   0.050     Re =     0.200 e 6     Ncrit =   9.000
  
   alpha    CL        CD       CDp       CM     Top_Xtr  Bot_Xtr
  ------ -------- --------- --------- -------- -------- --------
  -1.500   0.2899   0.03592   0.02843  -0.1716   0.6923   0.3226
  -1.000   0.3848   0.03374   0.02630  -0.1781   0.6906   0.3366
   0.000   0.5331   0.03212   0.02462  -0.1853   0.6730   0.3642
   0.500   0.6466   0.02981   0.02218  -0.1951   0.6691   0.3816
   1.000   0.6794   0.03104   0.02344  -0.1924   0.6528   0.3938
   1.500   0.7540   0.03058   0.02293  -0.1963   0.6427   0.4091
   2.000   0.8082   0.03098   0.02328  -0.1969   0.6300   0.4239
   2.500   0.8597   0.03151   0.02384  -0.1971   0.6180   0.4382
   3.000   0.9198   0.03171   0.02396  -0.1986   0.6067   0.4544
   3.500   0.9601   0.03272   0.02504  -0.1971   0.5946   0.4685
   4.000   1.0172   0.03303   0.02528  -0.1981   0.5837   0.4853
   4.500   1.0527   0.03428   0.02662  -0.1960   0.5722   0.4996
   5.000   1.1024   0.03489   0.02718  -0.1958   0.5614   0.5166
   5.500   1.1421   0.03603   0.02839  -0.1943   0.5509   0.5317
   6.000   1.1791   0.03719   0.02956  -0.1924   0.5399   0.5481
   6.500   1.2315   0.03779   0.03015  -0.1927   0.5306   0.5643
   7.000   1.2469   0.03999   0.03247  -0.1877   0.5190   0.5790
   7.500   1.3286   0.03923   0.03153  -0.1922   0.5112   0.5973
   8.000   1.3081   0.04324   0.03583  -0.1824   0.4990   0.6089
   8.500   1.3778   0.04283   0.03526  -0.1851   0.4911   0.6266
   9.000   1.3655   0.04680   0.03949  -0.1769   0.4798   0.6375
   9.500   1.4181   0.04726   0.03984  -0.1775   0.4715   0.6546
  10.000   1.4254   0.05033   0.04308  -0.1720   0.4616   0.6655
