  
       XFOIL         Version 6.99
  
 Calculated polar for: NACA 3116                                       
  
 1 1 Reynolds number fixed          Mach number fixed         
  
 xtrf =   1.000 (top)        1.000 (bottom)  
 Mach =   0.050     Re =     0.200 e 6     Ncrit =   9.000
  
   alpha    CL        CD       CDp       CM     Top_Xtr  Bot_Xtr
  ------ -------- --------- --------- -------- -------- --------
  -2.000   0.1234   0.01709   0.00883  -0.0481   0.7640   0.0686
  -1.500   0.1724   0.01592   0.00758  -0.0458   0.7236   0.0732
  -1.000   0.2200   0.01514   0.00668  -0.0435   0.6835   0.0780
  -0.500   0.2667   0.01442   0.00581  -0.0413   0.6474   0.0866
   0.000   0.3154   0.01398   0.00512  -0.0394   0.6101   0.1016
   0.500   0.3447   0.01184   0.00492  -0.0345   0.5753   0.6448
   1.000   0.3882   0.01179   0.00551  -0.0294   0.5352   0.8859
   1.500   0.4632   0.01265   0.00604  -0.0314   0.4842   0.9539
   2.000   0.5804   0.01365   0.00651  -0.0433   0.4096   0.9829
   2.500   0.6775   0.01466   0.00679  -0.0527   0.3049   1.0000
   3.000   0.7040   0.01553   0.00716  -0.0483   0.2464   1.0000
   3.500   0.7317   0.01628   0.00763  -0.0437   0.2223   1.0000
   4.000   0.7609   0.01700   0.00816  -0.0392   0.2102   1.0000
   4.500   0.7902   0.01787   0.00881  -0.0347   0.2021   1.0000
   5.000   0.8249   0.01855   0.00945  -0.0310   0.1965   1.0000
   5.500   0.8608   0.01932   0.01013  -0.0276   0.1914   1.0000
   6.000   0.8999   0.02037   0.01101  -0.0249   0.1874   1.0000
   6.500   0.9434   0.02145   0.01205  -0.0230   0.1845   1.0000
   7.000   0.9869   0.02243   0.01307  -0.0211   0.1821   1.0000
   7.500   1.0322   0.02353   0.01420  -0.0197   0.1797   1.0000
   8.000   1.0785   0.02474   0.01545  -0.0186   0.1776   1.0000
   8.500   1.1249   0.02601   0.01672  -0.0177   0.1753   1.0000
   9.000   1.1734   0.02754   0.01824  -0.0172   0.1732   1.0000
   9.500   1.2247   0.02981   0.02056  -0.0176   0.1714   1.0000
  10.000   1.2669   0.03172   0.02267  -0.0163   0.1704   1.0000
