  
       XFOIL         Version 6.99
  
 Calculated polar for: NACA 9138                                       
  
 1 1 Reynolds number fixed          Mach number fixed         
  
 xtrf =   1.000 (top)        1.000 (bottom)  
 Mach =   0.050     Re =     0.200 e 6     Ncrit =   9.000
  
   alpha    CL        CD       CDp       CM     Top_Xtr  Bot_Xtr
  ------ -------- --------- --------- -------- -------- --------
  -2.000   0.3314   0.03920   0.02959  -0.0283   0.4630   0.0651
  -1.500   0.3831   0.03826   0.02836  -0.0281   0.4543   0.0693
  -1.000   0.3747   0.03958   0.02961  -0.0195   0.4447   0.0732
  -0.500   0.4436   0.03703   0.02702  -0.0225   0.4359   0.0811
   0.000   0.4325   0.03788   0.02804  -0.0146   0.4265   0.0868
   0.500   0.4810   0.03630   0.02644  -0.0147   0.4178   0.1029
   1.000   0.4800   0.03714   0.02750  -0.0088   0.4084   0.1095
   1.500   0.5109   0.03672   0.02713  -0.0066   0.3996   0.1170
   2.000   0.5090   0.03810   0.02867  -0.0012   0.3899   0.1210
   2.500   0.5367   0.03820   0.02874   0.0010   0.3808   0.1260
   3.000   0.5350   0.04032   0.03096   0.0054   0.3715   0.1285
   3.500   0.5651   0.04128   0.03175   0.0065   0.3635   0.1307
   4.000   0.5707   0.04414   0.03463   0.0094   0.3546   0.1302
   4.500   0.5979   0.04593   0.03629   0.0102   0.3463   0.1257
   5.000   0.6000   0.04962   0.04003   0.0126   0.3371   0.1207
   5.500   0.6294   0.05158   0.04188   0.0128   0.3288   0.1123
   6.000   0.6201   0.05658   0.04699   0.0151   0.3188   0.1076
   6.500   0.6625   0.05760   0.04781   0.0142   0.3110   0.1005
   7.000   0.6359   0.06446   0.05486   0.0166   0.2997   0.0988
   7.500   0.6387   0.06913   0.05953   0.0172   0.2894   0.0957
   8.000   0.6662   0.07147   0.06166   0.0165   0.2799   0.0952
   8.500   0.6506   0.07819   0.06843   0.0173   0.2670   0.0960
   9.000   0.6418   0.08450   0.07473   0.0176   0.2533   0.0952
   9.500   0.6392   0.09025   0.08036   0.0174   0.2384   0.0948
  10.000   0.6149   0.09858   0.08870   0.0177   0.2204   0.0947
