  
       XFOIL         Version 6.99
  
 Calculated polar for: NACA 8520                                       
  
 1 1 Reynolds number fixed          Mach number fixed         
  
 xtrf =   1.000 (top)        1.000 (bottom)  
 Mach =   0.050     Re =     0.200 e 6     Ncrit =   9.000
  
   alpha    CL        CD       CDp       CM     Top_Xtr  Bot_Xtr
  ------ -------- --------- --------- -------- -------- --------
  -2.000   0.6541   0.02093   0.01296  -0.2115   0.7400   0.2201
  -1.500   0.6851   0.02136   0.01342  -0.2072   0.7283   0.2377
  -1.000   0.7613   0.02068   0.01277  -0.2111   0.7224   0.2643
  -0.500   0.8135   0.02074   0.01285  -0.2106   0.7135   0.2900
   0.000   0.8686   0.02063   0.01275  -0.2106   0.7046   0.3192
   0.500   0.9573   0.01998   0.01209  -0.2169   0.6994   0.3579
   1.000   0.9738   0.02068   0.01294  -0.2098   0.6867   0.3843
   1.500   1.0636   0.02008   0.01231  -0.2163   0.6811   0.4321
   2.000   1.0749   0.02089   0.01329  -0.2082   0.6684   0.4654
   2.500   1.1650   0.02030   0.01276  -0.2148   0.6623   0.5283
   3.500   1.2586   0.02034   0.01341  -0.2117   0.6434   0.7259
   4.000   1.2566   0.02110   0.01455  -0.2009   0.6310   1.0000
   4.500   1.3461   0.02077   0.01391  -0.2074   0.6241   1.0000
   5.000   1.3487   0.02220   0.01541  -0.1983   0.6115   1.0000
   5.500   1.4293   0.02202   0.01499  -0.2030   0.6040   1.0000
   6.000   1.4352   0.02347   0.01653  -0.1948   0.5917   1.0000
   6.500   1.4890   0.02390   0.01686  -0.1949   0.5827   1.0000
   7.000   1.5174   0.02491   0.01788  -0.1908   0.5716   1.0000
   7.500   1.5480   0.02605   0.01903  -0.1873   0.5611   1.0000
   8.000   1.5966   0.02649   0.01941  -0.1866   0.5513   1.0000
   8.500   1.6069   0.02841   0.02143  -0.1802   0.5395   1.0000
   9.000   1.6748   0.02819   0.02107  -0.1824   0.5307   1.0000
   9.500   1.6675   0.03086   0.02391  -0.1738   0.5179   1.0000
  10.000   1.7170   0.03134   0.02434  -0.1734   0.5083   1.0000
