  
       XFOIL         Version 6.99
  
 Calculated polar for: NACA 3218                                       
  
 1 1 Reynolds number fixed          Mach number fixed         
  
 xtrf =   1.000 (top)        1.000 (bottom)  
 Mach =   0.050     Re =     0.200 e 6     Ncrit =   9.000
  
   alpha    CL        CD       CDp       CM     Top_Xtr  Bot_Xtr
  ------ -------- --------- --------- -------- -------- --------
  -2.000   0.0863   0.01219   0.00573  -0.0512   0.7176   0.5586
  -1.500   0.1324   0.01197   0.00570  -0.0482   0.6873   0.6578
  -1.000   0.1814   0.01194   0.00567  -0.0457   0.6575   0.7241
  -0.500   0.2300   0.01200   0.00576  -0.0431   0.6242   0.7793
   0.000   0.2786   0.01221   0.00587  -0.0404   0.5903   0.8295
   0.500   0.3279   0.01260   0.00610  -0.0378   0.5560   0.8751
   1.000   0.3815   0.01317   0.00645  -0.0360   0.5187   0.9138
   1.500   0.4580   0.01401   0.00698  -0.0391   0.4765   0.9406
   2.000   0.5406   0.01473   0.00734  -0.0446   0.4346   0.9571
   2.500   0.6243   0.01544   0.00769  -0.0507   0.4017   0.9724
   3.000   0.7105   0.01607   0.00805  -0.0574   0.3778   0.9863
   3.500   0.7988   0.01665   0.00839  -0.0648   0.3598   0.9984
   4.000   0.8407   0.01698   0.00865  -0.0631   0.3490   1.0000
   4.500   0.8763   0.01752   0.00905  -0.0600   0.3409   1.0000
   5.000   0.9103   0.01796   0.00947  -0.0564   0.3331   1.0000
   5.500   0.9489   0.01862   0.00998  -0.0536   0.3265   1.0000
   6.000   0.9867   0.01929   0.01069  -0.0506   0.3209   1.0000
   6.500   1.0244   0.01991   0.01133  -0.0475   0.3149   1.0000
   7.000   1.0672   0.02070   0.01202  -0.0454   0.3095   1.0000
   7.500   1.1110   0.02171   0.01305  -0.0437   0.3048   1.0000
   8.000   1.1485   0.02250   0.01396  -0.0407   0.2995   1.0000
   8.500   1.1919   0.02339   0.01488  -0.0389   0.2947   1.0000
   9.000   1.2446   0.02474   0.01612  -0.0391   0.2895   1.0000
   9.500   1.2793   0.02576   0.01738  -0.0360   0.2853   1.0000
  10.000   1.3167   0.02682   0.01861  -0.0335   0.2801   1.0000
