  
       XFOIL         Version 6.99
  
 Calculated polar for: NACA 7324                                       
  
 1 1 Reynolds number fixed          Mach number fixed         
  
 xtrf =   1.000 (top)        1.000 (bottom)  
 Mach =   0.050     Re =     0.200 e 6     Ncrit =   9.000
  
   alpha    CL        CD       CDp       CM     Top_Xtr  Bot_Xtr
  ------ -------- --------- --------- -------- -------- --------
  -2.000   0.4413   0.02104   0.01123  -0.1189   0.5090   0.1480
  -1.500   0.4872   0.02089   0.01100  -0.1173   0.4942   0.1578
  -1.000   0.5307   0.02075   0.01083  -0.1152   0.4816   0.1687
  -0.500   0.5794   0.02077   0.01079  -0.1142   0.4715   0.1823
   0.000   0.6257   0.02078   0.01078  -0.1127   0.4627   0.1983
   0.500   0.6808   0.02092   0.01089  -0.1130   0.4551   0.2197
   1.000   0.7219   0.02093   0.01105  -0.1108   0.4480   0.2460
   1.500   0.7721   0.02078   0.01111  -0.1104   0.4421   0.3060
   2.000   0.8154   0.01997   0.01211  -0.1072   0.4372   0.8602
   2.500   0.9137   0.02108   0.01325  -0.1155   0.4313   0.9895
   3.000   0.9740   0.02172   0.01370  -0.1176   0.4260   1.0000
   3.500   1.0150   0.02227   0.01403  -0.1155   0.4220   1.0000
   4.000   1.0698   0.02320   0.01477  -0.1163   0.4182   1.0000
   4.500   1.0904   0.02394   0.01555  -0.1106   0.4149   1.0000
   5.000   1.1207   0.02480   0.01640  -0.1069   0.4109   1.0000
   5.500   1.1621   0.02568   0.01721  -0.1053   0.4071   1.0000
   6.000   1.2156   0.02658   0.01797  -0.1059   0.4038   1.0000
   6.500   1.2830   0.02796   0.01919  -0.1092   0.4003   1.0000
   7.000   1.2921   0.02927   0.02068  -0.1025   0.3974   1.0000
   7.500   1.3076   0.03090   0.02244  -0.0974   0.3939   1.0000
   8.000   1.3294   0.03263   0.02426  -0.0937   0.3906   1.0000
   8.500   1.3627   0.03413   0.02577  -0.0918   0.3874   1.0000
   9.000   1.4199   0.03515   0.02668  -0.0933   0.3843   1.0000
   9.500   1.4396   0.03772   0.02936  -0.0900   0.3812   1.0000
  10.000   1.3548   0.04448   0.03665  -0.0756   0.3770   1.0000
