  
       XFOIL         Version 6.99
  
 Calculated polar for: NACA 6232                                       
  
 1 1 Reynolds number fixed          Mach number fixed         
  
 xtrf =   1.000 (top)        1.000 (bottom)  
 Mach =   0.050     Re =     0.200 e 6     Ncrit =   9.000
  
   alpha    CL        CD       CDp       CM     Top_Xtr  Bot_Xtr
  ------ -------- --------- --------- -------- -------- --------
  -2.000   0.2655   0.02304   0.01334  -0.0604   0.4859   0.1640
  -1.500   0.2710   0.02275   0.01310  -0.0518   0.4710   0.1719
  -1.000   0.2871   0.02261   0.01288  -0.0453   0.4558   0.1841
  -0.500   0.3047   0.02226   0.01259  -0.0395   0.4404   0.2134
   0.000   0.3091   0.02136   0.01289  -0.0318   0.4250   0.4913
   0.500   0.3313   0.02193   0.01365  -0.0268   0.4081   0.5623
   1.000   0.3571   0.02274   0.01450  -0.0227   0.3917   0.6092
   1.500   0.3855   0.02364   0.01540  -0.0192   0.3765   0.6455
   2.000   0.4174   0.02457   0.01629  -0.0164   0.3636   0.6804
   2.500   0.4496   0.02553   0.01728  -0.0137   0.3525   0.7164
   3.000   0.4841   0.02654   0.01835  -0.0113   0.3435   0.7551
   3.500   0.5205   0.02747   0.01929  -0.0092   0.3361   0.7937
   4.000   0.5593   0.02843   0.02032  -0.0070   0.3301   0.8354
   4.500   0.5890   0.02967   0.02168  -0.0037   0.3247   0.8813
   5.000   0.6322   0.03092   0.02288  -0.0023   0.3198   0.9253
   5.500   0.7051   0.03256   0.02436  -0.0067   0.3152   0.9566
   6.000   0.7742   0.03483   0.02664  -0.0126   0.3111   0.9739
   6.500   0.8562   0.03679   0.02852  -0.0208   0.3073   0.9841
   7.000   0.9430   0.03833   0.02987  -0.0291   0.3041   0.9935
   7.500   1.0356   0.03957   0.03089  -0.0376   0.3011   1.0000
   8.000   1.0037   0.04074   0.03218  -0.0272   0.2997   1.0000
   8.500   0.9851   0.04277   0.03432  -0.0194   0.2977   1.0000
   9.000   0.9783   0.04537   0.03702  -0.0140   0.2957   1.0000
   9.500   0.9750   0.04856   0.04031  -0.0100   0.2938   1.0000
  10.000   0.9724   0.05237   0.04423  -0.0068   0.2919   1.0000
