  
       XFOIL         Version 6.99
  
 Calculated polar for: NACA 9232                                       
  
 1 1 Reynolds number fixed          Mach number fixed         
  
 xtrf =   1.000 (top)        1.000 (bottom)  
 Mach =   0.050     Re =     0.200 e 6     Ncrit =   9.000
  
   alpha    CL        CD       CDp       CM     Top_Xtr  Bot_Xtr
  ------ -------- --------- --------- -------- -------- --------
  -2.000   0.3104   0.03984   0.03150  -0.0658   0.4124   0.1344
  -1.000   0.3391   0.03919   0.03037  -0.0566   0.3708   0.1486
  -0.500   0.3593   0.03906   0.02993  -0.0532   0.3543   0.1606
   0.000   0.4019   0.03802   0.02789  -0.0489   0.3419   0.1004
   0.500   0.4332   0.03829   0.02789  -0.0466   0.3315   0.1017
   1.000   0.4715   0.03838   0.02777  -0.0454   0.3240   0.1044
   1.500   0.5084   0.03880   0.02816  -0.0442   0.3178   0.1068
   2.000   0.5543   0.03908   0.02817  -0.0439   0.3128   0.1109
   2.500   0.5974   0.03944   0.02855  -0.0435   0.3089   0.1148
   3.000   0.6350   0.04030   0.02943  -0.0427   0.3054   0.1193
   3.500   0.6763   0.04098   0.03011  -0.0424   0.3022   0.1249
   4.000   0.7217   0.04166   0.03072  -0.0425   0.2995   0.1314
   4.500   0.7843   0.04164   0.03060  -0.0444   0.2967   0.1408
   5.000   0.8110   0.04327   0.03242  -0.0432   0.2948   0.1488
   5.500   0.8394   0.04508   0.03434  -0.0424   0.2928   0.1592
   6.000   0.8695   0.04700   0.03630  -0.0418   0.2910   0.1747
   6.500   0.9006   0.04787   0.03863  -0.0418   0.2894   0.5978
   7.000   0.9290   0.04936   0.04126  -0.0400   0.2878   1.0000
   7.500   0.9564   0.05180   0.04359  -0.0394   0.2864   1.0000
   8.000   0.9848   0.05430   0.04600  -0.0391   0.2851   1.0000
   8.500   1.0148   0.05686   0.04847  -0.0391   0.2839   1.0000
   9.000   1.0427   0.05994   0.05150  -0.0391   0.2826   1.0000
