  
       XFOIL         Version 6.99
  
 Calculated polar for: NACA 8126                                       
  
 1 1 Reynolds number fixed          Mach number fixed         
  
 xtrf =   1.000 (top)        1.000 (bottom)  
 Mach =   0.050     Re =     0.200 e 6     Ncrit =   9.000
  
   alpha    CL        CD       CDp       CM     Top_Xtr  Bot_Xtr
  ------ -------- --------- --------- -------- -------- --------
  -2.000   0.4860   0.03442   0.02663  -0.0734   0.4755   0.0358
  -1.500   0.5039   0.03314   0.02513  -0.0664   0.4578   0.0375
  -1.000   0.5267   0.03274   0.02440  -0.0599   0.4397   0.0388
  -0.500   0.5506   0.03091   0.02242  -0.0550   0.4209   0.0405
   0.000   0.5764   0.03120   0.02238  -0.0495   0.4002   0.0427
   0.500   0.6026   0.03021   0.02124  -0.0454   0.3772   0.0460
   1.000   0.6256   0.03018   0.02096  -0.0409   0.3501   0.0483
   1.500   0.6404   0.03186   0.02226  -0.0352   0.3133   0.0511
   2.000   0.6420   0.03269   0.02284  -0.0296   0.2596   0.0529
   2.500   0.6355   0.03635   0.02598  -0.0232   0.2144   0.0555
   3.000   0.6458   0.03764   0.02720  -0.0198   0.1961   0.0584
   3.500   0.6604   0.03974   0.02917  -0.0169   0.1874   0.0624
   4.000   0.6822   0.04195   0.03124  -0.0147   0.1818   0.0697
   4.500   0.7036   0.04363   0.03287  -0.0130   0.1776   0.0804
   5.000   0.7353   0.04423   0.03367  -0.0123   0.1747   0.1054
   5.500   0.7675   0.04545   0.03506  -0.0118   0.1722   0.1217
   6.000   0.8007   0.04701   0.03651  -0.0114   0.1700   0.1384
   6.500   0.8334   0.04891   0.03827  -0.0106   0.1682   0.1423
   7.000   0.8689   0.05065   0.03983  -0.0098   0.1665   0.1326
   7.500   0.9127   0.05179   0.04078  -0.0091   0.1650   0.1123
   8.000   0.9461   0.05382   0.04281  -0.0087   0.1641   0.1059
   8.500   0.9787   0.05596   0.04496  -0.0083   0.1633   0.0972
   9.000   1.0106   0.05816   0.04715  -0.0081   0.1625   0.0959
   9.500   1.0411   0.06053   0.04951  -0.0080   0.1618   0.0985
  10.000   1.0692   0.06318   0.05219  -0.0079   0.1612   0.1080
