  
       XFOIL         Version 6.99
  
 Calculated polar for: NACA 6216                                       
  
 1 1 Reynolds number fixed          Mach number fixed         
  
 xtrf =   1.000 (top)        1.000 (bottom)  
 Mach =   0.050     Re =     0.200 e 6     Ncrit =   9.000
  
   alpha    CL        CD       CDp       CM     Top_Xtr  Bot_Xtr
  ------ -------- --------- --------- -------- -------- --------
  -2.000   0.3858   0.02625   0.01909  -0.1015   0.5839   0.1081
  -1.500   0.4292   0.02436   0.01669  -0.0991   0.5337   0.1224
  -1.000   0.4694   0.02296   0.01470  -0.0963   0.4715   0.1488
  -0.500   0.5217   0.02054   0.01106  -0.0916   0.4153   0.0807
   0.000   0.5654   0.01986   0.00989  -0.0890   0.3775   0.0848
   0.500   0.6118   0.01964   0.00936  -0.0871   0.3566   0.0915
   1.000   0.6603   0.01935   0.00897  -0.0857   0.3428   0.1008
   1.500   0.7096   0.01932   0.00881  -0.0845   0.3333   0.1134
   2.000   0.7600   0.01930   0.00877  -0.0836   0.3260   0.1307
   2.500   0.8121   0.01950   0.00882  -0.0833   0.3201   0.1589
   3.000   0.8732   0.01803   0.00934  -0.0843   0.3155   1.0000
   3.500   0.9236   0.01871   0.00980  -0.0835   0.3113   1.0000
   4.000   0.9745   0.01944   0.01034  -0.0829   0.3071   1.0000
   4.500   1.0283   0.02038   0.01105  -0.0830   0.3033   1.0000
   5.000   1.0822   0.02142   0.01199  -0.0832   0.3005   1.0000
   5.500   1.1317   0.02228   0.01288  -0.0826   0.2981   1.0000
   6.000   1.1815   0.02325   0.01386  -0.0822   0.2955   1.0000
   6.500   1.2313   0.02427   0.01490  -0.0818   0.2930   1.0000
   7.000   1.2809   0.02531   0.01592  -0.0814   0.2901   1.0000
   7.500   1.3323   0.02652   0.01708  -0.0815   0.2877   1.0000
   8.000   1.3860   0.02822   0.01876  -0.0823   0.2855   1.0000
   8.500   1.4305   0.02988   0.02057  -0.0815   0.2838   1.0000
   9.000   1.4693   0.03138   0.02229  -0.0797   0.2822   1.0000
   9.500   1.5046   0.03300   0.02414  -0.0776   0.2801   1.0000
  10.000   1.5383   0.03480   0.02615  -0.0753   0.2779   1.0000
