  
       XFOIL         Version 6.99
  
 Calculated polar for: NACA 7114                                       
  
 1 1 Reynolds number fixed          Mach number fixed         
  
 xtrf =   1.000 (top)        1.000 (bottom)  
 Mach =   0.050     Re =     0.200 e 6     Ncrit =   9.000
  
   alpha    CL        CD       CDp       CM     Top_Xtr  Bot_Xtr
  ------ -------- --------- --------- -------- -------- --------
  -2.000   0.3927   0.02557   0.01809  -0.0734   0.1827   0.0174
  -1.500   0.4304   0.02243   0.01474  -0.0724   0.1784   0.0178
  -1.000   0.4717   0.02070   0.01271  -0.0709   0.1750   0.0187
  -0.500   0.5154   0.02001   0.01164  -0.0689   0.1722   0.0200
   0.000   0.5621   0.02030   0.01148  -0.0665   0.1698   0.0207
   0.500   0.6085   0.01849   0.00945  -0.0659   0.1686   0.0223
   1.000   0.6592   0.01917   0.00975  -0.0637   0.1672   0.0242
   1.500   0.7086   0.01757   0.00797  -0.0634   0.1660   0.0269
   2.000   0.7598   0.01758   0.00771  -0.0623   0.1647   0.0322
   2.500   0.8109   0.01728   0.00722  -0.0616   0.1637   0.0362
   3.000   0.8619   0.01740   0.00720  -0.0608   0.1627   0.0411
   3.500   0.9123   0.01774   0.00745  -0.0601   0.1618   0.0482
   4.000   0.9617   0.01813   0.00782  -0.0594   0.1610   0.0592
   4.500   1.0085   0.01784   0.00767  -0.0588   0.1600   0.1065
