  
       XFOIL         Version 6.99
  
 Calculated polar for: NACA 4808                                       
  
 1 1 Reynolds number fixed          Mach number fixed         
  
 xtrf =   1.000 (top)        1.000 (bottom)  
 Mach =   0.050     Re =     0.200 e 6     Ncrit =   9.000
  
   alpha    CL        CD       CDp       CM     Top_Xtr  Bot_Xtr
  ------ -------- --------- --------- -------- -------- --------
  -2.000   0.1779   0.01836   0.01213  -0.1372   1.0000   0.5024
  -1.500   0.2358   0.01863   0.01263  -0.1377   1.0000   0.5978
  -1.000   0.2878   0.01904   0.01323  -0.1368   1.0000   0.6697
  -0.500   0.3352   0.01959   0.01389  -0.1348   1.0000   0.7236
   0.000   0.3786   0.02023   0.01463  -0.1320   1.0000   0.7616
   0.500   0.4235   0.02091   0.01538  -0.1297   1.0000   0.7959
   1.000   0.4700   0.02153   0.01611  -0.1280   1.0000   0.8265
   1.500   0.5174   0.02212   0.01685  -0.1267   1.0000   0.8556
   2.000   0.5829   0.02268   0.01761  -0.1292   0.9923   0.8847
   2.500   0.6748   0.02246   0.01761  -0.1364   0.9693   0.9138
   3.000   0.7686   0.02059   0.01603  -0.1427   0.9400   0.9504
   3.500   0.8546   0.01744   0.01319  -0.1464   0.8982   1.0000
   4.000   0.9888   0.01291   0.00710  -0.1568   0.5125   1.0000
   4.500   1.0101   0.01688   0.00884  -0.1511   0.1356   1.0000
   5.000   1.0559   0.01977   0.01120  -0.1495   0.0628   1.0000
   5.500   1.1065   0.02226   0.01375  -0.1484   0.0482   1.0000
   6.000   1.1713   0.02619   0.01770  -0.1502   0.0392   1.0000
   6.500   1.2303   0.02892   0.02078  -0.1503   0.0338   1.0000
   7.000   1.2905   0.03382   0.02607  -0.1508   0.0311   1.0000
   7.500   1.3347   0.04200   0.03504  -0.1482   0.0300   1.0000
   8.000   1.3572   0.04985   0.04374  -0.1419   0.0300   1.0000
