  
       XFOIL         Version 6.99
  
 Calculated polar for: NACA 7814                                       
  
 1 1 Reynolds number fixed          Mach number fixed         
  
 xtrf =   1.000 (top)        1.000 (bottom)  
 Mach =   0.050     Re =     0.200 e 6     Ncrit =   9.000
  
   alpha    CL        CD       CDp       CM     Top_Xtr  Bot_Xtr
  ------ -------- --------- --------- -------- -------- --------
  -2.000   0.2821   0.04263   0.03607  -0.1974   0.9575   0.2883
  -1.000   0.4561   0.04337   0.03711  -0.2103   0.9292   0.3920
  -0.500   0.5392   0.04336   0.03718  -0.2156   0.9182   0.4425
   0.000   0.6025   0.04258   0.03655  -0.2171   0.9009   0.4846
   0.500   0.6846   0.04235   0.03648  -0.2218   0.8952   0.5285
   1.000   0.7516   0.04155   0.03582  -0.2236   0.8833   0.5671
   1.500   0.8170   0.04055   0.03495  -0.2249   0.8712   0.6032
   2.000   0.8772   0.03928   0.03385  -0.2247   0.8586   0.6322
   2.500   0.9208   0.03801   0.03272  -0.2215   0.8366   0.6581
   3.000   0.9773   0.03663   0.03146  -0.2204   0.8204   0.6825
   3.500   1.0305   0.03522   0.03019  -0.2183   0.8030   0.7025
   4.000   1.0928   0.03324   0.02832  -0.2175   0.7902   0.7219
   4.500   1.1622   0.03098   0.02613  -0.2181   0.7709   0.7407
   5.000   1.2520   0.02783   0.02294  -0.2226   0.7438   0.7595
   5.500   1.3434   0.02540   0.02029  -0.2279   0.6962   0.7779
   6.000   1.3971   0.02538   0.02001  -0.2267   0.6393   0.7942
   6.500   1.4326   0.02623   0.02063  -0.2223   0.5850   0.8095
   7.000   1.4618   0.02737   0.02156  -0.2170   0.5325   0.8241
   7.500   1.4879   0.02873   0.02275  -0.2114   0.4796   0.8383
   8.000   1.5119   0.03032   0.02416  -0.2056   0.4256   0.8519
   8.500   1.5337   0.03218   0.02582  -0.1998   0.3695   0.8647
   9.000   1.5530   0.03437   0.02777  -0.1938   0.3108   0.8769
   9.500   1.5698   0.03688   0.03004  -0.1878   0.2511   0.8883
  10.000   1.5829   0.03980   0.03268  -0.1815   0.1963   0.8988
