  
       XFOIL         Version 6.99
  
 Calculated polar for: NACA 1212                                       
  
 1 1 Reynolds number fixed          Mach number fixed         
  
 xtrf =   1.000 (top)        1.000 (bottom)  
 Mach =   0.050     Re =     0.200 e 6     Ncrit =   9.000
  
   alpha    CL        CD       CDp       CM     Top_Xtr  Bot_Xtr
  ------ -------- --------- --------- -------- -------- --------
  -2.000  -0.1572   0.01062   0.00543  -0.0154   0.9512   0.7392
  -1.500  -0.0830   0.01025   0.00526  -0.0174   0.9317   0.8146
  -1.000  -0.0162   0.01005   0.00514  -0.0172   0.9091   0.8767
  -0.500   0.0464   0.01016   0.00522  -0.0161   0.8800   0.9247
   0.000   0.1255   0.01021   0.00512  -0.0192   0.8460   0.9483
   0.500   0.2088   0.01025   0.00497  -0.0238   0.8039   0.9678
   1.000   0.2946   0.01030   0.00476  -0.0294   0.7507   0.9849
   1.500   0.3820   0.01036   0.00452  -0.0358   0.6889   1.0000
   2.000   0.4277   0.01046   0.00432  -0.0342   0.6292   1.0000
   2.500   0.4736   0.01070   0.00426  -0.0324   0.5690   1.0000
   3.000   0.5182   0.01109   0.00434  -0.0305   0.5111   1.0000
   3.500   0.5624   0.01157   0.00455  -0.0284   0.4594   1.0000
   4.000   0.6066   0.01209   0.00487  -0.0263   0.4155   1.0000
   4.500   0.6508   0.01267   0.00528  -0.0241   0.3805   1.0000
   5.000   0.6955   0.01324   0.00575  -0.0221   0.3503   1.0000
   5.500   0.7401   0.01385   0.00628  -0.0200   0.3232   1.0000
   6.000   0.7844   0.01450   0.00684  -0.0179   0.2975   1.0000
   6.500   0.8290   0.01507   0.00746  -0.0158   0.2709   1.0000
   7.000   0.8730   0.01573   0.00812  -0.0138   0.2435   1.0000
   7.500   0.9166   0.01640   0.00881  -0.0117   0.2123   1.0000
   8.000   0.9589   0.01722   0.00956  -0.0096   0.1745   1.0000
   8.500   0.9977   0.01852   0.01073  -0.0071   0.1344   1.0000
   9.000   1.0318   0.02032   0.01236  -0.0041   0.1054   1.0000
   9.500   1.0657   0.02216   0.01424  -0.0011   0.0867   1.0000
  10.000   1.0969   0.02419   0.01630   0.0021   0.0744   1.0000
