  
       XFOIL         Version 6.99
  
 Calculated polar for: NACA 1120                                       
  
 1 1 Reynolds number fixed          Mach number fixed         
  
 xtrf =   1.000 (top)        1.000 (bottom)  
 Mach =   0.050     Re =     0.200 e 6     Ncrit =   9.000
  
   alpha    CL        CD       CDp       CM     Top_Xtr  Bot_Xtr
  ------ -------- --------- --------- -------- -------- --------
  -1.500  -0.0662   0.01311   0.00647  -0.0135   0.7349   0.6270
  -1.000  -0.0139   0.01299   0.00638  -0.0120   0.7066   0.6558
  -0.500   0.0384   0.01296   0.00629  -0.0106   0.6790   0.6862
   0.000   0.0906   0.01299   0.00627  -0.0091   0.6514   0.7164
   0.500   0.1424   0.01306   0.00638  -0.0075   0.6224   0.7460
   1.000   0.1934   0.01320   0.00648  -0.0058   0.5941   0.7769
   2.000   0.2961   0.01370   0.00690  -0.0023   0.5347   0.8333
   2.500   0.3480   0.01409   0.00720  -0.0007   0.5063   0.8596
   3.000   0.4011   0.01459   0.00757   0.0007   0.4794   0.8840
   3.500   0.4571   0.01512   0.00805   0.0013   0.4516   0.9058
   4.000   0.5230   0.01578   0.00858  -0.0002   0.4232   0.9225
   4.500   0.5960   0.01649   0.00914  -0.0035   0.3934   0.9365
   5.000   0.6712   0.01718   0.00968  -0.0076   0.3617   0.9502
   5.500   0.7449   0.01791   0.01027  -0.0117   0.3306   0.9643
   6.000   0.8200   0.01879   0.01091  -0.0164   0.3004   0.9773
   6.500   0.9004   0.01959   0.01160  -0.0223   0.2711   0.9879
   7.000   0.9773   0.02059   0.01236  -0.0278   0.2490   0.9981
   7.500   1.0064   0.02121   0.01296  -0.0240   0.2358   1.0000
   8.000   1.0210   0.02192   0.01362  -0.0174   0.2263   1.0000
   8.500   1.0340   0.02261   0.01425  -0.0104   0.2186   1.0000
   9.000   1.0488   0.02343   0.01506  -0.0036   0.2117   1.0000
   9.500   1.0573   0.02410   0.01574   0.0044   0.2058   1.0000
  10.000   1.0880   0.02526   0.01677   0.0081   0.2000   1.0000
  -1.500  -0.0662   0.01311   0.00647  -0.0135   0.7349   0.6270
  -1.000  -0.0139   0.01299   0.00638  -0.0120   0.7066   0.6558
  -0.500   0.0384   0.01296   0.00629  -0.0106   0.6790   0.6862
   0.000   0.0906   0.01299   0.00627  -0.0091   0.6514   0.7164
   0.500   0.1424   0.01306   0.00638  -0.0075   0.6224   0.7460
   1.000   0.1934   0.01320   0.00648  -0.0058   0.5941   0.7769
   2.000   0.2961   0.01370   0.00690  -0.0023   0.5347   0.8333
   2.500   0.3480   0.01409   0.00720  -0.0007   0.5063   0.8596
   3.000   0.4011   0.01459   0.00757   0.0007   0.4794   0.8840
   3.500   0.4571   0.01512   0.00805   0.0013   0.4516   0.9058
   4.000   0.5230   0.01578   0.00858  -0.0002   0.4232   0.9225
   4.500   0.5960   0.01649   0.00914  -0.0035   0.3934   0.9365
   5.000   0.6712   0.01718   0.00968  -0.0076   0.3617   0.9502
   5.500   0.7449   0.01791   0.01027  -0.0117   0.3306   0.9643
   6.000   0.8200   0.01879   0.01091  -0.0164   0.3004   0.9773
   6.500   0.9004   0.01959   0.01160  -0.0223   0.2711   0.9879
   7.000   0.9773   0.02059   0.01236  -0.0278   0.2490   0.9981
   7.500   1.0064   0.02121   0.01296  -0.0240   0.2358   1.0000
   8.000   1.0210   0.02192   0.01362  -0.0174   0.2263   1.0000
   8.500   1.0340   0.02261   0.01425  -0.0104   0.2186   1.0000
   9.000   1.0488   0.02343   0.01506  -0.0036   0.2117   1.0000
   9.500   1.0573   0.02410   0.01574   0.0044   0.2058   1.0000
  10.000   1.0880   0.02526   0.01677   0.0081   0.2000   1.0000
