  
       XFOIL         Version 6.99
  
 Calculated polar for: NACA 2526                                       
  
 1 1 Reynolds number fixed          Mach number fixed         
  
 xtrf =   1.000 (top)        1.000 (bottom)  
 Mach =   0.050     Re =     0.200 e 6     Ncrit =   9.000
  
   alpha    CL        CD       CDp       CM     Top_Xtr  Bot_Xtr
  ------ -------- --------- --------- -------- -------- --------
  -2.000   0.0238   0.01698   0.00919  -0.0584   0.6940   0.4573
  -1.500   0.0767   0.01678   0.00894  -0.0576   0.6779   0.4776
  -1.000   0.1224   0.01671   0.00888  -0.0554   0.6605   0.4984
  -0.500   0.1719   0.01668   0.00883  -0.0540   0.6444   0.5203
   0.000   0.2265   0.01660   0.00873  -0.0535   0.6291   0.5433
   0.500   0.2724   0.01655   0.00878  -0.0513   0.6124   0.5665
   1.000   0.3198   0.01658   0.00888  -0.0495   0.5963   0.5910
   1.500   0.3712   0.01663   0.00893  -0.0484   0.5813   0.6171
   2.000   0.4195   0.01667   0.00901  -0.0466   0.5657   0.6444
   2.500   0.4632   0.01681   0.00925  -0.0441   0.5500   0.6730
   3.000   0.5116   0.01698   0.00945  -0.0425   0.5356   0.7036
   3.500   0.5601   0.01713   0.00964  -0.0408   0.5209   0.7352
   4.000   0.5994   0.01737   0.01007  -0.0373   0.5059   0.7679
   4.500   0.6446   0.01771   0.01047  -0.0349   0.4921   0.8029
   5.000   0.6882   0.01804   0.01079  -0.0322   0.4782   0.8400
   5.500   0.7235   0.01856   0.01147  -0.0278   0.4641   0.8742
   6.000   0.7692   0.01920   0.01208  -0.0254   0.4509   0.9082
   6.500   0.8232   0.01993   0.01273  -0.0249   0.4369   0.9379
   7.500   0.9702   0.02199   0.01475  -0.0334   0.4064   0.9750
   8.000   1.0562   0.02292   0.01558  -0.0405   0.3912   0.9871
   8.500   1.1401   0.02379   0.01630  -0.0473   0.3761   0.9985
   9.000   1.1112   0.02416   0.01678  -0.0342   0.3668   1.0000
   9.500   1.1239   0.02457   0.01698  -0.0275   0.3568   1.0000
  10.000   1.1102   0.02546   0.01799  -0.0171   0.3467   1.0000
