  
       XFOIL         Version 6.99
  
 Calculated polar for: NACA 1524                                       
  
 1 1 Reynolds number fixed          Mach number fixed         
  
 xtrf =   1.000 (top)        1.000 (bottom)  
 Mach =   0.050     Re =     0.200 e 6     Ncrit =   9.000
  
   alpha    CL        CD       CDp       CM     Top_Xtr  Bot_Xtr
  ------ -------- --------- --------- -------- -------- --------
  -2.000  -0.0857   0.01558   0.00810  -0.0333   0.7194   0.5009
  -1.500  -0.0332   0.01540   0.00789  -0.0322   0.6994   0.5232
  -1.000   0.0173   0.01526   0.00776  -0.0308   0.6787   0.5462
  -0.500   0.0667   0.01517   0.00771  -0.0292   0.6580   0.5699
   0.000   0.1165   0.01513   0.00770  -0.0276   0.6376   0.5943
   0.500   0.1665   0.01512   0.00772  -0.0261   0.6175   0.6197
   1.000   0.2167   0.01516   0.00778  -0.0246   0.5980   0.6461
   1.500   0.2669   0.01523   0.00786  -0.0231   0.5790   0.6735
   2.000   0.3173   0.01535   0.00796  -0.0216   0.5603   0.7019
   2.500   0.3672   0.01549   0.00811  -0.0200   0.5416   0.7306
   3.000   0.4144   0.01566   0.00841  -0.0178   0.5228   0.7592
   3.500   0.4619   0.01593   0.00876  -0.0157   0.5045   0.7883
   4.000   0.5094   0.01628   0.00915  -0.0135   0.4867   0.8177
   4.500   0.5567   0.01670   0.00957  -0.0113   0.4695   0.8469
   5.000   0.6039   0.01720   0.01000  -0.0091   0.4527   0.8755
   5.500   0.6520   0.01777   0.01058  -0.0070   0.4354   0.9002
   6.000   0.7057   0.01848   0.01130  -0.0062   0.4179   0.9222
   6.500   0.7685   0.01930   0.01208  -0.0076   0.4002   0.9412
   7.000   0.8533   0.02026   0.01297  -0.0137   0.3810   0.9514
   7.500   0.9296   0.02115   0.01379  -0.0185   0.3627   0.9651
   8.000   1.0035   0.02201   0.01459  -0.0230   0.3449   0.9791
   8.500   1.0762   0.02285   0.01538  -0.0276   0.3275   0.9920
   9.000   1.1269   0.02355   0.01600  -0.0285   0.3125   1.0000
   9.500   1.1003   0.02383   0.01631  -0.0151   0.3033   1.0000
  10.000   1.0934   0.02442   0.01684  -0.0052   0.2936   1.0000
