  
       XFOIL         Version 6.99
  
 Calculated polar for: NACA 2616                                       
  
 1 1 Reynolds number fixed          Mach number fixed         
  
 xtrf =   1.000 (top)        1.000 (bottom)  
 Mach =   0.050     Re =     0.200 e 6     Ncrit =   9.000
  
   alpha    CL        CD       CDp       CM     Top_Xtr  Bot_Xtr
  ------ -------- --------- --------- -------- -------- --------
  -2.000   0.0164   0.01479   0.00823  -0.0700   0.8884   0.5192
  -1.500   0.0758   0.01430   0.00790  -0.0698   0.8737   0.5604
  -1.000   0.1377   0.01377   0.00751  -0.0700   0.8595   0.6015
  -0.500   0.2010   0.01319   0.00705  -0.0703   0.8449   0.6422
   0.000   0.2613   0.01265   0.00663  -0.0700   0.8273   0.6823
   0.500   0.3183   0.01220   0.00629  -0.0690   0.8058   0.7226
   1.000   0.3746   0.01180   0.00599  -0.0677   0.7818   0.7645
   1.500   0.4272   0.01154   0.00582  -0.0658   0.7537   0.8094
   2.000   0.4790   0.01138   0.00569  -0.0635   0.7229   0.8595
   2.500   0.5322   0.01144   0.00574  -0.0616   0.6874   0.9133
   3.500   0.6991   0.01208   0.00603  -0.0718   0.6027   0.9874
   4.000   0.7653   0.01244   0.00617  -0.0745   0.5608   1.0000
   4.500   0.7978   0.01284   0.00636  -0.0702   0.5253   1.0000
   5.000   0.8336   0.01332   0.00665  -0.0663   0.4900   1.0000
   5.500   0.8711   0.01388   0.00704  -0.0627   0.4545   1.0000
   6.000   0.9093   0.01451   0.00750  -0.0592   0.4189   1.0000
   6.500   0.9470   0.01520   0.00804  -0.0558   0.3833   1.0000
   7.000   0.9835   0.01598   0.00868  -0.0523   0.3477   1.0000
   7.500   1.0180   0.01685   0.00940  -0.0485   0.3128   1.0000
   8.000   1.0490   0.01783   0.01024  -0.0443   0.2792   1.0000
   8.500   1.0772   0.01891   0.01123  -0.0397   0.2471   1.0000
   9.000   1.1053   0.02017   0.01240  -0.0355   0.2172   1.0000
   9.500   1.1318   0.02166   0.01380  -0.0313   0.1909   1.0000
  10.000   1.1562   0.02338   0.01540  -0.0273   0.1683   1.0000
