  
       XFOIL         Version 6.99
  
 Calculated polar for: NACA 9430                                       
  
 1 1 Reynolds number fixed          Mach number fixed         
  
 xtrf =   1.000 (top)        1.000 (bottom)  
 Mach =   0.050     Re =     0.200 e 6     Ncrit =   9.000
  
   alpha    CL        CD       CDp       CM     Top_Xtr  Bot_Xtr
  ------ -------- --------- --------- -------- -------- --------
  -2.000   0.5494   0.02593   0.01645  -0.1611   0.5574   0.1936
  -1.500   0.5802   0.02645   0.01710  -0.1577   0.5509   0.2013
  -1.000   0.6373   0.02638   0.01690  -0.1586   0.5454   0.2121
  -0.500   0.7011   0.02666   0.01709  -0.1608   0.5402   0.2245
   0.000   0.7109   0.02770   0.01832  -0.1543   0.5344   0.2331
   0.500   0.7503   0.02838   0.01900  -0.1526   0.5292   0.2456
   1.000   0.8194   0.02824   0.01881  -0.1557   0.5248   0.2624
   1.500   0.8590   0.02915   0.01976  -0.1543   0.5201   0.2781
   2.000   0.8488   0.03142   0.02228  -0.1456   0.5142   0.2891
   2.500   0.8859   0.03229   0.02321  -0.1441   0.5093   0.3081
   3.000   0.9627   0.03193   0.02282  -0.1482   0.5057   0.3376
   3.500   0.9736   0.03421   0.02527  -0.1433   0.5009   0.3606
   4.000   0.8727   0.04209   0.03357  -0.1257   0.4910   0.3601
   4.500   0.9496   0.04098   0.03266  -0.1293   0.4883   0.4204
   5.000   1.0241   0.03865   0.03173  -0.1304   0.4863   0.8710
