  
       XFOIL         Version 6.99
  
 Calculated polar for: NACA 2108                                       
  
 1 1 Reynolds number fixed          Mach number fixed         
  
 xtrf =   1.000 (top)        1.000 (bottom)  
 Mach =   0.050     Re =     0.200 e 6     Ncrit =   9.000
  
   alpha    CL        CD       CDp       CM     Top_Xtr  Bot_Xtr
  ------ -------- --------- --------- -------- -------- --------
  -2.000  -0.1251   0.02056   0.01387  -0.0180   0.9948   0.0953
  -1.000   0.0815   0.01448   0.00698  -0.0309   0.9593   0.0523
  -0.500   0.1592   0.01279   0.00527  -0.0339   0.9292   0.0602
   0.000   0.2188   0.01124   0.00377  -0.0339   0.8890   0.0774
   0.500   0.2938   0.00805   0.00308  -0.0361   0.8362   1.0000
   1.000   0.3419   0.00821   0.00273  -0.0334   0.7568   1.0000
   1.500   0.3887   0.00862   0.00258  -0.0307   0.6566   1.0000
   2.000   0.4336   0.00938   0.00258  -0.0282   0.5185   1.0000
   2.500   0.4755   0.01085   0.00289  -0.0258   0.3076   1.0000
   3.000   0.5227   0.01203   0.00348  -0.0245   0.2355   1.0000
   3.500   0.5725   0.01292   0.00411  -0.0236   0.2163   1.0000
   4.000   0.6233   0.01376   0.00482  -0.0227   0.2050   1.0000
   4.500   0.6749   0.01456   0.00560  -0.0220   0.1971   1.0000
   5.000   0.7264   0.01557   0.00654  -0.0214   0.1912   1.0000
   5.500   0.7787   0.01664   0.00769  -0.0209   0.1867   1.0000
   6.000   0.8309   0.01763   0.00881  -0.0203   0.1812   1.0000
   6.500   0.8832   0.01899   0.01020  -0.0200   0.1770   1.0000
   7.000   0.9351   0.02055   0.01202  -0.0196   0.1734   1.0000
   7.500   0.9860   0.02190   0.01369  -0.0189   0.1683   1.0000
   8.000   1.0366   0.02355   0.01557  -0.0185   0.1636   1.0000
   8.500   1.0840   0.02483   0.01722  -0.0176   0.1542   1.0000
   9.000   1.1296   0.02471   0.01726  -0.0166   0.1391   1.0000
   9.500   1.1745   0.02475   0.01757  -0.0154   0.1261   1.0000
  10.000   1.2190   0.02321   0.01634  -0.0139   0.1043   1.0000
