  
       XFOIL         Version 6.99
  
 Calculated polar for: NACA 8720                                       
  
 1 1 Reynolds number fixed          Mach number fixed         
  
 xtrf =   1.000 (top)        1.000 (bottom)  
 Mach =   0.050     Re =     0.200 e 6     Ncrit =   9.000
  
   alpha    CL        CD       CDp       CM     Top_Xtr  Bot_Xtr
  ------ -------- --------- --------- -------- -------- --------
  -2.000   0.3553   0.04362   0.03654  -0.2069   0.8099   0.2668
  -1.500   0.4404   0.04294   0.03596  -0.2121   0.8079   0.2940
  -1.000   0.4909   0.04264   0.03573  -0.2117   0.7939   0.3172
   0.000   0.6229   0.04141   0.03460  -0.2154   0.7778   0.3728
   1.000   0.7398   0.04037   0.03375  -0.2163   0.7569   0.4279
   1.500   0.8009   0.03960   0.03309  -0.2170   0.7471   0.4564
   2.000   0.8775   0.03795   0.03154  -0.2197   0.7444   0.4882
   2.500   0.9263   0.03763   0.03132  -0.2183   0.7301   0.5153
   3.000   1.0008   0.03573   0.02948  -0.2205   0.7270   0.5466
   3.500   1.0538   0.03517   0.02899  -0.2195   0.7130   0.5735
   4.000   1.1201   0.03384   0.02774  -0.2205   0.7025   0.6004
   4.500   1.2038   0.03149   0.02541  -0.2239   0.6948   0.6267
   5.000   1.2788   0.02999   0.02388  -0.2263   0.6797   0.6504
   5.500   1.3540   0.02879   0.02259  -0.2290   0.6619   0.6729
   6.000   1.4175   0.02844   0.02214  -0.2300   0.6409   0.6938
   6.500   1.4698   0.02870   0.02231  -0.2293   0.6189   0.7135
   7.000   1.5136   0.02934   0.02290  -0.2272   0.5971   0.7324
   7.500   1.5518   0.03024   0.02375  -0.2244   0.5755   0.7505
   8.000   1.5862   0.03130   0.02478  -0.2210   0.5544   0.7684
   8.500   1.6178   0.03250   0.02597  -0.2174   0.5336   0.7861
   9.000   1.6467   0.03387   0.02734  -0.2134   0.5130   0.8034
   9.500   1.6743   0.03534   0.02882  -0.2093   0.4925   0.8210
  10.000   1.6992   0.03700   0.03050  -0.2049   0.4722   0.8390
