  
       XFOIL         Version 6.99
  
 Calculated polar for: NACA 7112                                       
  
 1 1 Reynolds number fixed          Mach number fixed         
  
 xtrf =   1.000 (top)        1.000 (bottom)  
 Mach =   0.050     Re =     0.200 e 6     Ncrit =   9.000
  
   alpha    CL        CD       CDp       CM     Top_Xtr  Bot_Xtr
  ------ -------- --------- --------- -------- -------- --------
  -1.500   0.4533   0.03770   0.02970  -0.0803   0.1736   0.0146
  -1.000   0.5020   0.03535   0.02705  -0.0797   0.1709   0.0154
  -0.500   0.5528   0.03380   0.02515  -0.0788   0.1686   0.0165
   0.000   0.6078   0.03463   0.02550  -0.0768   0.1665   0.0173
   0.500   0.6565   0.03158   0.02218  -0.0770   0.1648   0.0182
   1.000   0.7110   0.03118   0.02141  -0.0765   0.1634   0.0202
   1.500   0.7658   0.03091   0.02087  -0.0755   0.1626   0.0216
   2.000   0.8189   0.03005   0.01982  -0.0750   0.1615   0.0247
   2.500   0.8725   0.02973   0.01932  -0.0743   0.1605   0.0277
   3.000   0.9258   0.02979   0.01924  -0.0736   0.1598   0.0355
   3.500   0.9783   0.03012   0.01950  -0.0730   0.1593   0.0423
   4.000   1.0296   0.03087   0.02021  -0.0722   0.1588   0.0523
   4.500   1.0794   0.03166   0.02105  -0.0715   0.1585   0.0695
