  
       XFOIL         Version 6.99
  
 Calculated polar for: NACA 1408                                       
  
 1 1 Reynolds number fixed          Mach number fixed         
  
 xtrf =   1.000 (top)        1.000 (bottom)  
 Mach =   0.050     Re =     0.200 e 6     Ncrit =   9.000
  
   alpha    CL        CD       CDp       CM     Top_Xtr  Bot_Xtr
  ------ -------- --------- --------- -------- -------- --------
  -2.000  -0.1911   0.00844   0.00352  -0.0110   1.0000   0.8001
  -1.500  -0.1074   0.00843   0.00364  -0.0152   1.0000   0.9912
  -1.000  -0.0650   0.00853   0.00355  -0.0137   1.0000   1.0000
  -0.500  -0.0077   0.00877   0.00364  -0.0151   0.9956   1.0000
   0.000   0.0872   0.00888   0.00365  -0.0238   0.9796   1.0000
   0.500   0.1832   0.00880   0.00356  -0.0322   0.9613   1.0000
   1.000   0.2675   0.00857   0.00339  -0.0376   0.9344   1.0000
   1.500   0.3313   0.00836   0.00319  -0.0382   0.8933   1.0000
   2.000   0.3819   0.00830   0.00307  -0.0358   0.8387   1.0000
   2.500   0.4293   0.00845   0.00305  -0.0328   0.7700   1.0000
   3.000   0.4764   0.00881   0.00316  -0.0301   0.6873   1.0000
   3.500   0.5234   0.00937   0.00338  -0.0276   0.5951   1.0000
   4.000   0.5700   0.01010   0.00376  -0.0255   0.4869   1.0000
   4.500   0.6143   0.01125   0.00430  -0.0234   0.3274   1.0000
   5.000   0.6525   0.01391   0.00572  -0.0212   0.1025   1.0000
   5.500   0.6966   0.01598   0.00764  -0.0192   0.0644   1.0000
   6.000   0.7418   0.01805   0.00975  -0.0173   0.0500   1.0000
   6.500   0.7874   0.02093   0.01272  -0.0154   0.0424   1.0000
   7.000   0.8351   0.02363   0.01566  -0.0138   0.0371   1.0000
   7.500   0.8773   0.02959   0.02212  -0.0119   0.0342   1.0000
   8.000   0.9156   0.03392   0.02731  -0.0091   0.0322   1.0000
   8.500   0.9373   0.04237   0.03666  -0.0056   0.0332   1.0000
