  
       XFOIL         Version 6.99
  
 Calculated polar for: NACA 3526                                       
  
 1 1 Reynolds number fixed          Mach number fixed         
  
 xtrf =   1.000 (top)        1.000 (bottom)  
 Mach =   0.050     Re =     0.200 e 6     Ncrit =   9.000
  
   alpha    CL        CD       CDp       CM     Top_Xtr  Bot_Xtr
  ------ -------- --------- --------- -------- -------- --------
  -2.000   0.1255   0.01763   0.00970  -0.0826   0.6960   0.4226
  -1.500   0.1801   0.01742   0.00951  -0.0822   0.6825   0.4430
  -1.000   0.2321   0.01723   0.00933  -0.0812   0.6680   0.4641
  -0.500   0.2784   0.01719   0.00935  -0.0793   0.6530   0.4858
   0.000   0.3336   0.01711   0.00925  -0.0790   0.6395   0.5096
   0.500   0.3815   0.01706   0.00923  -0.0773   0.6249   0.5340
   1.000   0.4277   0.01712   0.00936  -0.0753   0.6103   0.5597
   1.500   0.4835   0.01714   0.00936  -0.0751   0.5971   0.5878
   2.000   0.5259   0.01719   0.00953  -0.0724   0.5825   0.6164
   2.500   0.5715   0.01733   0.00977  -0.0703   0.5687   0.6477
   3.000   0.6286   0.01743   0.00985  -0.0703   0.5557   0.6829
   3.500   0.6617   0.01761   0.01021  -0.0659   0.5415   0.7196
   4.000   0.7062   0.01783   0.01057  -0.0634   0.5285   0.7594
   4.500   0.7522   0.01804   0.01082  -0.0612   0.5156   0.8052
   5.000   0.7802   0.01843   0.01143  -0.0554   0.5024   0.8532
   5.500   0.8287   0.01894   0.01193  -0.0534   0.4901   0.9015
   6.000   0.8820   0.01968   0.01268  -0.0528   0.4764   0.9445
   6.500   0.9567   0.02068   0.01365  -0.0572   0.4619   0.9745
   7.000   1.0515   0.02162   0.01447  -0.0659   0.4474   0.9904
   7.500   1.1208   0.02220   0.01489  -0.0699   0.4338   1.0000
   8.000   1.0901   0.02250   0.01524  -0.0556   0.4239   1.0000
   8.500   1.1232   0.02292   0.01543  -0.0521   0.4130   1.0000
   9.000   1.1208   0.02391   0.01652  -0.0433   0.4017   1.0000
   9.500   1.1528   0.02479   0.01729  -0.0403   0.3907   1.0000
  10.000   1.1735   0.02593   0.01842  -0.0358   0.3792   1.0000
