  
       XFOIL         Version 6.99
  
 Calculated polar for: NACA 9424                                       
  
 1 1 Reynolds number fixed          Mach number fixed         
  
 xtrf =   1.000 (top)        1.000 (bottom)  
 Mach =   0.050     Re =     0.200 e 6     Ncrit =   9.000
  
   alpha    CL        CD       CDp       CM     Top_Xtr  Bot_Xtr
  ------ -------- --------- --------- -------- -------- --------
  -2.000   0.6768   0.02230   0.01306  -0.1889   0.5887   0.1618
  -1.500   0.7390   0.02213   0.01280  -0.1906   0.5810   0.1736
  -1.000   0.7777   0.02225   0.01299  -0.1880   0.5732   0.1844
  -0.500   0.8247   0.02227   0.01294  -0.1868   0.5657   0.1979
   0.000   0.8954   0.02245   0.01298  -0.1902   0.5593   0.2160
   0.500   0.9187   0.02292   0.01358  -0.1847   0.5529   0.2303
   1.000   0.9661   0.02315   0.01384  -0.1838   0.5467   0.2502
   1.500   1.0405   0.02339   0.01394  -0.1880   0.5412   0.2779
   2.000   1.0632   0.02412   0.01488  -0.1828   0.5357   0.3009
   3.000   1.1592   0.02484   0.01594  -0.1819   0.5250   0.3873
   3.500   1.2161   0.02417   0.01665  -0.1821   0.5205   1.0000
   4.000   1.2196   0.02579   0.01833  -0.1742   0.5151   1.0000
   4.500   1.2507   0.02699   0.01946  -0.1712   0.5097   1.0000
   5.000   1.3135   0.02749   0.01971  -0.1732   0.5053   1.0000
   5.500   1.3688   0.02862   0.02069  -0.1743   0.5011   1.0000
   6.000   1.3395   0.03173   0.02407  -0.1626   0.4948   1.0000
   6.500   1.3631   0.03346   0.02580  -0.1592   0.4894   1.0000
   7.000   1.4312   0.03373   0.02589  -0.1619   0.4858   1.0000
   7.500   1.3933   0.03868   0.03110  -0.1511   0.4791   1.0000
   8.000   1.3238   0.04639   0.03911  -0.1385   0.4696   1.0000
   8.500   1.4013   0.04539   0.03793  -0.1416   0.4673   1.0000
   9.000   1.5047   0.04347   0.03576  -0.1478   0.4652   1.0000
   9.500   0.7677   0.12842   0.12251  -0.1093   0.3845   1.0000
  10.000   0.8171   0.12879   0.12277  -0.1092   0.3820   1.0000
