  
       XFOIL         Version 6.99
  
 Calculated polar for: NACA 3806                                       
  
 1 1 Reynolds number fixed          Mach number fixed         
  
 xtrf =   1.000 (top)        1.000 (bottom)  
 Mach =   0.050     Re =     0.200 e 6     Ncrit =   9.000
  
   alpha    CL        CD       CDp       CM     Top_Xtr  Bot_Xtr
  ------ -------- --------- --------- -------- -------- --------
  -2.000   0.1250   0.01298   0.00720  -0.1129   1.0000   0.6496
  -1.500   0.1740   0.01322   0.00758  -0.1109   1.0000   0.7427
  -1.000   0.2206   0.01357   0.00793  -0.1084   1.0000   0.7998
  -0.500   0.2683   0.01373   0.00812  -0.1063   1.0000   0.8443
   0.000   0.3163   0.01370   0.00817  -0.1044   1.0000   0.8866
   0.500   0.3581   0.01345   0.00806  -0.1013   1.0000   0.9414
   1.000   0.4060   0.01369   0.00836  -0.1005   1.0000   1.0000
   1.500   0.4661   0.01419   0.00897  -0.1022   1.0000   1.0000
   2.000   0.5236   0.01475   0.00968  -0.1034   1.0000   1.0000
   2.500   0.6235   0.01511   0.01041  -0.1130   0.9832   1.0000
   3.000   0.7177   0.01221   0.00794  -0.1178   0.8808   1.0000
   3.500   0.8253   0.01652   0.00798  -0.1263   0.0474   1.0000
   4.000   0.8766   0.01922   0.01072  -0.1250   0.0360   1.0000
   4.500   0.9348   0.02277   0.01462  -0.1244   0.0300   1.0000
   5.000   0.9939   0.02849   0.02107  -0.1229   0.0302   1.0000
