  
       XFOIL         Version 6.99
  
 Calculated polar for: NACA 9516                                       
  
 1 1 Reynolds number fixed          Mach number fixed         
  
 xtrf =   1.000 (top)        1.000 (bottom)  
 Mach =   0.050     Re =     0.200 e 6     Ncrit =   9.000
  
   alpha    CL        CD       CDp       CM     Top_Xtr  Bot_Xtr
  ------ -------- --------- --------- -------- -------- --------
  -2.000   0.7526   0.02229   0.01459  -0.2393   0.7644   0.1554
  -1.500   0.8399   0.02117   0.01331  -0.2452   0.7615   0.1823
  -1.000   0.8675   0.02178   0.01401  -0.2404   0.7493   0.2025
  -0.500   0.9506   0.02083   0.01304  -0.2456   0.7453   0.2384
   0.000   0.9851   0.02138   0.01371  -0.2420   0.7344   0.2666
   0.500   1.0606   0.02072   0.01307  -0.2458   0.7290   0.3105
   1.000   1.1053   0.02107   0.01353  -0.2441   0.7196   0.3505
   1.500   1.1694   0.02077   0.01329  -0.2458   0.7123   0.4036
   2.000   1.2227   0.02090   0.01355  -0.2456   0.7041   0.4619
   2.500   1.2762   0.02084   0.01370  -0.2455   0.6952   0.5389
   3.000   1.3282   0.02054   0.01397  -0.2449   0.6872   0.7472
   3.500   1.3712   0.02058   0.01405  -0.2424   0.6777   1.0000
   4.000   1.4127   0.02121   0.01460  -0.2401   0.6681   1.0000
   4.500   1.4719   0.02132   0.01458  -0.2410   0.6596   1.0000
   5.000   1.4995   0.02231   0.01558  -0.2362   0.6487   1.0000
   5.500   1.5712   0.02213   0.01528  -0.2394   0.6411   1.0000
   6.000   1.5848   0.02349   0.01672  -0.2322   0.6290   1.0000
   6.500   1.6714   0.02299   0.01608  -0.2381   0.6221   1.0000
   7.000   1.6720   0.02464   0.01786  -0.2287   0.6092   1.0000
   7.500   1.7074   0.02553   0.01880  -0.2256   0.5987   1.0000
   8.000   1.7628   0.02570   0.01895  -0.2259   0.5891   1.0000
   8.500   1.7696   0.02754   0.02093  -0.2183   0.5765   1.0000
   9.000   1.8209   0.02789   0.02129  -0.2180   0.5666   1.0000
   9.500   1.8512   0.02888   0.02234  -0.2143   0.5548   1.0000
  10.000   1.8559   0.03105   0.02467  -0.2069   0.5415   1.0000
