  
       XFOIL         Version 6.99
  
 Calculated polar for: NACA 4218                                       
  
 1 1 Reynolds number fixed          Mach number fixed         
  
 xtrf =   1.000 (top)        1.000 (bottom)  
 Mach =   0.050     Re =     0.200 e 6     Ncrit =   9.000
  
   alpha    CL        CD       CDp       CM     Top_Xtr  Bot_Xtr
  ------ -------- --------- --------- -------- -------- --------
  -2.000   0.2159   0.01593   0.00734  -0.0708   0.6695   0.1292
  -1.500   0.2637   0.01533   0.00666  -0.0688   0.6385   0.1455
  -1.000   0.3086   0.01470   0.00600  -0.0666   0.6054   0.1710
  -0.500   0.3379   0.01277   0.00560  -0.0619   0.5732   0.5751
   0.000   0.3748   0.01249   0.00588  -0.0566   0.5378   0.7822
   0.500   0.4194   0.01289   0.00622  -0.0527   0.4975   0.8744
   1.000   0.4751   0.01362   0.00665  -0.0515   0.4529   0.9314
   1.500   0.5582   0.01467   0.00724  -0.0565   0.4100   0.9651
   2.000   0.6685   0.01567   0.00780  -0.0677   0.3776   0.9847
   2.500   0.7686   0.01637   0.00818  -0.0774   0.3576   1.0000
   3.000   0.7995   0.01682   0.00838  -0.0736   0.3474   1.0000
   3.500   0.8316   0.01719   0.00868  -0.0697   0.3393   1.0000
   4.000   0.8677   0.01777   0.00907  -0.0664   0.3325   1.0000
   4.500   0.9058   0.01838   0.00962  -0.0634   0.3268   1.0000
   5.000   0.9442   0.01894   0.01014  -0.0605   0.3210   1.0000
   5.500   0.9868   0.01964   0.01072  -0.0583   0.3160   1.0000
   6.000   1.0354   0.02064   0.01161  -0.0575   0.3117   1.0000
   6.500   1.0766   0.02138   0.01244  -0.0551   0.3080   1.0000
   7.000   1.1201   0.02219   0.01328  -0.0533   0.3036   1.0000
   7.500   1.1675   0.02309   0.01415  -0.0524   0.2997   1.0000
   8.000   1.2208   0.02434   0.01532  -0.0527   0.2961   1.0000
   8.500   1.2649   0.02560   0.01672  -0.0513   0.2930   1.0000
   9.000   1.3036   0.02670   0.01799  -0.0491   0.2894   1.0000
   9.500   1.3448   0.02796   0.01938  -0.0475   0.2860   1.0000
  10.000   1.3887   0.02921   0.02071  -0.0464   0.2827   1.0000
  -2.000   0.2159   0.01593   0.00734  -0.0708   0.6695   0.1292
  -1.500   0.2637   0.01533   0.00666  -0.0688   0.6385   0.1455
  -1.000   0.3086   0.01470   0.00600  -0.0666   0.6054   0.1710
  -0.500   0.3379   0.01277   0.00560  -0.0619   0.5732   0.5751
   0.000   0.3748   0.01249   0.00588  -0.0566   0.5378   0.7822
   0.500   0.4194   0.01289   0.00622  -0.0527   0.4975   0.8744
   1.000   0.4751   0.01362   0.00665  -0.0515   0.4529   0.9314
   1.500   0.5582   0.01467   0.00724  -0.0565   0.4100   0.9651
   2.000   0.6685   0.01567   0.00780  -0.0677   0.3776   0.9847
   2.500   0.7686   0.01637   0.00818  -0.0774   0.3576   1.0000
   3.000   0.7995   0.01682   0.00838  -0.0736   0.3474   1.0000
   3.500   0.8316   0.01719   0.00868  -0.0697   0.3393   1.0000
   4.000   0.8677   0.01777   0.00907  -0.0664   0.3325   1.0000
   4.500   0.9058   0.01838   0.00962  -0.0634   0.3268   1.0000
   5.000   0.9442   0.01894   0.01014  -0.0605   0.3210   1.0000
   5.500   0.9868   0.01964   0.01072  -0.0583   0.3160   1.0000
   6.000   1.0354   0.02064   0.01161  -0.0575   0.3117   1.0000
   6.500   1.0766   0.02138   0.01244  -0.0551   0.3080   1.0000
   7.000   1.1201   0.02219   0.01328  -0.0533   0.3036   1.0000
   7.500   1.1675   0.02309   0.01415  -0.0524   0.2997   1.0000
   8.000   1.2208   0.02434   0.01532  -0.0527   0.2961   1.0000
   8.500   1.2649   0.02560   0.01672  -0.0513   0.2930   1.0000
   9.000   1.3036   0.02670   0.01799  -0.0491   0.2894   1.0000
   9.500   1.3448   0.02796   0.01938  -0.0475   0.2860   1.0000
  10.000   1.3887   0.02921   0.02071  -0.0464   0.2827   1.0000
  -2.000   0.2159   0.01593   0.00734  -0.0708   0.6695   0.1292
  -1.500   0.2637   0.01533   0.00666  -0.0688   0.6385   0.1455
  -1.000   0.3086   0.01470   0.00600  -0.0666   0.6054   0.1710
  -0.500   0.3379   0.01277   0.00560  -0.0619   0.5732   0.5751
   0.000   0.3748   0.01249   0.00588  -0.0566   0.5378   0.7822
   0.500   0.4194   0.01289   0.00622  -0.0527   0.4975   0.8744
   1.000   0.4751   0.01362   0.00665  -0.0515   0.4529   0.9314
   1.500   0.5582   0.01467   0.00724  -0.0565   0.4100   0.9651
   2.000   0.6685   0.01567   0.00780  -0.0677   0.3776   0.9847
   2.500   0.7686   0.01637   0.00818  -0.0774   0.3576   1.0000
   3.000   0.7995   0.01682   0.00838  -0.0736   0.3474   1.0000
   3.500   0.8316   0.01719   0.00868  -0.0697   0.3393   1.0000
   4.000   0.8677   0.01777   0.00907  -0.0664   0.3325   1.0000
   4.500   0.9058   0.01838   0.00962  -0.0634   0.3268   1.0000
   5.000   0.9442   0.01894   0.01014  -0.0605   0.3210   1.0000
   5.500   0.9868   0.01964   0.01072  -0.0583   0.3160   1.0000
   6.000   1.0354   0.02064   0.01161  -0.0575   0.3117   1.0000
   6.500   1.0766   0.02138   0.01244  -0.0551   0.3080   1.0000
   7.000   1.1201   0.02219   0.01328  -0.0533   0.3036   1.0000
   7.500   1.1675   0.02309   0.01415  -0.0524   0.2997   1.0000
   8.000   1.2208   0.02434   0.01532  -0.0527   0.2961   1.0000
   8.500   1.2649   0.02560   0.01672  -0.0513   0.2930   1.0000
   9.000   1.3036   0.02670   0.01799  -0.0491   0.2894   1.0000
   9.500   1.3448   0.02796   0.01938  -0.0475   0.2860   1.0000
  10.000   1.3887   0.02921   0.02071  -0.0464   0.2827   1.0000
