  
       XFOIL         Version 6.99
  
 Calculated polar for: NACA 3134                                       
  
 1 1 Reynolds number fixed          Mach number fixed         
  
 xtrf =   1.000 (top)        1.000 (bottom)  
 Mach =   0.050     Re =     0.200 e 6     Ncrit =   9.000
  
   alpha    CL        CD       CDp       CM     Top_Xtr  Bot_Xtr
  ------ -------- --------- --------- -------- -------- --------
  -2.000   0.0276   0.02116   0.01290  -0.0191   0.5456   0.5147
  -1.500   0.0660   0.02114   0.01293  -0.0159   0.5328   0.5271
  -1.000   0.1027   0.02117   0.01288  -0.0126   0.5209   0.5405
  -0.500   0.1407   0.02119   0.01293  -0.0094   0.5088   0.5540
   0.000   0.1765   0.02128   0.01299  -0.0061   0.4974   0.5681
   0.500   0.2111   0.02134   0.01307  -0.0023   0.4860   0.5830
   1.000   0.2445   0.02147   0.01322   0.0014   0.4752   0.5977
   1.500   0.2713   0.02158   0.01331   0.0064   0.4644   0.6139
   2.000   0.3092   0.02184   0.01363   0.0092   0.4540   0.6299
   2.500   0.3377   0.02212   0.01388   0.0135   0.4434   0.6477
   3.000   0.3785   0.02255   0.01438   0.0155   0.4333   0.6657
   3.500   0.4074   0.02294   0.01486   0.0194   0.4227   0.6843
   4.000   0.4403   0.02346   0.01533   0.0225   0.4120   0.7048
   4.500   0.4686   0.02391   0.01586   0.0262   0.4004   0.7256
   5.000   0.4912   0.02471   0.01679   0.0304   0.3891   0.7468
   5.500   0.5304   0.02521   0.01724   0.0322   0.3792   0.7701
   6.000   0.5469   0.02639   0.01860   0.0367   0.3694   0.7948
   6.500   0.5853   0.02707   0.01923   0.0385   0.3604   0.8205
   7.000   0.5979   0.02865   0.02103   0.0432   0.3510   0.8471
   7.500   0.6342   0.02957   0.02189   0.0452   0.3423   0.8733
   8.000   0.6418   0.03170   0.02423   0.0500   0.3329   0.9011
   8.500   0.6907   0.03280   0.02516   0.0498   0.3239   0.9237
   9.000   0.7085   0.03614   0.02871   0.0504   0.3134   0.9436
   9.500   0.7597   0.03878   0.03129   0.0464   0.3031   0.9570
  10.000   0.8122   0.04148   0.03388   0.0418   0.2926   0.9707
