  
       XFOIL         Version 6.99
  
 Calculated polar for: NACA 1416                                       
  
 1 1 Reynolds number fixed          Mach number fixed         
  
 xtrf =   1.000 (top)        1.000 (bottom)  
 Mach =   0.050     Re =     0.200 e 6     Ncrit =   9.000
  
   alpha    CL        CD       CDp       CM     Top_Xtr  Bot_Xtr
  ------ -------- --------- --------- -------- -------- --------
  -2.000  -0.0995   0.01191   0.00578  -0.0314   0.8633   0.6064
  -1.500  -0.0479   0.01155   0.00558  -0.0294   0.8369   0.6594
  -1.000   0.0055   0.01126   0.00539  -0.0276   0.8106   0.7100
  -0.500   0.0576   0.01114   0.00533  -0.0256   0.7813   0.7585
   0.000   0.1103   0.01113   0.00531  -0.0236   0.7519   0.8036
   0.500   0.1628   0.01126   0.00545  -0.0216   0.7205   0.8442
   1.000   0.2169   0.01153   0.00560  -0.0198   0.6907   0.8808
   1.500   0.2785   0.01192   0.00591  -0.0197   0.6587   0.9084
   2.000   0.3435   0.01236   0.00619  -0.0205   0.6276   0.9343
   2.500   0.4225   0.01282   0.00646  -0.0245   0.5959   0.9521
   3.000   0.5087   0.01320   0.00672  -0.0304   0.5616   0.9671
   3.500   0.5968   0.01351   0.00690  -0.0370   0.5270   0.9813
   4.000   0.6860   0.01375   0.00701  -0.0442   0.4914   0.9944
   4.500   0.7486   0.01396   0.00707  -0.0463   0.4591   1.0000
   5.000   0.7868   0.01419   0.00722  -0.0434   0.4294   1.0000
   5.500   0.8234   0.01451   0.00747  -0.0401   0.3998   1.0000
   6.000   0.8577   0.01497   0.00777  -0.0363   0.3702   1.0000
   6.500   0.8908   0.01544   0.00820  -0.0322   0.3391   1.0000
   7.000   0.9221   0.01604   0.00871  -0.0278   0.3085   1.0000
   7.500   0.9514   0.01678   0.00932  -0.0230   0.2787   1.0000
   8.000   0.9793   0.01762   0.01003  -0.0181   0.2493   1.0000
   8.500   1.0068   0.01853   0.01088  -0.0132   0.2213   1.0000
   9.000   1.0322   0.01968   0.01190  -0.0082   0.1965   1.0000
   9.500   1.0568   0.02087   0.01304  -0.0033   0.1740   1.0000
  10.000   1.0762   0.02233   0.01440   0.0021   0.1559   1.0000
