  
       XFOIL         Version 6.99
  
 Calculated polar for: NACA 3318                                       
  
 1 1 Reynolds number fixed          Mach number fixed         
  
 xtrf =   1.000 (top)        1.000 (bottom)  
 Mach =   0.050     Re =     0.200 e 6     Ncrit =   9.000
  
   alpha    CL        CD       CDp       CM     Top_Xtr  Bot_Xtr
  ------ -------- --------- --------- -------- -------- --------
  -2.000   0.0999   0.01225   0.00574  -0.0635   0.7263   0.5595
  -1.500   0.1480   0.01204   0.00567  -0.0609   0.6981   0.6562
  -1.000   0.1965   0.01200   0.00569  -0.0585   0.6678   0.7236
  -0.500   0.2466   0.01210   0.00574  -0.0562   0.6395   0.7803
   0.000   0.2954   0.01231   0.00590  -0.0536   0.6092   0.8311
   0.500   0.3475   0.01270   0.00615  -0.0516   0.5823   0.8764
   1.000   0.4055   0.01323   0.00651  -0.0508   0.5567   0.9151
   1.500   0.4816   0.01387   0.00696  -0.0541   0.5324   0.9422
   2.000   0.5747   0.01455   0.00741  -0.0612   0.5103   0.9649
   2.500   0.6683   0.01502   0.00768  -0.0691   0.4918   0.9798
   3.000   0.7587   0.01540   0.00787  -0.0767   0.4757   0.9927
   3.500   0.8323   0.01570   0.00799  -0.0812   0.4622   1.0000
   4.000   0.8682   0.01596   0.00827  -0.0782   0.4512   1.0000
   4.500   0.9086   0.01643   0.00856  -0.0758   0.4413   1.0000
   5.000   0.9437   0.01680   0.00901  -0.0723   0.4314   1.0000
   5.500   0.9866   0.01740   0.00945  -0.0701   0.4221   1.0000
   6.000   1.0215   0.01786   0.01001  -0.0664   0.4125   1.0000
   6.500   1.0673   0.01854   0.01054  -0.0647   0.4034   1.0000
   7.000   1.1015   0.01906   0.01122  -0.0609   0.3939   1.0000
   7.500   1.1491   0.01979   0.01179  -0.0596   0.3846   1.0000
   8.000   1.1824   0.02036   0.01255  -0.0556   0.3748   1.0000
   8.500   1.2304   0.02111   0.01319  -0.0545   0.3652   1.0000
   9.000   1.2631   0.02171   0.01397  -0.0506   0.3548   1.0000
   9.500   1.3058   0.02245   0.01470  -0.0487   0.3447   1.0000
  10.000   1.3395   0.02304   0.01538  -0.0452   0.3338   1.0000
