  
       XFOIL         Version 6.99
  
 Calculated polar for: NACA 9828                                       
  
 1 1 Reynolds number fixed          Mach number fixed         
  
 xtrf =   1.000 (top)        1.000 (bottom)  
 Mach =   0.050     Re =     0.200 e 6     Ncrit =   9.000
  
   alpha    CL        CD       CDp       CM     Top_Xtr  Bot_Xtr
  ------ -------- --------- --------- -------- -------- --------
  -2.000   0.3395   0.03929   0.03240  -0.2164   0.7631   0.3030
  -1.500   0.4347   0.03747   0.03064  -0.2237   0.7617   0.3193
  -0.500   0.5998   0.03575   0.02887  -0.2347   0.7446   0.3528
   0.000   0.7051   0.03361   0.02676  -0.2437   0.7415   0.3718
   0.500   0.7680   0.03382   0.02696  -0.2458   0.7252   0.3882
   1.000   0.8855   0.03180   0.02475  -0.2575   0.7195   0.4094
   1.500   0.9279   0.03250   0.02559  -0.2554   0.7010   0.4242
   2.000   0.9928   0.03282   0.02584  -0.2579   0.6854   0.4422
   2.500   1.0798   0.03187   0.02480  -0.2637   0.6739   0.4617
   3.000   1.1145   0.03317   0.02617  -0.2606   0.6559   0.4765
   3.500   1.1772   0.03342   0.02636  -0.2623   0.6419   0.4949
   4.000   1.2290   0.03380   0.02674  -0.2619   0.6272   0.5108
   4.500   1.2698   0.03504   0.02799  -0.2599   0.6117   0.5277
   5.000   1.3354   0.03473   0.02759  -0.2617   0.5993   0.5442
   5.500   1.3575   0.03669   0.02966  -0.2565   0.5835   0.5597
   6.000   1.4114   0.03681   0.02972  -0.2562   0.5713   0.5745
   6.500   1.4317   0.03860   0.03161  -0.2505   0.5567   0.5888
   7.000   1.4769   0.03933   0.03231  -0.2491   0.5443   0.6033
   7.500   1.4955   0.04077   0.03383  -0.2426   0.5312   0.6143
   8.000   1.5416   0.04205   0.03507  -0.2421   0.5187   0.6315
   8.500   1.5551   0.04338   0.03648  -0.2347   0.5065   0.6392
   9.000   1.5822   0.04479   0.03792  -0.2303   0.4947   0.6510
   9.500   1.6135   0.04649   0.03962  -0.2273   0.4824   0.6649
  10.000   1.6277   0.04805   0.04126  -0.2205   0.4713   0.6716
