  
       XFOIL         Version 6.99
  
 Calculated polar for: NACA 7824                                       
  
 1 1 Reynolds number fixed          Mach number fixed         
  
 xtrf =   1.000 (top)        1.000 (bottom)  
 Mach =   0.050     Re =     0.200 e 6     Ncrit =   9.000
  
   alpha    CL        CD       CDp       CM     Top_Xtr  Bot_Xtr
  ------ -------- --------- --------- -------- -------- --------
  -2.000   0.2862   0.03408   0.02727  -0.1890   0.7987   0.3408
  -1.500   0.3709   0.03270   0.02595  -0.1941   0.7948   0.3625
  -0.500   0.5248   0.03032   0.02366  -0.2014   0.7793   0.4060
   0.000   0.6177   0.02843   0.02179  -0.2077   0.7757   0.4302
   0.500   0.6949   0.02749   0.02084  -0.2115   0.7615   0.4530
   1.500   0.8853   0.02440   0.01772  -0.2253   0.7366   0.5025
   2.000   0.9599   0.02395   0.01725  -0.2286   0.7160   0.5243
   2.500   1.0254   0.02394   0.01718  -0.2303   0.6941   0.5452
   3.000   1.0831   0.02426   0.01743  -0.2306   0.6720   0.5663
   3.500   1.1319   0.02482   0.01796  -0.2292   0.6504   0.5860
   4.000   1.1750   0.02544   0.01860  -0.2266   0.6297   0.6029
   4.500   1.2226   0.02609   0.01920  -0.2251   0.6098   0.6222
   5.000   1.2650   0.02673   0.01982  -0.2223   0.5911   0.6385
   5.500   1.3117   0.02731   0.02030  -0.2204   0.5728   0.6542
   6.000   1.3445   0.02835   0.02135  -0.2162   0.5541   0.6712
   6.500   1.3704   0.02941   0.02248  -0.2104   0.5365   0.6823
   7.000   1.4110   0.03039   0.02341  -0.2080   0.5192   0.6997
   7.500   1.4448   0.03111   0.02406  -0.2034   0.5031   0.7089
   8.000   1.4708   0.03254   0.02554  -0.1986   0.4861   0.7246
   8.500   1.4926   0.03377   0.02684  -0.1924   0.4703   0.7336
   9.000   1.5310   0.03502   0.02801  -0.1901   0.4544   0.7500
   9.500   1.5505   0.03623   0.02924  -0.1837   0.4393   0.7587
  10.000   1.5744   0.03808   0.03118  -0.1793   0.4235   0.7728
