  
       XFOIL         Version 6.99
  
 Calculated polar for: NACA 9416                                       
  
 1 1 Reynolds number fixed          Mach number fixed         
  
 xtrf =   1.000 (top)        1.000 (bottom)  
 Mach =   0.050     Re =     0.200 e 6     Ncrit =   9.000
  
   alpha    CL        CD       CDp       CM     Top_Xtr  Bot_Xtr
  ------ -------- --------- --------- -------- -------- --------
  -2.000   0.7657   0.01894   0.01058  -0.2134   0.6632   0.1064
  -1.500   0.8193   0.01843   0.00985  -0.2132   0.6483   0.1181
  -1.000   0.8702   0.01814   0.00943  -0.2124   0.6336   0.1320
  -0.500   0.9232   0.01803   0.00921  -0.2121   0.6207   0.1493
   0.000   0.9813   0.01803   0.00902  -0.2128   0.6102   0.1718
   0.500   1.0301   0.01807   0.00909  -0.2118   0.5987   0.1970
   1.000   1.0848   0.01826   0.00925  -0.2120   0.5894   0.2298
   1.500   1.1366   0.01846   0.00950  -0.2117   0.5805   0.2700
   2.000   1.1923   0.01868   0.00981  -0.2122   0.5728   0.3274
   2.500   1.2334   0.01778   0.01032  -0.2097   0.5647   1.0000
   3.000   1.2935   0.01839   0.01056  -0.2109   0.5583   1.0000
   3.500   1.3375   0.01915   0.01129  -0.2093   0.5511   1.0000
   4.000   1.3890   0.01978   0.01180  -0.2090   0.5444   1.0000
   4.500   1.4481   0.02057   0.01240  -0.2103   0.5390   1.0000
   5.000   1.4847   0.02143   0.01337  -0.2074   0.5322   1.0000
   5.500   1.5356   0.02215   0.01402  -0.2072   0.5263   1.0000
   6.000   1.5951   0.02302   0.01478  -0.2088   0.5212   1.0000
   6.500   1.6220   0.02411   0.01608  -0.2043   0.5147   1.0000
   7.000   1.6684   0.02497   0.01695  -0.2034   0.5092   1.0000
   7.500   1.7354   0.02580   0.01765  -0.2064   0.5041   1.0000
   8.000   1.7449   0.02727   0.01942  -0.1991   0.4979   1.0000
   8.500   1.7788   0.02835   0.02060  -0.1961   0.4921   1.0000
   9.000   1.8521   0.02903   0.02119  -0.2003   0.4871   1.0000
   9.500   1.8406   0.03117   0.02366  -0.1898   0.4808   1.0000
  10.000   1.8615   0.03266   0.02531  -0.1851   0.4745   1.0000
