  
       XFOIL         Version 6.99
  
 Calculated polar for: NACA 5336                                       
  
 1 1 Reynolds number fixed          Mach number fixed         
  
 xtrf =   1.000 (top)        1.000 (bottom)  
 Mach =   0.050     Re =     0.200 e 6     Ncrit =   9.000
  
   alpha    CL        CD       CDp       CM     Top_Xtr  Bot_Xtr
  ------ -------- --------- --------- -------- -------- --------
  -2.000   0.0890   0.02277   0.01386  -0.0492   0.4897   0.3718
  -1.500   0.1180   0.02253   0.01378  -0.0450   0.4812   0.4351
  -1.000   0.1360   0.02286   0.01428  -0.0389   0.4728   0.4843
  -0.500   0.1681   0.02318   0.01472  -0.0353   0.4652   0.5212
   0.000   0.2286   0.02355   0.01498  -0.0365   0.4584   0.5536
   0.500   0.2461   0.02430   0.01589  -0.0309   0.4521   0.5761
   1.000   0.2847   0.02484   0.01638  -0.0288   0.4458   0.5989
   1.500   0.3481   0.02522   0.01669  -0.0305   0.4405   0.6217
   2.000   0.3749   0.02618   0.01781  -0.0269   0.4357   0.6404
   2.500   0.3995   0.02720   0.01888  -0.0232   0.4305   0.6602
   3.000   0.4432   0.02780   0.01957  -0.0222   0.4257   0.6816
   3.500   0.5099   0.02818   0.01984  -0.0246   0.4217   0.7032
   4.500   0.5275   0.03167   0.02381  -0.0140   0.4131   0.7482
   5.000   0.5510   0.03309   0.02537  -0.0109   0.4088   0.7724
   5.500   0.6000   0.03378   0.02608  -0.0107   0.4054   0.8022
   6.000   0.6721   0.03429   0.02651  -0.0133   0.4021   0.8340
   6.500   0.3169   0.05896   0.05257   0.0200   0.3861   0.8513
   7.000   0.3997   0.05614   0.04972   0.0198   0.3857   0.8974
   7.500   0.5116   0.05287   0.04625   0.0152   0.3853   0.9332
   9.000  -0.0641   0.14076   0.13577   0.0261   0.3460   0.9722
   9.500   0.0084   0.14614   0.14109   0.0169   0.3396   0.9888
  10.000   0.0986   0.15140   0.14627   0.0067   0.3374   0.9969
