  
       XFOIL         Version 6.99
  
 Calculated polar for: NACA 4434                                       
  
 1 1 Reynolds number fixed          Mach number fixed         
  
 xtrf =   1.000 (top)        1.000 (bottom)  
 Mach =   0.050     Re =     0.200 e 6     Ncrit =   9.000
  
   alpha    CL        CD       CDp       CM     Top_Xtr  Bot_Xtr
  ------ -------- --------- --------- -------- -------- --------
  -2.000   0.1495   0.02251   0.01353  -0.0757   0.5665   0.3777
  -1.500   0.1768   0.02250   0.01358  -0.0709   0.5579   0.3924
  -1.000   0.2344   0.02234   0.01340  -0.0716   0.5502   0.4110
  -0.500   0.2518   0.02253   0.01371  -0.0651   0.5425   0.4277
   0.000   0.2770   0.02259   0.01383  -0.0599   0.5347   0.4474
   0.500   0.3452   0.02259   0.01380  -0.0626   0.5277   0.4743
   1.000   0.3499   0.02297   0.01446  -0.0540   0.5207   0.4964
   1.500   0.3786   0.02329   0.01491  -0.0497   0.5132   0.5243
   2.000   0.4444   0.02329   0.01488  -0.0518   0.5069   0.5594
   2.500   0.4595   0.02417   0.01600  -0.0456   0.5000   0.5889
   3.000   0.4828   0.02483   0.01684  -0.0408   0.4926   0.6197
   3.500   0.5476   0.02488   0.01687  -0.0426   0.4868   0.6540
   4.000   0.5697   0.02597   0.01816  -0.0379   0.4801   0.6836
   4.500   0.5779   0.02720   0.01963  -0.0314   0.4725   0.7124
   5.000   0.6395   0.02728   0.01971  -0.0326   0.4671   0.7454
   5.500   0.6712   0.02838   0.02093  -0.0297   0.4609   0.7773
   6.000   0.6487   0.03085   0.02374  -0.0198   0.4526   0.8099
   6.500   0.7085   0.03085   0.02373  -0.0202   0.4476   0.8472
   7.000   0.7417   0.03206   0.02500  -0.0174   0.4417   0.8860
   7.500   0.6831   0.03739   0.03074  -0.0054   0.4317   0.9268
   8.000   0.7980   0.03633   0.02945  -0.0137   0.4279   0.9532
   8.500   0.4453   0.07047   0.06464   0.0080   0.3884   0.9810
   9.000   0.5677   0.06892   0.06296  -0.0022   0.3884   0.9931
   9.500   0.6736   0.06591   0.05977  -0.0087   0.3883   1.0000
  10.000   0.7470   0.06077   0.05437  -0.0077   0.3886   1.0000
  -2.000   0.1495   0.02251   0.01353  -0.0757   0.5665   0.3777
  -1.500   0.1768   0.02250   0.01358  -0.0709   0.5579   0.3924
  -1.000   0.2344   0.02234   0.01340  -0.0716   0.5502   0.4110
  -0.500   0.2518   0.02253   0.01371  -0.0651   0.5425   0.4277
   0.000   0.2770   0.02259   0.01383  -0.0599   0.5347   0.4474
   0.500   0.3452   0.02259   0.01380  -0.0626   0.5277   0.4743
   1.000   0.3499   0.02297   0.01446  -0.0540   0.5207   0.4964
   1.500   0.3786   0.02329   0.01491  -0.0497   0.5132   0.5243
   2.000   0.4444   0.02329   0.01488  -0.0518   0.5069   0.5594
   2.500   0.4595   0.02417   0.01600  -0.0456   0.5000   0.5889
   3.000   0.4828   0.02483   0.01684  -0.0408   0.4926   0.6197
   3.500   0.5476   0.02488   0.01687  -0.0426   0.4868   0.6540
   4.000   0.5697   0.02597   0.01816  -0.0379   0.4801   0.6836
   4.500   0.5779   0.02720   0.01963  -0.0314   0.4725   0.7124
   5.000   0.6395   0.02728   0.01971  -0.0326   0.4671   0.7454
   5.500   0.6712   0.02838   0.02093  -0.0297   0.4609   0.7773
   6.000   0.6487   0.03085   0.02374  -0.0198   0.4526   0.8099
   6.500   0.7085   0.03085   0.02373  -0.0202   0.4476   0.8472
   7.000   0.7417   0.03206   0.02500  -0.0174   0.4417   0.8860
   7.500   0.6831   0.03739   0.03074  -0.0054   0.4317   0.9268
   8.000   0.7980   0.03633   0.02945  -0.0137   0.4279   0.9532
   8.500   0.4453   0.07047   0.06464   0.0080   0.3884   0.9810
   9.000   0.5677   0.06892   0.06296  -0.0022   0.3884   0.9931
   9.500   0.6736   0.06591   0.05977  -0.0087   0.3883   1.0000
  10.000   0.7470   0.06077   0.05437  -0.0077   0.3886   1.0000
  -2.000   0.1495   0.02251   0.01353  -0.0757   0.5665   0.3777
  -1.500   0.1768   0.02250   0.01358  -0.0709   0.5579   0.3924
  -1.000   0.2344   0.02234   0.01340  -0.0716   0.5502   0.4110
  -0.500   0.2518   0.02253   0.01371  -0.0651   0.5425   0.4277
   0.000   0.2770   0.02259   0.01383  -0.0599   0.5347   0.4474
   0.500   0.3452   0.02259   0.01380  -0.0626   0.5277   0.4743
   1.000   0.3499   0.02297   0.01446  -0.0540   0.5207   0.4964
   1.500   0.3786   0.02329   0.01491  -0.0497   0.5132   0.5243
   2.000   0.4444   0.02329   0.01488  -0.0518   0.5069   0.5594
   2.500   0.4595   0.02417   0.01600  -0.0456   0.5000   0.5889
   3.000   0.4828   0.02483   0.01684  -0.0408   0.4926   0.6197
   3.500   0.5476   0.02488   0.01687  -0.0426   0.4868   0.6540
   4.000   0.5697   0.02597   0.01816  -0.0379   0.4801   0.6836
   4.500   0.5779   0.02720   0.01963  -0.0314   0.4725   0.7124
   5.000   0.6395   0.02728   0.01971  -0.0326   0.4671   0.7454
   5.500   0.6712   0.02838   0.02093  -0.0297   0.4609   0.7773
   6.000   0.6487   0.03085   0.02374  -0.0198   0.4526   0.8099
   6.500   0.7085   0.03085   0.02373  -0.0202   0.4476   0.8472
   7.000   0.7417   0.03206   0.02500  -0.0174   0.4417   0.8860
   7.500   0.6831   0.03739   0.03074  -0.0054   0.4317   0.9268
   8.000   0.7980   0.03633   0.02945  -0.0137   0.4279   0.9532
   8.500   0.4453   0.07047   0.06464   0.0080   0.3884   0.9810
   9.000   0.5677   0.06892   0.06296  -0.0022   0.3884   0.9931
   9.500   0.6736   0.06591   0.05977  -0.0087   0.3883   1.0000
  10.000   0.7470   0.06077   0.05437  -0.0077   0.3886   1.0000
