  
       XFOIL         Version 6.99
  
 Calculated polar for: NACA 7432                                       
  
 1 1 Reynolds number fixed          Mach number fixed         
  
 xtrf =   1.000 (top)        1.000 (bottom)  
 Mach =   0.050     Re =     0.200 e 6     Ncrit =   9.000
  
   alpha    CL        CD       CDp       CM     Top_Xtr  Bot_Xtr
  ------ -------- --------- --------- -------- -------- --------
  -2.000   0.3712   0.02427   0.01487  -0.1227   0.5601   0.2603
  -1.500   0.4247   0.02434   0.01496  -0.1230   0.5539   0.2726
  -1.000   0.4410   0.02487   0.01554  -0.1167   0.5466   0.2833
  -0.500   0.4931   0.02484   0.01554  -0.1168   0.5407   0.2980
   0.000   0.5670   0.02490   0.01549  -0.1207   0.5354   0.3168
   0.500   0.5660   0.02595   0.01677  -0.1119   0.5289   0.3292
   1.000   0.6045   0.02633   0.01723  -0.1100   0.5230   0.3481
   1.500   0.6741   0.02622   0.01710  -0.1130   0.5185   0.3752
   2.000   0.7002   0.02721   0.01826  -0.1093   0.5129   0.4011
   2.500   0.7009   0.02873   0.02010  -0.1020   0.5064   0.4301
   3.000   0.7505   0.02894   0.02062  -0.1021   0.5016   0.4980
   3.500   0.8324   0.02840   0.02043  -0.1065   0.4976   0.6289
   4.000   0.7765   0.03224   0.02483  -0.0919   0.4901   0.6873
   4.500   0.7750   0.03449   0.02753  -0.0848   0.4839   0.7751
   5.000   0.8439   0.03375   0.02695  -0.0852   0.4806   0.9107
   6.000   0.7045   0.05047   0.04421  -0.0647   0.4585   1.0000
   6.500   0.8244   0.04628   0.03963  -0.0713   0.4588   1.0000
   8.500   0.3014   0.12408   0.11865  -0.0418   0.3684   1.0000
   9.000   0.3458   0.12580   0.12023  -0.0426   0.3650   1.0000
   9.500   0.4068   0.12544   0.11970  -0.0435   0.3631   1.0000
