  
       XFOIL         Version 6.99
  
 Calculated polar for: NACA 5616                                       
  
 1 1 Reynolds number fixed          Mach number fixed         
  
 xtrf =   1.000 (top)        1.000 (bottom)  
 Mach =   0.050     Re =     0.200 e 6     Ncrit =   9.000
  
   alpha    CL        CD       CDp       CM     Top_Xtr  Bot_Xtr
  ------ -------- --------- --------- -------- -------- --------
  -2.000   0.2565   0.02366   0.01653  -0.1438   0.8460   0.3419
  -0.500   0.4673   0.02172   0.01498  -0.1504   0.8267   0.4752
   1.000   0.6902   0.01883   0.01248  -0.1580   0.8085   0.6116
   1.500   0.7399   0.01838   0.01216  -0.1560   0.7941   0.6500
   2.500   0.8867   0.01616   0.01023  -0.1605   0.7747   0.7376
   3.000   0.9432   0.01539   0.00965  -0.1595   0.7581   0.7901
   3.500   0.9949   0.01436   0.00894  -0.1571   0.7397   0.9722
   4.000   1.0482   0.01428   0.00874  -0.1565   0.7144   1.0000
   4.500   1.1079   0.01413   0.00842  -0.1568   0.6877   1.0000
   5.000   1.1549   0.01433   0.00848  -0.1547   0.6555   1.0000
   5.500   1.2002   0.01470   0.00866  -0.1523   0.6216   1.0000
   6.000   1.2428   0.01530   0.00906  -0.1495   0.5876   1.0000
   6.500   1.2810   0.01610   0.00967  -0.1461   0.5544   1.0000
   7.000   1.3154   0.01701   0.01041  -0.1420   0.5223   1.0000
   7.500   1.3429   0.01803   0.01135  -0.1369   0.4903   1.0000
   8.000   1.3690   0.01917   0.01242  -0.1318   0.4588   1.0000
   8.500   1.3932   0.02047   0.01361  -0.1266   0.4276   1.0000
   9.000   1.4146   0.02196   0.01501  -0.1213   0.3960   1.0000
   9.500   1.4340   0.02366   0.01665  -0.1160   0.3637   1.0000
  10.000   1.4516   0.02559   0.01853  -0.1107   0.3313   1.0000
