  
       XFOIL         Version 6.99
  
 Calculated polar for: NACA 9024                                       
  
 1 1 Reynolds number fixed          Mach number fixed         
  
 xtrf =   1.000 (top)        1.000 (bottom)  
 Mach =   0.050     Re =     0.200 e 6     Ncrit =   9.000
  
   alpha    CL        CD       CDp       CM     Top_Xtr  Bot_Xtr
  ------ -------- --------- --------- -------- -------- --------
  -2.000   0.5610   0.01596   0.00875  -0.0398   0.5254   0.7618
  -1.500   0.6093   0.01622   0.00901  -0.0381   0.5087   0.7999
  -1.000   0.6534   0.01652   0.00942  -0.0354   0.4916   0.8378
  -0.500   0.6950   0.01694   0.00993  -0.0323   0.4748   0.8771
   0.000   0.7442   0.01754   0.01053  -0.0308   0.4582   0.9129
   0.500   0.8061   0.01828   0.01120  -0.0322   0.4410   0.9421
   1.000   0.8858   0.01916   0.01197  -0.0377   0.4227   0.9617
   1.500   0.9725   0.02006   0.01278  -0.0451   0.4040   0.9776
   2.000   1.0589   0.02092   0.01354  -0.0529   0.3853   0.9920
   2.500   1.1074   0.02146   0.01400  -0.0538   0.3696   1.0002
   3.000   1.0785   0.02160   0.01418  -0.0398   0.3595   1.0002
   3.500   1.0875   0.02211   0.01454  -0.0327   0.3478   1.0002
   4.000   1.0924   0.02284   0.01529  -0.0253   0.3356   1.0002
   4.500   1.1125   0.02384   0.01626  -0.0210   0.3230   1.0002
   5.000   1.1396   0.02494   0.01724  -0.0181   0.3106   1.0002
   5.500   1.1595   0.02628   0.01860  -0.0147   0.2982   1.0002
   6.000   1.1805   0.02787   0.02023  -0.0119   0.2861   1.0002
   6.500   1.2053   0.02950   0.02180  -0.0098   0.2746   1.0002
   7.000   1.2268   0.03132   0.02359  -0.0078   0.2632   1.0002
   7.500   1.2418   0.03365   0.02603  -0.0055   0.2521   1.0002
   8.000   1.2620   0.03590   0.02825  -0.0041   0.2417   1.0002
   8.500   1.2803   0.03833   0.03065  -0.0028   0.2316   1.0002
   9.000   1.2900   0.04155   0.03402  -0.0013   0.2217   1.0002
   9.500   1.3074   0.04440   0.03684  -0.0006   0.2126   1.0002
  10.000   1.3174   0.04794   0.04045   0.0000   0.2037   1.0002
  -2.000   0.5610   0.01596   0.00875  -0.0398   0.5254   0.7618
  -1.500   0.6093   0.01622   0.00901  -0.0381   0.5087   0.7999
  -1.000   0.6534   0.01652   0.00942  -0.0354   0.4916   0.8378
  -0.500   0.6950   0.01694   0.00993  -0.0323   0.4748   0.8771
   0.000   0.7442   0.01754   0.01053  -0.0308   0.4582   0.9129
   0.500   0.8061   0.01828   0.01120  -0.0322   0.4410   0.9421
   1.000   0.8858   0.01916   0.01197  -0.0377   0.4227   0.9617
   1.500   0.9725   0.02006   0.01278  -0.0451   0.4040   0.9776
   2.000   1.0589   0.02092   0.01354  -0.0529   0.3853   0.9920
   2.500   1.1074   0.02146   0.01400  -0.0538   0.3696   1.0002
   3.000   1.0785   0.02160   0.01418  -0.0398   0.3595   1.0002
   3.500   1.0875   0.02211   0.01454  -0.0327   0.3478   1.0002
   4.000   1.0924   0.02284   0.01529  -0.0253   0.3356   1.0002
   4.500   1.1125   0.02384   0.01626  -0.0210   0.3230   1.0002
   5.000   1.1396   0.02494   0.01724  -0.0181   0.3106   1.0002
   5.500   1.1595   0.02628   0.01860  -0.0147   0.2982   1.0002
   6.000   1.1805   0.02787   0.02023  -0.0119   0.2861   1.0002
   6.500   1.2053   0.02950   0.02180  -0.0098   0.2746   1.0002
   7.000   1.2268   0.03132   0.02359  -0.0078   0.2632   1.0002
   7.500   1.2418   0.03365   0.02603  -0.0055   0.2521   1.0002
   8.000   1.2620   0.03590   0.02825  -0.0041   0.2417   1.0002
   8.500   1.2803   0.03833   0.03065  -0.0028   0.2316   1.0002
   9.000   1.2900   0.04155   0.03402  -0.0013   0.2217   1.0002
   9.500   1.3074   0.04440   0.03684  -0.0006   0.2126   1.0002
  10.000   1.3174   0.04794   0.04045   0.0000   0.2037   1.0002
