  
       XFOIL         Version 6.99
  
 Calculated polar for: NACA 7232                                       
  
 1 1 Reynolds number fixed          Mach number fixed         
  
 xtrf =   1.000 (top)        1.000 (bottom)  
 Mach =   0.050     Re =     0.200 e 6     Ncrit =   9.000
  
   alpha    CL        CD       CDp       CM     Top_Xtr  Bot_Xtr
  ------ -------- --------- --------- -------- -------- --------
  -2.000   0.2895   0.02612   0.01620  -0.0609   0.4653   0.1256
  -1.500   0.3128   0.02604   0.01601  -0.0558   0.4486   0.1298
  -1.000   0.3334   0.02616   0.01608  -0.0506   0.4311   0.1344
  -0.500   0.3533   0.02661   0.01637  -0.0455   0.4131   0.1396
   0.000   0.3714   0.02687   0.01663  -0.0405   0.3954   0.1454
   0.500   0.3919   0.02759   0.01723  -0.0361   0.3785   0.1521
   1.000   0.4141   0.02809   0.01777  -0.0323   0.3638   0.1606
   1.500   0.4424   0.02873   0.01834  -0.0295   0.3517   0.1716
   2.000   0.4788   0.02922   0.01864  -0.0279   0.3419   0.1921
   2.500   0.5018   0.02875   0.01975  -0.0250   0.3339   0.5455
   3.000   0.5406   0.02921   0.02063  -0.0229   0.3275   0.6828
   3.500   0.5738   0.03024   0.02196  -0.0203   0.3222   0.7619
   4.000   0.6053   0.03133   0.02328  -0.0172   0.3175   0.8309
   4.500   0.6441   0.03239   0.02438  -0.0147   0.3136   0.9011
   5.000   0.7121   0.03368   0.02551  -0.0176   0.3098   0.9535
   5.500   0.7843   0.03627   0.02812  -0.0244   0.3061   0.9804
   6.000   0.8716   0.03872   0.03048  -0.0339   0.3022   0.9948
   6.500   0.9153   0.03986   0.03148  -0.0352   0.2997   1.0000
   7.000   0.9353   0.04035   0.03180  -0.0314   0.2978   1.0000
   7.500   0.9817   0.04100   0.03223  -0.0311   0.2957   1.0000
   8.000   0.9799   0.04335   0.03470  -0.0261   0.2944   1.0000
   8.500   0.9807   0.04636   0.03784  -0.0224   0.2929   1.0000
   9.000   0.9771   0.05021   0.04185  -0.0190   0.2913   1.0000
   9.500   0.9569   0.05566   0.04752  -0.0153   0.2892   1.0000
