  
       XFOIL         Version 6.99
  
 Calculated polar for: NACA 9626                                       
  
 1 1 Reynolds number fixed          Mach number fixed         
  
 xtrf =   1.000 (top)        1.000 (bottom)  
 Mach =   0.050     Re =     0.200 e 6     Ncrit =   9.000
  
   alpha    CL        CD       CDp       CM     Top_Xtr  Bot_Xtr
  ------ -------- --------- --------- -------- -------- --------
  -2.000   0.2974   0.04681   0.03926  -0.1851   0.6929   0.2333
  -1.500   0.3753   0.04558   0.03797  -0.1885   0.6913   0.2487
   0.000   0.5064   0.04757   0.04006  -0.1861   0.6597   0.2905
   0.500   0.5805   0.04616   0.03873  -0.1888   0.6578   0.3100
   1.000   0.6577   0.04438   0.03698  -0.1918   0.6567   0.3307
   1.500   0.7372   0.04244   0.03507  -0.1951   0.6559   0.3529
   2.000   0.8202   0.04038   0.03303  -0.1989   0.6552   0.3769
   3.500   0.9465   0.04248   0.03527  -0.1951   0.6233   0.4386
   4.000   1.0350   0.04005   0.03285  -0.1995   0.6219   0.4674
   4.500   1.1314   0.03733   0.03010  -0.2052   0.6201   0.4980
   5.500   1.2477   0.03696   0.02975  -0.2067   0.6021   0.5492
   6.500   1.3604   0.03704   0.02979  -0.2078   0.5828   0.6005
   7.000   1.3682   0.04000   0.03283  -0.2020   0.5680   0.6209
   7.500   1.4640   0.03775   0.03048  -0.2079   0.5624   0.6518
   9.500   1.5492   0.04640   0.03951  -0.1931   0.5145   0.7542
  10.000   1.6016   0.04631   0.03948  -0.1932   0.5058   0.8025
