  
       XFOIL         Version 6.99
  
 Calculated polar for: NACA 8820                                       
  
 1 1 Reynolds number fixed          Mach number fixed         
  
 xtrf =   1.000 (top)        1.000 (bottom)  
 Mach =   0.050     Re =     0.200 e 6     Ncrit =   9.000
  
   alpha    CL        CD       CDp       CM     Top_Xtr  Bot_Xtr
  ------ -------- --------- --------- -------- -------- --------
  -2.000   0.3583   0.04365   0.03696  -0.2186   0.8445   0.3011
  -1.000   0.4971   0.04256   0.03607  -0.2246   0.8233   0.3528
  -0.500   0.5757   0.04164   0.03524  -0.2288   0.8171   0.3810
   0.000   0.6412   0.04101   0.03471  -0.2307   0.8052   0.4077
   0.500   0.7231   0.03964   0.03341  -0.2350   0.8013   0.4377
   1.000   0.7875   0.03888   0.03274  -0.2364   0.7894   0.4647
   1.500   0.8681   0.03717   0.03107  -0.2402   0.7855   0.4942
   2.000   0.9349   0.03614   0.03013  -0.2417   0.7732   0.5209
   2.500   1.0207   0.03387   0.02795  -0.2462   0.7678   0.5489
   3.500   1.1759   0.03080   0.02490  -0.2528   0.7357   0.5998
   4.000   1.2497   0.02955   0.02360  -0.2553   0.7150   0.6216
   4.500   1.3090   0.02895   0.02296  -0.2550   0.6913   0.6381
   5.000   1.3651   0.02888   0.02277  -0.2546   0.6666   0.6560
   5.500   1.4185   0.02919   0.02293  -0.2539   0.6417   0.6752
   6.000   1.4456   0.02988   0.02361  -0.2476   0.6173   0.6840
   6.500   1.4828   0.03091   0.02458  -0.2441   0.5925   0.7013
   7.000   1.5071   0.03177   0.02544  -0.2375   0.5696   0.7099
   7.500   1.5420   0.03291   0.02653  -0.2338   0.5459   0.7257
   8.000   1.5666   0.03392   0.02753  -0.2278   0.5237   0.7361
   8.500   1.5963   0.03524   0.02882  -0.2233   0.5009   0.7500
   9.000   1.6237   0.03667   0.03024  -0.2185   0.4785   0.7637
   9.500   1.6462   0.03810   0.03167  -0.2128   0.4566   0.7748
  10.000   1.6710   0.03989   0.03346  -0.2080   0.4345   0.7878
