  
       XFOIL         Version 6.99
  
 Calculated polar for: NACA 9312                                       
  
 1 1 Reynolds number fixed          Mach number fixed         
  
 xtrf =   1.000 (top)        1.000 (bottom)  
 Mach =   0.050     Re =     0.200 e 6     Ncrit =   9.000
  
   alpha    CL        CD       CDp       CM     Top_Xtr  Bot_Xtr
  ------ -------- --------- --------- -------- -------- --------
  -2.000   0.6459   0.03472   0.02861  -0.1658   0.5506   0.0661
  -1.000   0.7523   0.02940   0.02232  -0.1687   0.4966   0.0828
  -0.500   0.8117   0.02716   0.01958  -0.1705   0.4809   0.0960
   0.000   0.8702   0.02537   0.01738  -0.1718   0.4689   0.1134
   1.000   1.0001   0.02029   0.01074  -0.1739   0.4518   0.0858
   1.500   1.0572   0.01987   0.00994  -0.1744   0.4451   0.0993
   2.000   1.1112   0.01972   0.00972  -0.1743   0.4391   0.1186
   2.500   1.1661   0.01981   0.00977  -0.1746   0.4340   0.1457
   3.000   1.2235   0.02019   0.01007  -0.1754   0.4294   0.1845
   3.500   1.2749   0.02039   0.01048  -0.1753   0.4248   0.2498
   4.500   1.3775   0.02069   0.01159  -0.1745   0.4169   1.0000
   5.000   1.4345   0.02177   0.01249  -0.1755   0.4136   1.0000
   5.500   1.4815   0.02260   0.01342  -0.1746   0.4102   1.0000
   6.000   1.5296   0.02351   0.01440  -0.1740   0.4064   1.0000
   6.500   1.5798   0.02449   0.01541  -0.1739   0.4032   1.0000
   7.000   1.6322   0.02555   0.01648  -0.1742   0.4003   1.0000
   7.500   1.6864   0.02698   0.01791  -0.1751   0.3973   1.0000
   8.000   1.7248   0.02817   0.01938  -0.1731   0.3942   1.0000
   8.500   1.7653   0.02956   0.02101  -0.1715   0.3912   1.0000
   9.000   1.8061   0.03101   0.02267  -0.1702   0.3883   1.0000
   9.500   1.8497   0.03237   0.02419  -0.1693   0.3852   1.0000
  10.000   1.9000   0.03399   0.02591  -0.1698   0.3824   1.0000
