  
       XFOIL         Version 6.99
  
 Calculated polar for: NACA 4326                                       
  
 1 1 Reynolds number fixed          Mach number fixed         
  
 xtrf =   1.000 (top)        1.000 (bottom)  
 Mach =   0.050     Re =     0.200 e 6     Ncrit =   9.000
  
   alpha    CL        CD       CDp       CM     Top_Xtr  Bot_Xtr
  ------ -------- --------- --------- -------- -------- --------
  -2.000   0.1691   0.01625   0.00825  -0.0709   0.5705   0.4467
  -1.500   0.2050   0.01615   0.00839  -0.0668   0.5522   0.5339
  -1.000   0.2473   0.01629   0.00857  -0.0639   0.5351   0.5882
  -0.500   0.2938   0.01653   0.00875  -0.0618   0.5197   0.6299
   0.000   0.3393   0.01676   0.00899  -0.0595   0.5058   0.6659
   0.500   0.3856   0.01708   0.00932  -0.0575   0.4933   0.6995
   1.000   0.4368   0.01743   0.00955  -0.0564   0.4822   0.7324
   1.500   0.4814   0.01780   0.01006  -0.0540   0.4724   0.7650
   2.000   0.5314   0.01820   0.01046  -0.0525   0.4636   0.7976
   2.500   0.5798   0.01876   0.01106  -0.0509   0.4555   0.8300
   3.000   0.6226   0.01928   0.01162  -0.0480   0.4480   0.8661
   3.500   0.6837   0.02009   0.01231  -0.0484   0.4411   0.8963
   4.000   0.7406   0.02104   0.01332  -0.0485   0.4342   0.9228
   4.500   0.8121   0.02191   0.01415  -0.0520   0.4273   0.9420
   5.000   0.9051   0.02289   0.01489  -0.0598   0.4206   0.9557
   5.500   0.9895   0.02399   0.01607  -0.0667   0.4142   0.9667
   6.000   1.0722   0.02484   0.01690  -0.0732   0.4075   0.9801
   6.500   1.1663   0.02565   0.01750  -0.0817   0.4016   0.9904
   7.000   1.2365   0.02672   0.01869  -0.0866   0.3958   1.0000
   7.500   1.2170   0.02715   0.01920  -0.0745   0.3914   1.0000
   8.000   1.2115   0.02752   0.01955  -0.0644   0.3873   1.0000
   8.500   1.2631   0.02818   0.02003  -0.0645   0.3826   1.0000
   9.000   1.2438   0.02920   0.02118  -0.0524   0.3784   1.0000
   9.500   1.2289   0.03062   0.02277  -0.0421   0.3736   1.0000
  10.000   1.2525   0.03174   0.02389  -0.0382   0.3686   1.0000
  -2.000   0.1691   0.01625   0.00825  -0.0709   0.5705   0.4467
  -1.500   0.2050   0.01615   0.00839  -0.0668   0.5522   0.5339
  -1.000   0.2473   0.01629   0.00857  -0.0639   0.5351   0.5882
  -0.500   0.2938   0.01653   0.00875  -0.0618   0.5197   0.6299
   0.000   0.3393   0.01676   0.00899  -0.0595   0.5058   0.6659
   0.500   0.3856   0.01708   0.00932  -0.0575   0.4933   0.6995
   1.000   0.4368   0.01743   0.00955  -0.0564   0.4822   0.7324
   1.500   0.4814   0.01780   0.01006  -0.0540   0.4724   0.7650
   2.000   0.5314   0.01820   0.01046  -0.0525   0.4636   0.7976
   2.500   0.5798   0.01876   0.01106  -0.0509   0.4555   0.8300
   3.000   0.6226   0.01928   0.01162  -0.0480   0.4480   0.8661
   3.500   0.6837   0.02009   0.01231  -0.0484   0.4411   0.8963
   4.000   0.7406   0.02104   0.01332  -0.0485   0.4342   0.9228
   4.500   0.8121   0.02191   0.01415  -0.0520   0.4273   0.9420
   5.000   0.9051   0.02289   0.01489  -0.0598   0.4206   0.9557
   5.500   0.9895   0.02399   0.01607  -0.0667   0.4142   0.9667
   6.000   1.0722   0.02484   0.01690  -0.0732   0.4075   0.9801
   6.500   1.1663   0.02565   0.01750  -0.0817   0.4016   0.9904
   7.000   1.2365   0.02672   0.01869  -0.0866   0.3958   1.0000
   7.500   1.2170   0.02715   0.01920  -0.0745   0.3914   1.0000
   8.000   1.2115   0.02752   0.01955  -0.0644   0.3873   1.0000
   8.500   1.2631   0.02818   0.02003  -0.0645   0.3826   1.0000
   9.000   1.2438   0.02920   0.02118  -0.0524   0.3784   1.0000
   9.500   1.2289   0.03062   0.02277  -0.0421   0.3736   1.0000
  10.000   1.2525   0.03174   0.02389  -0.0382   0.3686   1.0000
  -2.000   0.1691   0.01625   0.00825  -0.0709   0.5705   0.4467
  -1.500   0.2050   0.01615   0.00839  -0.0668   0.5522   0.5339
  -1.000   0.2473   0.01629   0.00857  -0.0639   0.5351   0.5882
  -0.500   0.2938   0.01653   0.00875  -0.0618   0.5197   0.6299
   0.000   0.3393   0.01676   0.00899  -0.0595   0.5058   0.6659
   0.500   0.3856   0.01708   0.00932  -0.0575   0.4933   0.6995
   1.000   0.4368   0.01743   0.00955  -0.0564   0.4822   0.7324
   1.500   0.4814   0.01780   0.01006  -0.0540   0.4724   0.7650
   2.000   0.5314   0.01820   0.01046  -0.0525   0.4636   0.7976
   2.500   0.5798   0.01876   0.01106  -0.0509   0.4555   0.8300
   3.000   0.6226   0.01928   0.01162  -0.0480   0.4480   0.8661
   3.500   0.6837   0.02009   0.01231  -0.0484   0.4411   0.8963
   4.000   0.7406   0.02104   0.01332  -0.0485   0.4342   0.9228
   4.500   0.8121   0.02191   0.01415  -0.0520   0.4273   0.9420
   5.000   0.9051   0.02289   0.01489  -0.0598   0.4206   0.9557
   5.500   0.9895   0.02399   0.01607  -0.0667   0.4142   0.9667
   6.000   1.0722   0.02484   0.01690  -0.0732   0.4075   0.9801
   6.500   1.1663   0.02565   0.01750  -0.0817   0.4016   0.9904
   7.000   1.2365   0.02672   0.01869  -0.0866   0.3958   1.0000
   7.500   1.2170   0.02715   0.01920  -0.0745   0.3914   1.0000
   8.000   1.2115   0.02752   0.01955  -0.0644   0.3873   1.0000
   8.500   1.2631   0.02818   0.02003  -0.0645   0.3826   1.0000
   9.000   1.2438   0.02920   0.02118  -0.0524   0.3784   1.0000
   9.500   1.2289   0.03062   0.02277  -0.0421   0.3736   1.0000
  10.000   1.2525   0.03174   0.02389  -0.0382   0.3686   1.0000
