  
       XFOIL         Version 6.99
  
 Calculated polar for: NACA 9824                                       
  
 1 1 Reynolds number fixed          Mach number fixed         
  
 xtrf =   1.000 (top)        1.000 (bottom)  
 Mach =   0.050     Re =     0.200 e 6     Ncrit =   9.000
  
   alpha    CL        CD       CDp       CM     Top_Xtr  Bot_Xtr
  ------ -------- --------- --------- -------- -------- --------
  -1.500   0.4366   0.04390   0.03716  -0.2304   0.7848   0.3076
  -1.000   0.5225   0.04262   0.03597  -0.2359   0.7821   0.3289
  -0.500   0.6097   0.04108   0.03450  -0.2416   0.7803   0.3508
   0.500   0.7610   0.03911   0.03266  -0.2489   0.7646   0.3934
   1.500   0.9248   0.03666   0.03023  -0.2585   0.7475   0.4398
   2.000   1.0301   0.03424   0.02776  -0.2673   0.7428   0.4658
   2.500   1.0951   0.03390   0.02743  -0.2690   0.7254   0.4871
   3.000   1.1573   0.03363   0.02720  -0.2701   0.7079   0.5069
   3.500   1.2258   0.03328   0.02680  -0.2726   0.6912   0.5281
   4.000   1.3032   0.03267   0.02604  -0.2767   0.6754   0.5508
   4.500   1.3452   0.03303   0.02644  -0.2737   0.6566   0.5666
   5.000   1.3848   0.03406   0.02747  -0.2710   0.6370   0.5843
   5.500   1.4201   0.03481   0.02824  -0.2670   0.6192   0.5991
   6.000   1.4699   0.03519   0.02854  -0.2659   0.6026   0.6153
   6.500   1.5046   0.03585   0.02917  -0.2618   0.5857   0.6289
   7.000   1.5323   0.03733   0.03071  -0.2571   0.5680   0.6430
   7.500   1.5592   0.03812   0.03151  -0.2514   0.5524   0.6528
   8.000   1.6129   0.03866   0.03188  -0.2515   0.5365   0.6698
   8.500   1.6137   0.04061   0.03401  -0.2415   0.5203   0.6764
   9.000   1.6462   0.04191   0.03531  -0.2379   0.5049   0.6904
  10.000   1.6873   0.04493   0.03839  -0.2263   0.4746   0.7106
