  
       XFOIL         Version 6.99
  
 Calculated polar for: NACA 2218                                       
  
 1 1 Reynolds number fixed          Mach number fixed         
  
 xtrf =   1.000 (top)        1.000 (bottom)  
 Mach =   0.050     Re =     0.200 e 6     Ncrit =   9.000
  
   alpha    CL        CD       CDp       CM     Top_Xtr  Bot_Xtr
  ------ -------- --------- --------- -------- -------- --------
  -2.000  -0.0195   0.01207   0.00588  -0.0343   0.7599   0.6420
  -1.500   0.0316   0.01196   0.00579  -0.0323   0.7305   0.6852
  -1.000   0.0830   0.01192   0.00570  -0.0304   0.6998   0.7267
  -0.500   0.1338   0.01196   0.00572  -0.0283   0.6684   0.7685
   0.000   0.1838   0.01213   0.00585  -0.0259   0.6371   0.8118
   0.500   0.2359   0.01240   0.00607  -0.0239   0.6044   0.8465
   1.000   0.2883   0.01275   0.00622  -0.0222   0.5717   0.8771
   1.500   0.3461   0.01322   0.00653  -0.0216   0.5354   0.9025
   2.000   0.4102   0.01379   0.00688  -0.0226   0.4989   0.9250
   2.500   0.4842   0.01444   0.00727  -0.0259   0.4620   0.9425
   3.000   0.5669   0.01512   0.00766  -0.0314   0.4276   0.9564
   3.500   0.6491   0.01574   0.00806  -0.0371   0.3994   0.9705
   4.000   0.7327   0.01634   0.00844  -0.0432   0.3772   0.9836
   4.500   0.8186   0.01686   0.00883  -0.0500   0.3596   0.9952
   5.000   0.8784   0.01732   0.00922  -0.0518   0.3468   1.0000
   5.500   0.9148   0.01783   0.00957  -0.0489   0.3371   1.0000
   6.000   0.9488   0.01829   0.01010  -0.0454   0.3284   1.0000
   6.500   0.9848   0.01887   0.01060  -0.0421   0.3203   1.0000
   7.000   1.0204   0.01956   0.01133  -0.0387   0.3128   1.0000
   7.500   1.0556   0.02017   0.01196  -0.0352   0.3050   1.0000
   8.000   1.0958   0.02109   0.01281  -0.0327   0.2979   1.0000
   8.500   1.1283   0.02176   0.01362  -0.0287   0.2904   1.0000
   9.000   1.1708   0.02264   0.01439  -0.0267   0.2831   1.0000
   9.500   1.2024   0.02353   0.01548  -0.0227   0.2759   1.0000
  10.000   1.2404   0.02431   0.01626  -0.0200   0.2682   1.0000
