  
       XFOIL         Version 6.99
  
 Calculated polar for: NACA 8330                                       
  
 1 1 Reynolds number fixed          Mach number fixed         
  
 xtrf =   1.000 (top)        1.000 (bottom)  
 Mach =   0.050     Re =     0.200 e 6     Ncrit =   9.000
  
   alpha    CL        CD       CDp       CM     Top_Xtr  Bot_Xtr
  ------ -------- --------- --------- -------- -------- --------
  -2.000   0.3783   0.02581   0.01573  -0.1024   0.4668   0.1559
  -1.500   0.4301   0.02574   0.01549  -0.1023   0.4587   0.1635
  -1.000   0.4696   0.02599   0.01578  -0.1002   0.4514   0.1712
  -0.500   0.5209   0.02598   0.01568  -0.1001   0.4454   0.1805
   0.000   0.5749   0.02635   0.01595  -0.1005   0.4401   0.1915
   0.500   0.6109   0.02661   0.01638  -0.0982   0.4347   0.2027
   1.000   0.6570   0.02685   0.01663  -0.0974   0.4299   0.2168
   1.500   0.7157   0.02704   0.01676  -0.0988   0.4259   0.2361
   2.000   0.7659   0.02748   0.01733  -0.0990   0.4223   0.2611
   2.500   0.7955   0.02807   0.01826  -0.0962   0.4188   0.3030
   3.000   0.8207   0.02773   0.01962  -0.0922   0.4152   0.7196
   3.500   0.8523   0.02835   0.02069  -0.0875   0.4119   0.8860
   4.000   0.9568   0.02950   0.02166  -0.0971   0.4085   0.9912
   4.500   1.0167   0.03076   0.02271  -0.0998   0.4055   1.0000
   5.000   1.0081   0.03252   0.02459  -0.0918   0.4031   1.0000
   5.500   1.0053   0.03487   0.02703  -0.0854   0.3997   1.0000
   6.000   1.0107   0.03746   0.02968  -0.0808   0.3966   1.0000
   6.500   1.0291   0.03982   0.03203  -0.0781   0.3938   1.0000
   7.000   1.0718   0.04131   0.03339  -0.0781   0.3914   1.0000
   7.500   1.1331   0.04263   0.03451  -0.0805   0.3888   1.0000
   8.500   0.2749   0.14840   0.14315  -0.0470   0.3593   1.0000
   9.000   0.3241   0.15147   0.14604  -0.0480   0.3576   1.0000
   9.500   0.3820   0.15559   0.14998  -0.0494   0.3566   1.0000
