  
       XFOIL         Version 6.99
  
 Calculated polar for: NACA 3632                                       
  
 1 1 Reynolds number fixed          Mach number fixed         
  
 xtrf =   1.000 (top)        1.000 (bottom)  
 Mach =   0.050     Re =     0.200 e 6     Ncrit =   9.000
  
   alpha    CL        CD       CDp       CM     Top_Xtr  Bot_Xtr
  ------ -------- --------- --------- -------- -------- --------
  -2.000   0.0696   0.02048   0.01234  -0.0763   0.6630   0.4187
  -1.500   0.1392   0.02018   0.01200  -0.0789   0.6495   0.4327
  -1.000   0.1562   0.02011   0.01193  -0.0718   0.6335   0.4443
  -0.500   0.2007   0.02010   0.01193  -0.0697   0.6193   0.4578
   0.000   0.2597   0.01996   0.01169  -0.0705   0.6058   0.4726
   0.500   0.2807   0.02014   0.01193  -0.0642   0.5913   0.4857
   1.000   0.3406   0.02017   0.01189  -0.0652   0.5787   0.5012
   1.500   0.3685   0.02042   0.01214  -0.0603   0.5650   0.5159
   2.000   0.4156   0.02065   0.01243  -0.0590   0.5527   0.5313
   2.500   0.4593   0.02094   0.01262  -0.0571   0.5402   0.5477
   3.000   0.4978   0.02137   0.01320  -0.0544   0.5282   0.5636
   3.500   0.5484   0.02160   0.01333  -0.0539   0.5167   0.5813
   4.000   0.5799   0.02224   0.01411  -0.0502   0.5050   0.5980
   4.500   0.6332   0.02245   0.01426  -0.0501   0.4942   0.6166
   5.000   0.6601   0.02325   0.01518  -0.0459   0.4830   0.6346
   5.500   0.7124   0.02349   0.01538  -0.0457   0.4727   0.6542
   6.000   0.7373   0.02444   0.01644  -0.0416   0.4619   0.6736
   6.500   0.7857   0.02474   0.01676  -0.0408   0.4521   0.6950
   7.000   0.8105   0.02579   0.01792  -0.0370   0.4418   0.7165
   7.500   0.8531   0.02627   0.01844  -0.0355   0.4323   0.7411
   8.000   0.8785   0.02736   0.01971  -0.0318   0.4227   0.7667
   8.500   0.9133   0.02807   0.02050  -0.0294   0.4133   0.7965
   9.000   0.9404   0.02917   0.02177  -0.0259   0.4044   0.8330
   9.500   0.9599   0.03027   0.02306  -0.0211   0.3953   0.8842
  10.000   1.0064   0.03144   0.02430  -0.0209   0.3866   0.9537
