  
       XFOIL         Version 6.99
  
 Calculated polar for: NACA 9818                                       
  
 1 1 Reynolds number fixed          Mach number fixed         
  
 xtrf =   1.000 (top)        1.000 (bottom)  
 Mach =   0.050     Re =     0.200 e 6     Ncrit =   9.000
  
   alpha    CL        CD       CDp       CM     Top_Xtr  Bot_Xtr
  ------ -------- --------- --------- -------- -------- --------
  -1.500   0.4705   0.05158   0.04511  -0.2422   0.8526   0.2840
  -0.500   0.6125   0.05105   0.04470  -0.2492   0.8329   0.3454
   0.000   0.6909   0.05034   0.04413  -0.2535   0.8272   0.3776
   0.500   0.7537   0.04981   0.04369  -0.2551   0.8153   0.4078
   2.000   0.9568   0.04708   0.04129  -0.2609   0.7884   0.4987
   2.500   1.0304   0.04536   0.03966  -0.2633   0.7839   0.5287
   3.500   1.1682   0.04211   0.03658  -0.2664   0.7668   0.5832
   4.000   1.2337   0.04045   0.03499  -0.2672   0.7538   0.6057
   4.500   1.3195   0.03733   0.03188  -0.2713   0.7457   0.6274
   5.000   1.3886   0.03549   0.03001  -0.2727   0.7265   0.6447
   5.500   1.4475   0.03481   0.02927  -0.2727   0.7010   0.6627
   6.000   1.4917   0.03466   0.02906  -0.2697   0.6739   0.6764
   6.500   1.5359   0.03466   0.02896  -0.2669   0.6473   0.6891
   7.000   1.5866   0.03490   0.02904  -0.2658   0.6206   0.7064
   7.500   1.6049   0.03598   0.03016  -0.2582   0.5932   0.7153
   8.000   1.6382   0.03720   0.03133  -0.2542   0.5651   0.7303
   8.500   1.6654   0.03826   0.03232  -0.2488   0.5386   0.7428
   9.000   1.6924   0.03959   0.03358  -0.2436   0.5117   0.7548
   9.500   1.7164   0.04153   0.03555  -0.2384   0.4837   0.7689
  10.000   1.7348   0.04330   0.03730  -0.2321   0.4570   0.7799
