  
       XFOIL         Version 6.99
  
 Calculated polar for: NACA 8228                                       
  
 1 1 Reynolds number fixed          Mach number fixed         
  
 xtrf =   1.000 (top)        1.000 (bottom)  
 Mach =   0.050     Re =     0.200 e 6     Ncrit =   9.000
  
   alpha    CL        CD       CDp       CM     Top_Xtr  Bot_Xtr
  ------ -------- --------- --------- -------- -------- --------
  -2.000   0.3656   0.03133   0.02247  -0.0769   0.4379   0.0998
  -1.500   0.3876   0.03042   0.02111  -0.0713   0.4120   0.0961
  -1.000   0.4114   0.03005   0.02036  -0.0665   0.3859   0.0959
  -0.500   0.4378   0.03000   0.01989  -0.0623   0.3648   0.0970
   0.000   0.4686   0.03008   0.01979  -0.0593   0.3490   0.1000
   0.500   0.5048   0.03031   0.01981  -0.0571   0.3378   0.1031
   1.000   0.5435   0.03063   0.01986  -0.0551   0.3290   0.1071
   1.500   0.5880   0.03073   0.01993  -0.0543   0.3224   0.1120
   2.000   0.6299   0.03108   0.02022  -0.0530   0.3169   0.1174
   2.500   0.6741   0.03143   0.02055  -0.0523   0.3124   0.1242
   3.000   0.7283   0.03166   0.02068  -0.0529   0.3080   0.1328
   3.500   0.7665   0.03232   0.02147  -0.0517   0.3049   0.1416
   4.000   0.8092   0.03300   0.02219  -0.0512   0.3019   0.1540
   4.500   0.8541   0.03373   0.02288  -0.0510   0.2993   0.1725
   5.000   0.8968   0.03294   0.02388  -0.0505   0.2970   0.7108
   5.500   0.9587   0.03354   0.02488  -0.0518   0.2947   1.0000
   6.000   1.0152   0.03470   0.02579  -0.0531   0.2927   1.0000
   6.500   1.0432   0.03644   0.02754  -0.0513   0.2914   1.0000
   7.000   1.0688   0.03841   0.02954  -0.0494   0.2898   1.0000
   7.500   1.0909   0.04065   0.03183  -0.0475   0.2880   1.0000
   8.000   1.1124   0.04312   0.03435  -0.0457   0.2864   1.0000
   8.500   1.1312   0.04590   0.03720  -0.0440   0.2850   1.0000
   9.000   1.1455   0.04910   0.04049  -0.0422   0.2837   1.0000
   9.500   1.1529   0.05295   0.04444  -0.0403   0.2825   1.0000
  10.000   1.1494   0.05786   0.04950  -0.0380   0.2814   1.0000
