  
       XFOIL         Version 6.99
  
 Calculated polar for: NACA 5116                                       
  
 1 1 Reynolds number fixed          Mach number fixed         
  
 xtrf =   1.000 (top)        1.000 (bottom)  
 Mach =   0.050     Re =     0.200 e 6     Ncrit =   9.000
  
   alpha    CL        CD       CDp       CM     Top_Xtr  Bot_Xtr
  ------ -------- --------- --------- -------- -------- --------
  -2.000   0.2926   0.02660   0.01934  -0.0692   0.6289   0.0464
  -1.500   0.3401   0.02462   0.01691  -0.0671   0.5875   0.0521
  -1.000   0.3873   0.02284   0.01471  -0.0649   0.5413   0.0593
  -0.500   0.4338   0.02259   0.01381  -0.0621   0.4857   0.0699
   0.000   0.4755   0.02057   0.01140  -0.0595   0.4086   0.0862
   1.000   0.5431   0.01959   0.00933  -0.0519   0.2107   0.1305
   1.500   0.5857   0.01943   0.00911  -0.0490   0.1969   0.1370
   2.000   0.6302   0.02045   0.00979  -0.0461   0.1890   0.1132
   2.500   0.6787   0.02140   0.01051  -0.0439   0.1844   0.0923
   3.000   0.7235   0.02162   0.01073  -0.0417   0.1802   0.0798
   3.500   0.7683   0.02212   0.01106  -0.0400   0.1766   0.0813
   4.000   0.8171   0.02302   0.01169  -0.0390   0.1738   0.0865
   4.500   0.8664   0.02367   0.01221  -0.0380   0.1723   0.0996
   5.000   0.9248   0.02275   0.01344  -0.0388   0.1707   1.0000
   5.500   0.9721   0.02384   0.01439  -0.0377   0.1693   1.0000
   6.000   1.0201   0.02503   0.01547  -0.0369   0.1681   1.0000
   6.500   1.0681   0.02632   0.01671  -0.0362   0.1670   1.0000
   7.000   1.1157   0.02772   0.01810  -0.0356   0.1660   1.0000
   7.500   1.1624   0.02925   0.01963  -0.0350   0.1652   1.0000
   8.000   1.2079   0.03091   0.02135  -0.0342   0.1644   1.0000
   8.500   1.2513   0.03263   0.02311  -0.0333   0.1634   1.0000
   9.000   1.2936   0.03456   0.02510  -0.0325   0.1624   1.0000
   9.500   1.3333   0.03682   0.02747  -0.0314   0.1618   1.0000
  10.000   1.3688   0.03937   0.03020  -0.0299   0.1614   1.0000
