  
       XFOIL         Version 6.99
  
 Calculated polar for: NACA 6538                                       
  
 1 1 Reynolds number fixed          Mach number fixed         
  
 xtrf =   1.000 (top)        1.000 (bottom)  
 Mach =   0.050     Re =     0.200 e 6     Ncrit =   9.000
  
   alpha    CL        CD       CDp       CM     Top_Xtr  Bot_Xtr
  ------ -------- --------- --------- -------- -------- --------
  -2.000   0.0062   0.03228   0.02374  -0.0746   0.5922   0.3237
  -1.500   0.0863   0.03125   0.02250  -0.0788   0.5876   0.3348
  -1.000   0.1961   0.02953   0.02079  -0.0876   0.5841   0.3477
  -0.500   0.1175   0.03355   0.02499  -0.0695   0.5688   0.3512
   0.000   0.2189   0.03169   0.02302  -0.0765   0.5658   0.3646
   1.000   0.1250   0.04088   0.03248  -0.0534   0.5365   0.3755
   1.500   0.2703   0.03616   0.02766  -0.0646   0.5392   0.3934
   2.500   0.2929   0.04064   0.03222  -0.0567   0.5205   0.4140
   3.000   0.4722   0.03504   0.02635  -0.0721   0.5234   0.4369
   3.500   0.3284   0.04533   0.03697  -0.0512   0.5029   0.4368
   4.000   0.4568   0.04105   0.03269  -0.0598   0.5038   0.4592
   5.000   0.4758   0.04668   0.03851  -0.0530   0.4859   0.4860
   6.500   0.0923   0.09728   0.08976  -0.0214   0.4025   0.4838
   7.000   0.1548   0.09673   0.08919  -0.0229   0.4012   0.5042
   8.000   0.1054   0.11441   0.10720  -0.0199   0.3734   0.5272
   8.500   0.1588   0.11476   0.10765  -0.0210   0.3709   0.5518
   9.000   0.2180   0.11443   0.10738  -0.0223   0.3694   0.5804
