  
       XFOIL         Version 6.99
  
 Calculated polar for: NACA 7726                                       
  
 1 1 Reynolds number fixed          Mach number fixed         
  
 xtrf =   1.000 (top)        1.000 (bottom)  
 Mach =   0.050     Re =     0.200 e 6     Ncrit =   9.000
  
   alpha    CL        CD       CDp       CM     Top_Xtr  Bot_Xtr
  ------ -------- --------- --------- -------- -------- --------
  -2.000   0.2386   0.03517   0.02788  -0.1675   0.7486   0.3196
  -1.500   0.3203   0.03363   0.02642  -0.1716   0.7463   0.3382
  -0.500   0.4509   0.03172   0.02459  -0.1749   0.7300   0.3746
   0.500   0.5890   0.02958   0.02252  -0.1789   0.7137   0.4147
   1.500   0.7475   0.02682   0.01981  -0.1862   0.6965   0.4583
   2.000   0.8320   0.02556   0.01850  -0.1909   0.6854   0.4816
   2.500   0.9259   0.02421   0.01704  -0.1972   0.6736   0.5064
   3.000   0.9842   0.02442   0.01720  -0.1978   0.6555   0.5276
   3.500   1.0369   0.02482   0.01763  -0.1974   0.6380   0.5473
   4.000   1.0943   0.02514   0.01790  -0.1979   0.6217   0.5680
   4.500   1.1638   0.02517   0.01777  -0.2004   0.6068   0.5906
   5.000   1.1891   0.02639   0.01910  -0.1953   0.5896   0.6073
   5.500   1.2251   0.02742   0.02015  -0.1923   0.5737   0.6249
   6.000   1.2786   0.02796   0.02058  -0.1922   0.5597   0.6455
   6.500   1.3089   0.02904   0.02173  -0.1881   0.5446   0.6602
   7.000   1.3402   0.03030   0.02303  -0.1846   0.5299   0.6769
   7.500   1.3926   0.03087   0.02346  -0.1844   0.5167   0.6962
   8.000   1.4114   0.03242   0.02513  -0.1789   0.5024   0.7106
   8.500   1.4453   0.03361   0.02634  -0.1760   0.4890   0.7267
   9.000   1.4911   0.03428   0.02690  -0.1749   0.4762   0.7440
   9.500   1.5058   0.03632   0.02909  -0.1696   0.4626   0.7600
