  
       XFOIL         Version 6.99
  
 Calculated polar for: NACA 6632                                       
  
 1 1 Reynolds number fixed          Mach number fixed         
  
 xtrf =   1.000 (top)        1.000 (bottom)  
 Mach =   0.050     Re =     0.200 e 6     Ncrit =   9.000
  
   alpha    CL        CD       CDp       CM     Top_Xtr  Bot_Xtr
  ------ -------- --------- --------- -------- -------- --------
  -2.000   0.1832   0.02651   0.01861  -0.1227   0.6867   0.3389
  -1.000   0.3049   0.02546   0.01753  -0.1250   0.6675   0.3650
  -0.500   0.3275   0.02630   0.01829  -0.1204   0.6520   0.3762
   0.000   0.4300   0.02465   0.01664  -0.1279   0.6472   0.3936
   0.500   0.4525   0.02547   0.01749  -0.1233   0.6321   0.4056
   1.000   0.5581   0.02413   0.01598  -0.1315   0.6261   0.4245
   1.500   0.5713   0.02522   0.01721  -0.1254   0.6109   0.4366
   2.000   0.6255   0.02551   0.01742  -0.1257   0.6001   0.4529
   2.500   0.6829   0.02549   0.01744  -0.1265   0.5891   0.4694
   3.000   0.7202   0.02640   0.01829  -0.1244   0.5772   0.4853
   3.500   0.7840   0.02631   0.01822  -0.1262   0.5673   0.5038
   4.000   0.8093   0.02759   0.01955  -0.1224   0.5553   0.5198
   4.500   0.8735   0.02762   0.01952  -0.1242   0.5459   0.5395
   5.000   0.8910   0.02920   0.02124  -0.1195   0.5342   0.5551
   5.500   0.9521   0.02938   0.02130  -0.1209   0.5252   0.5756
   6.000   0.9679   0.03112   0.02323  -0.1161   0.5140   0.5916
   6.500   1.0219   0.03149   0.02351  -0.1167   0.5051   0.6125
   7.000   1.0423   0.03324   0.02539  -0.1128   0.4948   0.6305
   7.500   1.0835   0.03403   0.02620  -0.1117   0.4856   0.6506
   8.000   1.1165   0.03543   0.02762  -0.1098   0.4764   0.6714
   8.500   1.1389   0.03709   0.02941  -0.1065   0.4666   0.6924
   9.000   1.1991   0.03717   0.02946  -0.1078   0.4591   0.7176
   9.500   1.1872   0.04068   0.03324  -0.1009   0.4482   0.7389
  10.000   1.2660   0.03957   0.03204  -0.1042   0.4418   0.7736
