  
       XFOIL         Version 6.99
  
 Calculated polar for: NACA 7430                                       
  
 1 1 Reynolds number fixed          Mach number fixed         
  
 xtrf =   1.000 (top)        1.000 (bottom)  
 Mach =   0.050     Re =     0.200 e 6     Ncrit =   9.000
  
   alpha    CL        CD       CDp       CM     Top_Xtr  Bot_Xtr
  ------ -------- --------- --------- -------- -------- --------
  -2.000   0.4152   0.02297   0.01370  -0.1321   0.5699   0.2518
  -1.500   0.4877   0.02299   0.01358  -0.1358   0.5632   0.2672
  -1.000   0.4967   0.02326   0.01399  -0.1277   0.5557   0.2781
  -0.500   0.5442   0.02326   0.01401  -0.1267   0.5491   0.2937
   0.000   0.6232   0.02340   0.01403  -0.1316   0.5433   0.3152
   0.500   0.6272   0.02405   0.01488  -0.1231   0.5367   0.3298
   1.000   0.6692   0.02432   0.01525  -0.1214   0.5305   0.3521
   1.500   0.7384   0.02427   0.01519  -0.1244   0.5255   0.3845
   2.000   0.7626   0.02511   0.01628  -0.1200   0.5196   0.4176
   2.500   0.7831   0.02591   0.01747  -0.1152   0.5134   0.4713
   3.000   0.8350   0.02593   0.01796  -0.1152   0.5084   0.5995
   4.000   0.8714   0.02809   0.02104  -0.1037   0.4974   0.8308
   4.500   0.9123   0.02942   0.02257  -0.1022   0.4916   0.9726
   5.000   1.0019   0.02932   0.02216  -0.1089   0.4872   1.0000
   5.500   0.9960   0.03179   0.02466  -0.1016   0.4814   1.0000
   6.000   0.9414   0.03661   0.02971  -0.0891   0.4728   1.0000
   6.500   1.0166   0.03614   0.02898  -0.0924   0.4693   1.0000
   7.000   1.1185   0.03522   0.02774  -0.0993   0.4663   1.0000
   8.000   1.0043   0.04785   0.04082  -0.0778   0.4487   1.0000
   9.500   0.5055   0.11887   0.11298  -0.0519   0.3675   1.0000
  10.000   0.5608   0.11893   0.11291  -0.0524   0.3659   1.0000
