  
       XFOIL         Version 6.99
  
 Calculated polar for: NACA 9624                                       
  
 1 1 Reynolds number fixed          Mach number fixed         
  
 xtrf =   1.000 (top)        1.000 (bottom)  
 Mach =   0.050     Re =     0.200 e 6     Ncrit =   9.000
  
   alpha    CL        CD       CDp       CM     Top_Xtr  Bot_Xtr
  ------ -------- --------- --------- -------- -------- --------
  -2.000   0.3120   0.04776   0.04031  -0.1903   0.7039   0.2199
  -1.500   0.3817   0.04704   0.03956  -0.1928   0.6995   0.2361
  -1.000   0.4585   0.04587   0.03836  -0.1960   0.6974   0.2543
   1.000   0.6692   0.04628   0.03900  -0.1965   0.6644   0.3280
   1.500   0.7435   0.04475   0.03750  -0.1990   0.6625   0.3527
   2.000   0.8200   0.04292   0.03571  -0.2017   0.6615   0.3789
   2.500   0.9003   0.04084   0.03367  -0.2050   0.6607   0.4071
   3.000   0.9840   0.03867   0.03153  -0.2088   0.6598   0.4368
   4.000   1.0350   0.04221   0.03518  -0.2017   0.6301   0.4813
   4.500   1.1186   0.03987   0.03290  -0.2052   0.6280   0.5132
   5.000   1.2101   0.03725   0.03029  -0.2100   0.6259   0.5462
   6.000   1.3316   0.03632   0.02935  -0.2118   0.6078   0.6036
   6.500   1.3627   0.03779   0.03086  -0.2089   0.5940   0.6283
   7.000   1.4550   0.03555   0.02854  -0.2142   0.5880   0.6611
   8.500   1.5719   0.03849   0.03163  -0.2089   0.5509   0.7505
   9.000   1.5861   0.04091   0.03421  -0.2040   0.5372   0.7890
   9.500   1.6542   0.03922   0.03255  -0.2056   0.5287   1.0000
  10.000   1.6502   0.04309   0.03651  -0.1988   0.5140   1.0000
