  
       XFOIL         Version 6.99
  
 Calculated polar for: NACA 5140                                       
  
 1 1 Reynolds number fixed          Mach number fixed         
  
 xtrf =   1.000 (top)        1.000 (bottom)  
 Mach =   0.050     Re =     0.200 e 6     Ncrit =   9.000
  
   alpha    CL        CD       CDp       CM     Top_Xtr  Bot_Xtr
  ------ -------- --------- --------- -------- -------- --------
  -2.000   0.0410   0.02542   0.01705  -0.0017   0.4975   0.4795
  -1.500   0.0684   0.02545   0.01696   0.0027   0.4889   0.4929
  -1.000   0.0908   0.02592   0.01749   0.0077   0.4804   0.5066
  -0.500   0.1027   0.02632   0.01792   0.0142   0.4714   0.5192
   0.000   0.1698   0.02635   0.01779   0.0118   0.4634   0.5350
   0.500   0.1537   0.02736   0.01902   0.0220   0.4547   0.5466
   1.000   0.1976   0.02757   0.01917   0.0232   0.4468   0.5628
   1.500   0.2209   0.02841   0.02012   0.0269   0.4388   0.5775
   2.000   0.2364   0.02933   0.02106   0.0315   0.4303   0.5933
   2.500   0.3140   0.02910   0.02073   0.0275   0.4233   0.6096
   3.000   0.2849   0.03128   0.02312   0.0374   0.4146   0.6226
   3.500   0.3384   0.03134   0.02318   0.0365   0.4074   0.6387
   4.000   0.3437   0.03317   0.02507   0.0411   0.3992   0.6542
   4.500   0.3687   0.03420   0.02624   0.0433   0.3909   0.6712
   5.000   0.4054   0.03504   0.02705   0.0439   0.3833   0.6896
   5.500   0.4016   0.03751   0.02970   0.0485   0.3741   0.7080
   6.000   0.4501   0.03780   0.02996   0.0479   0.3664   0.7288
   6.500   0.4334   0.04138   0.03375   0.0528   0.3567   0.7491
   7.000   0.5002   0.04080   0.03302   0.0506   0.3506   0.7744
   7.500   0.4512   0.04698   0.03969   0.0573   0.3409   0.7959
   8.000   0.5216   0.04595   0.03854   0.0553   0.3358   0.8238
   8.500   0.4550   0.05432   0.04737   0.0621   0.3249   0.8480
   9.000   0.5276   0.05289   0.04580   0.0605   0.3203   0.8781
   9.500   0.4547   0.06305   0.05637   0.0663   0.3084   0.9033
  10.000   0.5531   0.06045   0.05349   0.0620   0.3047   0.9294
