  
       XFOIL         Version 6.99
  
 Calculated polar for: NACA 7426                                       
  
 1 1 Reynolds number fixed          Mach number fixed         
  
 xtrf =   1.000 (top)        1.000 (bottom)  
 Mach =   0.050     Re =     0.200 e 6     Ncrit =   9.000
  
   alpha    CL        CD       CDp       CM     Top_Xtr  Bot_Xtr
  ------ -------- --------- --------- -------- -------- --------
  -2.000   0.4888   0.02074   0.01154  -0.1486   0.5944   0.2323
  -1.500   0.5398   0.02067   0.01146  -0.1480   0.5852   0.2480
  -1.000   0.5896   0.02074   0.01155  -0.1472   0.5768   0.2651
  -0.500   0.6337   0.02079   0.01167  -0.1454   0.5685   0.2838
   0.000   0.6995   0.02085   0.01164  -0.1477   0.5614   0.3087
   0.500   0.7305   0.02112   0.01208  -0.1436   0.5538   0.3317
   1.000   0.7786   0.02123   0.01229  -0.1426   0.5470   0.3635
   2.000   0.8656   0.02154   0.01323  -0.1394   0.5341   0.5008
   2.500   0.9012   0.02151   0.01394  -0.1358   0.5281   0.7018
   3.000   0.9634   0.02162   0.01439  -0.1357   0.5226   0.9106
   3.500   1.0192   0.02271   0.01550  -0.1371   0.5161   1.0000
   4.000   1.0409   0.02351   0.01623  -0.1320   0.5100   1.0000
   4.500   1.1014   0.02394   0.01642  -0.1335   0.5045   1.0000
   5.000   1.1437   0.02497   0.01736  -0.1322   0.4992   1.0000
   5.500   1.1434   0.02656   0.01906  -0.1240   0.4927   1.0000
   6.000   1.1909   0.02724   0.01963  -0.1235   0.4871   1.0000
   6.500   1.2760   0.02761   0.01972  -0.1292   0.4825   1.0000
   7.000   1.2358   0.03057   0.02300  -0.1158   0.4754   1.0000
   7.500   1.2592   0.03213   0.02456  -0.1123   0.4693   1.0000
   8.000   1.3375   0.03205   0.02428  -0.1163   0.4652   1.0000
   8.500   1.2755   0.03745   0.03002  -0.1027   0.4566   1.0000
   9.000   1.2838   0.04022   0.03285  -0.0984   0.4500   1.0000
   9.500   1.3755   0.03886   0.03127  -0.1033   0.4468   1.0000
  10.000   1.1320   0.06035   0.05348  -0.0792   0.4258   1.0000
