  
       XFOIL         Version 6.99
  
 Calculated polar for: NACA 1816                                       
  
 1 1 Reynolds number fixed          Mach number fixed         
  
 xtrf =   1.000 (top)        1.000 (bottom)  
 Mach =   0.050     Re =     0.200 e 6     Ncrit =   9.000
  
   alpha    CL        CD       CDp       CM     Top_Xtr  Bot_Xtr
  ------ -------- --------- --------- -------- -------- --------
  -2.000  -0.1321   0.01389   0.00765  -0.0372   0.9152   0.5759
  -1.000   0.0178   0.01254   0.00665  -0.0426   0.8846   0.6574
  -0.500   0.0853   0.01192   0.00618  -0.0436   0.8616   0.6946
   0.000   0.1543   0.01145   0.00577  -0.0448   0.8323   0.7300
   0.500   0.2203   0.01126   0.00555  -0.0454   0.7942   0.7621
   1.000   0.2782   0.01138   0.00556  -0.0445   0.7509   0.7910
   1.500   0.3298   0.01163   0.00567  -0.0424   0.7079   0.8191
   2.000   0.3779   0.01190   0.00580  -0.0398   0.6663   0.8461
   2.500   0.4230   0.01216   0.00596  -0.0364   0.6258   0.8719
   3.000   0.4666   0.01241   0.00610  -0.0330   0.5862   0.8998
   3.500   0.5134   0.01269   0.00628  -0.0302   0.5467   0.9246
   4.000   0.5691   0.01305   0.00652  -0.0295   0.5057   0.9496
   4.500   0.6413   0.01355   0.00686  -0.0327   0.4608   0.9682
   5.000   0.7231   0.01419   0.00728  -0.0383   0.4140   0.9822
   5.500   0.8057   0.01481   0.00776  -0.0443   0.3653   0.9956
   6.000   0.8446   0.01529   0.00809  -0.0420   0.3284   1.0000
   6.500   0.8600   0.01570   0.00838  -0.0350   0.2990   1.0000
   7.000   0.8882   0.01638   0.00888  -0.0302   0.2673   1.0000
   7.500   0.9242   0.01728   0.00961  -0.0270   0.2352   1.0000
   8.000   0.9617   0.01826   0.01049  -0.0241   0.2055   1.0000
   8.500   0.9974   0.01941   0.01154  -0.0209   0.1801   1.0000
   9.000   1.0292   0.02066   0.01269  -0.0172   0.1592   1.0000
   9.500   1.0587   0.02218   0.01408  -0.0134   0.1420   1.0000
  10.000   1.0893   0.02369   0.01560  -0.0099   0.1276   1.0000
