  
       XFOIL         Version 6.99
  
 Calculated polar for: NACA 4614                                       
  
 1 1 Reynolds number fixed          Mach number fixed         
  
 xtrf =   1.000 (top)        1.000 (bottom)  
 Mach =   0.050     Re =     0.200 e 6     Ncrit =   9.000
  
   alpha    CL        CD       CDp       CM     Top_Xtr  Bot_Xtr
  ------ -------- --------- --------- -------- -------- --------
  -2.000   0.1813   0.01969   0.01280  -0.1216   0.8842   0.3978
  -1.500   0.2616   0.01905   0.01235  -0.1259   0.8799   0.4567
  -0.500   0.3980   0.01808   0.01172  -0.1295   0.8635   0.5650
   0.500   0.5363   0.01666   0.01060  -0.1327   0.8470   0.6651
   2.000   0.7242   0.01384   0.00846  -0.1325   0.8130   0.8464
   2.500   0.7921   0.01297   0.00770  -0.1337   0.7963   1.0000
   3.000   0.8487   0.01269   0.00735  -0.1333   0.7731   1.0000
   3.500   0.9106   0.01234   0.00689  -0.1337   0.7475   1.0000
   4.000   0.9658   0.01223   0.00668  -0.1328   0.7141   1.0000
   4.500   1.0171   0.01235   0.00666  -0.1312   0.6730   1.0000
   5.000   1.0657   0.01271   0.00677  -0.1293   0.6264   1.0000
   5.500   1.1091   0.01336   0.00716  -0.1264   0.5782   1.0000
   6.000   1.1482   0.01415   0.00776  -0.1230   0.5317   1.0000
   6.500   1.1834   0.01504   0.00844  -0.1189   0.4869   1.0000
   7.000   1.2123   0.01596   0.00922  -0.1138   0.4417   1.0000
   7.500   1.2381   0.01706   0.01015  -0.1083   0.3966   1.0000
   8.000   1.2613   0.01839   0.01130  -0.1027   0.3499   1.0000
   8.500   1.2830   0.01994   0.01266  -0.0972   0.3010   1.0000
   9.000   1.3022   0.02180   0.01432  -0.0918   0.2520   1.0000
   9.500   1.3192   0.02397   0.01628  -0.0866   0.2053   1.0000
  10.000   1.3347   0.02646   0.01857  -0.0815   0.1665   1.0000
  -2.000   0.1813   0.01969   0.01280  -0.1216   0.8842   0.3978
  -1.500   0.2616   0.01905   0.01235  -0.1259   0.8799   0.4567
  -0.500   0.3980   0.01808   0.01172  -0.1295   0.8635   0.5650
   0.500   0.5363   0.01666   0.01060  -0.1327   0.8470   0.6651
   2.000   0.7242   0.01384   0.00846  -0.1325   0.8130   0.8464
   2.500   0.7921   0.01297   0.00770  -0.1337   0.7963   1.0000
   3.000   0.8487   0.01269   0.00735  -0.1333   0.7731   1.0000
   3.500   0.9106   0.01234   0.00689  -0.1337   0.7475   1.0000
   4.000   0.9658   0.01223   0.00668  -0.1328   0.7141   1.0000
   4.500   1.0171   0.01235   0.00666  -0.1312   0.6730   1.0000
   5.000   1.0657   0.01271   0.00677  -0.1293   0.6264   1.0000
   5.500   1.1091   0.01336   0.00716  -0.1264   0.5782   1.0000
   6.000   1.1482   0.01415   0.00776  -0.1230   0.5317   1.0000
   6.500   1.1834   0.01504   0.00844  -0.1189   0.4869   1.0000
   7.000   1.2123   0.01596   0.00922  -0.1138   0.4417   1.0000
   7.500   1.2381   0.01706   0.01015  -0.1083   0.3966   1.0000
   8.000   1.2613   0.01839   0.01130  -0.1027   0.3499   1.0000
   8.500   1.2830   0.01994   0.01266  -0.0972   0.3010   1.0000
   9.000   1.3022   0.02180   0.01432  -0.0918   0.2520   1.0000
   9.500   1.3192   0.02397   0.01628  -0.0866   0.2053   1.0000
  10.000   1.3347   0.02646   0.01857  -0.0815   0.1665   1.0000
