  
       XFOIL         Version 6.99
  
 Calculated polar for: NACA 6508                                       
  
 1 1 Reynolds number fixed          Mach number fixed         
  
 xtrf =   1.000 (top)        1.000 (bottom)  
 Mach =   0.050     Re =     0.200 e 6     Ncrit =   9.000
  
   alpha    CL        CD       CDp       CM     Top_Xtr  Bot_Xtr
  ------ -------- --------- --------- -------- -------- --------
  -2.000   0.4686   0.01700   0.00961  -0.1781   0.8938   0.1227
  -1.500   0.5429   0.01588   0.00875  -0.1818   0.8895   0.2115
  -1.000   0.6006   0.01543   0.00861  -0.1824   0.8792   0.3200
  -0.500   0.6705   0.01448   0.00809  -0.1849   0.8745   0.4776
   0.000   0.7167   0.01336   0.00795  -0.1822   0.8629   1.0000
   0.500   0.7742   0.01336   0.00775  -0.1823   0.8520   1.0000
   1.000   0.8353   0.01320   0.00744  -0.1830   0.8427   1.0000
   1.500   0.8962   0.01301   0.00717  -0.1835   0.8329   1.0000
   2.000   0.9517   0.01305   0.00717  -0.1832   0.8200   1.0000
   2.500   1.0075   0.01308   0.00722  -0.1829   0.8067   1.0000
   3.000   1.0633   0.01312   0.00728  -0.1825   0.7928   1.0000
   3.500   1.1191   0.01316   0.00741  -0.1822   0.7780   1.0000
   4.000   1.1752   0.01321   0.00754  -0.1818   0.7622   1.0000
   4.500   1.2261   0.01334   0.00783  -0.1804   0.7408   1.0000
   5.000   1.2732   0.01274   0.00712  -0.1767   0.6910   1.0000
   5.500   1.3146   0.01294   0.00730  -0.1730   0.6348   1.0000
   6.000   1.3485   0.01367   0.00780  -0.1679   0.5504   1.0000
   6.500   1.3471   0.01634   0.00933  -0.1570   0.3475   1.0000
   7.000   1.3105   0.02178   0.01295  -0.1420   0.0862   1.0000
   7.500   1.3165   0.02505   0.01612  -0.1341   0.0538   1.0000
   8.000   1.3263   0.02820   0.01938  -0.1273   0.0432   1.0000
   8.500   1.3392   0.03148   0.02275  -0.1214   0.0373   1.0000
   9.000   1.3606   0.03497   0.02641  -0.1164   0.0328   1.0000
   9.500   1.3956   0.03806   0.02966  -0.1131   0.0290   1.0000
