  
       XFOIL         Version 6.99
  
 Calculated polar for: NACA 9724                                       
  
 1 1 Reynolds number fixed          Mach number fixed         
  
 xtrf =   1.000 (top)        1.000 (bottom)  
 Mach =   0.050     Re =     0.200 e 6     Ncrit =   9.000
  
   alpha    CL        CD       CDp       CM     Top_Xtr  Bot_Xtr
  ------ -------- --------- --------- -------- -------- --------
  -2.000   0.3353   0.04806   0.04098  -0.2112   0.7524   0.2571
  -1.500   0.4151   0.04705   0.03996  -0.2155   0.7492   0.2760
  -1.000   0.4958   0.04593   0.03883  -0.2199   0.7471   0.2961
  -0.500   0.5423   0.04612   0.03915  -0.2192   0.7334   0.3132
   0.000   0.6223   0.04472   0.03780  -0.2231   0.7315   0.3351
   0.500   0.6691   0.04501   0.03815  -0.2224   0.7178   0.3534
   1.000   0.7472   0.04341   0.03659  -0.2258   0.7158   0.3769
   2.000   0.8749   0.04178   0.03502  -0.2286   0.7007   0.4226
   2.500   0.9590   0.03963   0.03289  -0.2328   0.6987   0.4487
   3.500   1.1048   0.03703   0.03036  -0.2380   0.6823   0.4986
   4.000   1.2078   0.03412   0.02741  -0.2453   0.6785   0.5269
   4.500   1.2608   0.03424   0.02756  -0.2449   0.6620   0.5480
   5.000   1.3149   0.03442   0.02773  -0.2448   0.6461   0.5695
   5.500   1.3804   0.03407   0.02730  -0.2465   0.6325   0.5924
   6.000   1.4442   0.03375   0.02690  -0.2478   0.6185   0.6134
   6.500   1.4684   0.03536   0.02859  -0.2428   0.6011   0.6279
   7.000   1.5066   0.03648   0.02969  -0.2404   0.5855   0.6463
   7.500   1.5635   0.03651   0.02962  -0.2406   0.5722   0.6647
   8.000   1.5850   0.03825   0.03143  -0.2354   0.5564   0.6779
   8.500   1.6118   0.03996   0.03317  -0.2315   0.5411   0.6943
   9.000   1.6601   0.04051   0.03363  -0.2308   0.5279   0.7122
   9.500   1.6827   0.04230   0.03547  -0.2262   0.5131   0.7270
  10.000   1.7044   0.04430   0.03756  -0.2218   0.4986   0.7412
