  
       XFOIL         Version 6.99
  
 Calculated polar for: NACA 3730                                       
  
 1 1 Reynolds number fixed          Mach number fixed         
  
 xtrf =   1.000 (top)        1.000 (bottom)  
 Mach =   0.050     Re =     0.200 e 6     Ncrit =   9.000
  
   alpha    CL        CD       CDp       CM     Top_Xtr  Bot_Xtr
  ------ -------- --------- --------- -------- -------- --------
  -2.000   0.0864   0.01868   0.01089  -0.0871   0.6990   0.4303
  -1.500   0.1576   0.01847   0.01057  -0.0902   0.6804   0.4456
  -1.000   0.1946   0.01853   0.01057  -0.0866   0.6607   0.4597
  -0.500   0.2383   0.01855   0.01063  -0.0844   0.6425   0.4737
   0.000   0.2926   0.01866   0.01058  -0.0842   0.6258   0.4897
   0.500   0.3500   0.01874   0.01067  -0.0846   0.6095   0.5056
   1.000   0.3791   0.01888   0.01085  -0.0797   0.5931   0.5204
   1.500   0.4306   0.01913   0.01105  -0.0790   0.5782   0.5374
   2.000   0.4774   0.01930   0.01124  -0.0774   0.5633   0.5535
   2.500   0.5160   0.01970   0.01162  -0.0745   0.5486   0.5707
   3.000   0.5747   0.01998   0.01187  -0.0751   0.5351   0.5886
   3.500   0.6051   0.02043   0.01243  -0.0707   0.5211   0.6051
   4.000   0.6547   0.02091   0.01284  -0.0699   0.5082   0.6240
   4.500   0.6946   0.02136   0.01338  -0.0672   0.4951   0.6409
   5.000   0.7355   0.02196   0.01401  -0.0650   0.4826   0.6591
   5.500   0.7834   0.02246   0.01444  -0.0638   0.4704   0.6779
   6.000   0.8143   0.02322   0.01535  -0.0600   0.4583   0.6946
   6.500   0.8704   0.02366   0.01563  -0.0604   0.4467   0.7142
   7.000   0.8901   0.02461   0.01678  -0.0550   0.4352   0.7321
   7.500   0.9436   0.02506   0.01713  -0.0549   0.4244   0.7508
   8.000   0.9614   0.02613   0.01838  -0.0497   0.4132   0.7702
   8.500   1.0099   0.02669   0.01886  -0.0489   0.4031   0.7906
   9.000   1.0249   0.02786   0.02026  -0.0435   0.3924   0.8108
   9.500   1.0699   0.02846   0.02079  -0.0423   0.3828   0.8331
  10.000   1.0807   0.02988   0.02244  -0.0367   0.3726   0.8580
