  
       XFOIL         Version 6.99
  
 Calculated polar for: NACA 7830                                       
  
 1 1 Reynolds number fixed          Mach number fixed         
  
 xtrf =   1.000 (top)        1.000 (bottom)  
 Mach =   0.050     Re =     0.200 e 6     Ncrit =   9.000
  
   alpha    CL        CD       CDp       CM     Top_Xtr  Bot_Xtr
  ------ -------- --------- --------- -------- -------- --------
  -2.000   0.3078   0.02728   0.02000  -0.1835   0.7517   0.3536
  -1.500   0.3771   0.02681   0.01961  -0.1864   0.7365   0.3671
  -1.000   0.4906   0.02517   0.01782  -0.1973   0.7288   0.3851
  -0.500   0.5460   0.02545   0.01813  -0.1978   0.7102   0.3989
   0.000   0.6184   0.02527   0.01790  -0.2015   0.6948   0.4142
   0.500   0.7070   0.02483   0.01729  -0.2080   0.6809   0.4317
   1.000   0.7448   0.02553   0.01810  -0.2052   0.6629   0.4449
   1.500   0.8132   0.02575   0.01818  -0.2082   0.6478   0.4616
   2.000   0.8695   0.02595   0.01843  -0.2086   0.6328   0.4768
   2.500   0.9171   0.02676   0.01917  -0.2080   0.6168   0.4926
   3.000   0.9896   0.02666   0.01903  -0.2111   0.6038   0.5095
   3.500   1.0169   0.02788   0.02031  -0.2069   0.5881   0.5246
   4.000   1.0758   0.02818   0.02061  -0.2076   0.5754   0.5406
   4.500   1.1111   0.02924   0.02168  -0.2048   0.5608   0.5566
   5.000   1.1596   0.02984   0.02232  -0.2037   0.5486   0.5717
   5.500   1.1982   0.03088   0.02334  -0.2015   0.5351   0.5884
   6.000   1.2385   0.03170   0.02423  -0.1989   0.5232   0.6023
   6.500   1.2765   0.03287   0.02538  -0.1968   0.5104   0.6192
   7.000   1.3113   0.03380   0.02639  -0.1932   0.4992   0.6315
   7.500   1.3413   0.03520   0.02781  -0.1897   0.4870   0.6477
   8.000   1.3783   0.03617   0.02880  -0.1868   0.4763   0.6594
   8.500   1.3948   0.03788   0.03063  -0.1808   0.4648   0.6717
   9.000   1.4415   0.03883   0.03149  -0.1801   0.4543   0.6863
   9.500   1.4447   0.04100   0.03384  -0.1721   0.4433   0.6947
  10.000   1.5015   0.04178   0.03444  -0.1734   0.4331   0.7123
