  
       XFOIL         Version 6.99
  
 Calculated polar for: NACA 9826                                       
  
 1 1 Reynolds number fixed          Mach number fixed         
  
 xtrf =   1.000 (top)        1.000 (bottom)  
 Mach =   0.050     Re =     0.200 e 6     Ncrit =   9.000
  
   alpha    CL        CD       CDp       CM     Top_Xtr  Bot_Xtr
  ------ -------- --------- --------- -------- -------- --------
  -2.000   0.3613   0.04140   0.03454  -0.2233   0.7809   0.2974
  -1.000   0.5093   0.03985   0.03316  -0.2307   0.7655   0.3312
  -0.500   0.6043   0.03806   0.03139  -0.2379   0.7637   0.3515
   0.500   0.7685   0.03603   0.02936  -0.2480   0.7467   0.3914
   1.000   0.8680   0.03403   0.02737  -0.2559   0.7416   0.4131
   1.500   0.9369   0.03376   0.02711  -0.2587   0.7261   0.4323
   2.000   1.0122   0.03343   0.02669  -0.2627   0.7113   0.4532
   2.500   1.1053   0.03196   0.02516  -0.2695   0.7004   0.4751
   3.000   1.1496   0.03272   0.02596  -0.2677   0.6813   0.4917
   3.500   1.2074   0.03328   0.02645  -0.2686   0.6641   0.5115
   4.000   1.2732   0.03283   0.02597  -0.2703   0.6500   0.5297
   4.500   1.3152   0.03380   0.02694  -0.2682   0.6324   0.5470
   5.000   1.3493   0.03485   0.02805  -0.2643   0.6156   0.5625
   5.500   1.4095   0.03492   0.02802  -0.2653   0.6014   0.5799
   6.000   1.4344   0.03625   0.02941  -0.2598   0.5851   0.5942
   6.500   1.4725   0.03734   0.03052  -0.2571   0.5699   0.6093
   7.000   1.5170   0.03750   0.03057  -0.2546   0.5563   0.6221
   7.500   1.5389   0.03962   0.03281  -0.2496   0.5405   0.6375
   8.000   1.5696   0.04015   0.03331  -0.2446   0.5278   0.6461
   8.500   1.5973   0.04185   0.03504  -0.2405   0.5131   0.6617
   9.000   1.6192   0.04330   0.03655  -0.2349   0.4997   0.6706
   9.500   1.6448   0.04415   0.03736  -0.2295   0.4870   0.6796
  10.000   1.6702   0.04673   0.04003  -0.2261   0.4726   0.6955
