  
       XFOIL         Version 6.99
  
 Calculated polar for: NACA 6112                                       
  
 1 1 Reynolds number fixed          Mach number fixed         
  
 xtrf =   1.000 (top)        1.000 (bottom)  
 Mach =   0.050     Re =     0.200 e 6     Ncrit =   9.000
  
   alpha    CL        CD       CDp       CM     Top_Xtr  Bot_Xtr
  ------ -------- --------- --------- -------- -------- --------
  -2.000   0.3313   0.03642   0.02862  -0.0745   0.2032   0.0186
  -1.500   0.3802   0.03395   0.02572  -0.0733   0.1903   0.0197
  -1.000   0.4294   0.03270   0.02399  -0.0716   0.1828   0.0226
  -0.500   0.4796   0.03041   0.02139  -0.0705   0.1790   0.0237
   0.000   0.5296   0.02877   0.01942  -0.0693   0.1757   0.0260
   0.500   0.5823   0.02863   0.01886  -0.0675   0.1726   0.0279
   1.000   0.6316   0.02702   0.01695  -0.0667   0.1697   0.0310
   1.500   0.6841   0.02690   0.01647  -0.0655   0.1675   0.0343
   2.500   0.7904   0.02595   0.01518  -0.0639   0.1655   0.0502
   3.000   0.8437   0.02649   0.01548  -0.0630   0.1646   0.0706
   3.500   0.8947   0.02506   0.01436  -0.0627   0.1637   0.1140
   4.000   0.9465   0.02523   0.01459  -0.0623   0.1630   0.1401
   4.500   0.9989   0.02642   0.01567  -0.0614   0.1623   0.1256
   5.000   1.0500   0.02796   0.01720  -0.0605   0.1617   0.0961
   5.500   1.0998   0.02939   0.01859  -0.0598   0.1612   0.0878
   6.000   1.1481   0.03099   0.02014  -0.0591   0.1608   0.0960
   6.500   1.1914   0.03118   0.02198  -0.0576   0.1600   1.0000
   7.000   1.2350   0.03316   0.02401  -0.0564   0.1591   1.0000
   7.500   1.2752   0.03560   0.02657  -0.0550   0.1589   1.0000
   8.000   1.3100   0.03848   0.02972  -0.0531   0.1590   1.0000
   8.500   1.3369   0.04198   0.03355  -0.0504   0.1594   1.0000
   9.000   1.3526   0.04637   0.03835  -0.0467   0.1603   1.0000
   9.500   1.3484   0.05197   0.04445  -0.0415   0.1617   1.0000
  10.000   1.3156   0.05883   0.05180  -0.0342   0.1635   1.0000
