  
       XFOIL         Version 6.99
  
 Calculated polar for: NACA 5424                                       
  
 1 1 Reynolds number fixed          Mach number fixed         
  
 xtrf =   1.000 (top)        1.000 (bottom)  
 Mach =   0.050     Re =     0.200 e 6     Ncrit =   9.000
  
   alpha    CL        CD       CDp       CM     Top_Xtr  Bot_Xtr
  ------ -------- --------- --------- -------- -------- --------
  -2.000   0.3253   0.01762   0.00898  -0.1158   0.6331   0.3078
  -1.500   0.3792   0.01747   0.00878  -0.1154   0.6206   0.3341
  -1.000   0.4250   0.01741   0.00880  -0.1136   0.6077   0.3632
  -0.500   0.4805   0.01724   0.00871  -0.1137   0.5971   0.4019
   0.000   0.5227   0.01713   0.00890  -0.1112   0.5858   0.4536
   0.500   0.5769   0.01705   0.00905  -0.1110   0.5763   0.5440
   1.000   0.6155   0.01706   0.00951  -0.1075   0.5663   0.6441
   1.500   0.6692   0.01717   0.00977  -0.1066   0.5576   0.7354
   2.000   0.7070   0.01751   0.01040  -0.1026   0.5486   0.8110
   2.500   0.7577   0.01786   0.01081  -0.1007   0.5401   0.8793
   3.000   0.8209   0.01858   0.01150  -0.1017   0.5318   0.9344
   3.500   0.9072   0.01929   0.01213  -0.1079   0.5223   0.9678
   4.000   1.0149   0.02007   0.01270  -0.1187   0.5138   0.9864
   4.500   1.0879   0.02064   0.01329  -0.1235   0.5044   1.0000
   5.000   1.1205   0.02090   0.01336  -0.1199   0.4976   1.0000
   5.500   1.1264   0.02149   0.01398  -0.1113   0.4902   1.0000
   6.000   1.1491   0.02196   0.01441  -0.1056   0.4826   1.0000
   6.500   1.2090   0.02254   0.01479  -0.1069   0.4755   1.0000
   7.000   1.2052   0.02336   0.01576  -0.0966   0.4678   1.0000
   7.500   1.2509   0.02386   0.01617  -0.0953   0.4604   1.0000
   8.000   1.2839   0.02482   0.01712  -0.0921   0.4531   1.0000
   8.500   1.3013   0.02584   0.01822  -0.0864   0.4449   1.0000
   9.000   1.3745   0.02619   0.01836  -0.0899   0.4380   1.0000
   9.500   1.3594   0.02805   0.02049  -0.0798   0.4296   1.0000
  10.000   1.4062   0.02863   0.02099  -0.0791   0.4223   1.0000
