  
       XFOIL         Version 6.99
  
 Calculated polar for: NACA 7634                                       
  
 1 1 Reynolds number fixed          Mach number fixed         
  
 xtrf =   1.000 (top)        1.000 (bottom)  
 Mach =   0.050     Re =     0.200 e 6     Ncrit =   9.000
  
   alpha    CL        CD       CDp       CM     Top_Xtr  Bot_Xtr
  ------ -------- --------- --------- -------- -------- --------
  -1.500   0.1191   0.03633   0.02831  -0.1163   0.6382   0.3208
  -1.000   0.2072   0.03421   0.02629  -0.1210   0.6364   0.3336
  -0.500   0.3046   0.03200   0.02397  -0.1274   0.6348   0.3481
   0.000   0.4108   0.02986   0.02177  -0.1352   0.6326   0.3635
   0.500   0.4168   0.03173   0.02369  -0.1291   0.6170   0.3727
   1.000   0.5216   0.02979   0.02166  -0.1367   0.6137   0.3893
   1.500   0.5286   0.03176   0.02370  -0.1308   0.5989   0.3994
   2.000   0.6287   0.03015   0.02198  -0.1378   0.5944   0.4169
   2.500   0.6321   0.03240   0.02435  -0.1315   0.5802   0.4275
   3.000   0.7243   0.03117   0.02299  -0.1373   0.5746   0.4458
   3.500   0.7238   0.03376   0.02573  -0.1307   0.5612   0.4569
   4.000   0.8067   0.03287   0.02473  -0.1352   0.5548   0.4757
   4.500   0.8090   0.03556   0.02757  -0.1292   0.5427   0.4880
   5.000   0.8755   0.03531   0.02726  -0.1315   0.5352   0.5066
   5.500   0.9040   0.03698   0.02902  -0.1291   0.5259   0.5219
   6.000   0.9333   0.03854   0.03062  -0.1268   0.5161   0.5384
   6.500   1.0312   0.03693   0.02887  -0.1331   0.5112   0.5603
   7.000   0.9817   0.04258   0.03479  -0.1214   0.4973   0.5708
   7.500   1.0720   0.04093   0.03303  -0.1264   0.4924   0.5928
   8.000   1.0199   0.04759   0.03996  -0.1156   0.4786   0.6038
   8.500   1.1029   0.04601   0.03829  -0.1195   0.4738   0.6261
   9.000   1.0430   0.05408   0.04663  -0.1090   0.4595   0.6368
   9.500   1.1239   0.05229   0.04479  -0.1124   0.4552   0.6605
  10.000   1.2267   0.04939   0.04173  -0.1183   0.4517   0.6875
