  
       XFOIL         Version 6.99
  
 Calculated polar for: NACA 3408                                       
  
 1 1 Reynolds number fixed          Mach number fixed         
  
 xtrf =   1.000 (top)        1.000 (bottom)  
 Mach =   0.050     Re =     0.200 e 6     Ncrit =   9.000
  
   alpha    CL        CD       CDp       CM     Top_Xtr  Bot_Xtr
  ------ -------- --------- --------- -------- -------- --------
  -2.000   0.0801   0.01242   0.00533  -0.0753   0.9608   0.2135
  -1.500   0.1542   0.01065   0.00501  -0.0798   0.9501   0.5849
  -1.000   0.2376   0.00952   0.00461  -0.0838   0.9421   1.0000
  -0.500   0.3036   0.00933   0.00419  -0.0854   0.9221   1.0000
   0.000   0.3672   0.00911   0.00379  -0.0862   0.9016   1.0000
   0.500   0.4232   0.00897   0.00352  -0.0853   0.8754   1.0000
   1.000   0.4773   0.00890   0.00332  -0.0841   0.8460   1.0000
   1.500   0.5308   0.00894   0.00320  -0.0828   0.8137   1.0000
   2.000   0.5831   0.00909   0.00325  -0.0814   0.7764   1.0000
   2.500   0.6357   0.00934   0.00335  -0.0802   0.7392   1.0000
   3.000   0.6879   0.00968   0.00359  -0.0791   0.7011   1.0000
   3.500   0.7399   0.01007   0.00392  -0.0779   0.6631   1.0000
   4.000   0.7908   0.01049   0.00425  -0.0766   0.6205   1.0000
   4.500   0.8394   0.01094   0.00458  -0.0747   0.5648   1.0000
   5.000   0.8878   0.01148   0.00503  -0.0730   0.5083   1.0000
   5.500   0.9341   0.01217   0.00561  -0.0710   0.4329   1.0000
   6.000   0.9669   0.01425   0.00666  -0.0675   0.2151   1.0000
   6.500   0.9916   0.01813   0.00948  -0.0631   0.0648   1.0000
   7.000   1.0282   0.02046   0.01192  -0.0600   0.0484   1.0000
   7.500   1.0623   0.02365   0.01513  -0.0566   0.0404   1.0000
   8.000   1.1045   0.02612   0.01781  -0.0543   0.0348   1.0000
   8.500   1.1487   0.03143   0.02330  -0.0527   0.0314   1.0000
   9.000   1.1866   0.03513   0.02763  -0.0497   0.0288   1.0000
   9.500   1.2150   0.04149   0.03477  -0.0459   0.0284   1.0000
  10.000   1.2242   0.04988   0.04400  -0.0407   0.0295   1.0000
