  
       XFOIL         Version 6.99
  
 Calculated polar for: NACA 5706                                       
  
 1 1 Reynolds number fixed          Mach number fixed         
  
 xtrf =   1.000 (top)        1.000 (bottom)  
 Mach =   0.050     Re =     0.200 e 6     Ncrit =   9.000
  
   alpha    CL        CD       CDp       CM     Top_Xtr  Bot_Xtr
  ------ -------- --------- --------- -------- -------- --------
  -2.000   0.2033   0.02074   0.01343  -0.1453   1.0000   0.1089
  -1.500   0.2861   0.02021   0.01378  -0.1523   1.0000   0.3924
  -1.000   0.3460   0.02051   0.01451  -0.1537   1.0000   0.5630
  -0.500   0.3957   0.02114   0.01531  -0.1527   1.0000   0.6658
   0.000   0.4439   0.02185   0.01607  -0.1515   1.0000   0.7329
   0.500   0.4951   0.02245   0.01677  -0.1510   1.0000   0.7886
   1.000   0.5481   0.02294   0.01742  -0.1509   1.0000   0.8511
   1.500   0.5852   0.02348   0.01814  -0.1482   1.0000   1.0000
   2.000   0.6814   0.02452   0.01924  -0.1574   0.9838   1.0000
   2.500   0.7537   0.02485   0.01974  -0.1613   0.9635   1.0000
   3.000   0.9106   0.02110   0.01632  -0.1778   0.9160   1.0000
   3.500   1.0055   0.01464   0.01027  -0.1786   0.8258   1.0000
   4.000   1.0464   0.01892   0.01003  -0.1728   0.0472   1.0000
   4.500   1.0858   0.02181   0.01301  -0.1690   0.0356   1.0000
   5.000   1.1417   0.02502   0.01631  -0.1683   0.0290   1.0000
   5.500   1.2173   0.03125   0.02291  -0.1706   0.0273   1.0000
