  
       XFOIL         Version 6.99
  
 Calculated polar for: NACA 1806                                       
  
 1 1 Reynolds number fixed          Mach number fixed         
  
 xtrf =   1.000 (top)        1.000 (bottom)  
 Mach =   0.050     Re =     0.200 e 6     Ncrit =   9.000
  
   alpha    CL        CD       CDp       CM     Top_Xtr  Bot_Xtr
  ------ -------- --------- --------- -------- -------- --------
  -2.000  -0.1284   0.00828   0.00310  -0.0327   1.0000   0.8197
  -1.500  -0.0927   0.00795   0.00287  -0.0269   1.0000   0.9208
  -1.000  -0.0358   0.00779   0.00257  -0.0274   1.0000   1.0000
  -0.500   0.0214   0.00786   0.00248  -0.0283   1.0000   1.0000
   0.000   0.0773   0.00799   0.00252  -0.0288   1.0000   1.0000
   0.500   0.1324   0.00816   0.00268  -0.0292   1.0000   1.0000
   1.000   0.1867   0.00838   0.00295  -0.0294   1.0000   1.0000
   1.500   0.2404   0.00866   0.00335  -0.0295   1.0000   1.0000
   2.000   0.3067   0.00901   0.00393  -0.0324   0.9948   1.0000
   2.500   0.4307   0.00819   0.00357  -0.0450   0.9140   1.0000
   3.000   0.4988   0.00977   0.00324  -0.0449   0.4158   1.0000
   3.500   0.5363   0.01336   0.00499  -0.0423   0.0592   1.0000
   4.000   0.5842   0.01589   0.00757  -0.0404   0.0417   1.0000
   4.500   0.6358   0.01851   0.01035  -0.0389   0.0340   1.0000
   5.500   0.7330   0.02989   0.02317  -0.0346   0.0306   1.0000
