  
       XFOIL         Version 6.99
  
 Calculated polar for: NACA 6510                                       
  
 1 1 Reynolds number fixed          Mach number fixed         
  
 xtrf =   1.000 (top)        1.000 (bottom)  
 Mach =   0.050     Re =     0.200 e 6     Ncrit =   9.000
  
   alpha    CL        CD       CDp       CM     Top_Xtr  Bot_Xtr
  ------ -------- --------- --------- -------- -------- --------
  -2.000   0.4843   0.01660   0.00927  -0.1793   0.8726   0.1828
  -1.500   0.5409   0.01617   0.00901  -0.1795   0.8621   0.2497
  -1.000   0.6114   0.01530   0.00837  -0.1821   0.8571   0.3398
  -0.500   0.6659   0.01498   0.00833  -0.1818   0.8455   0.4380
   0.000   0.7236   0.01436   0.00818  -0.1819   0.8358   0.5908
   0.500   0.7801   0.01319   0.00760  -0.1808   0.8275   1.0000
   1.000   0.8358   0.01326   0.00751  -0.1806   0.8150   1.0000
   1.500   0.8925   0.01331   0.00745  -0.1805   0.8026   1.0000
   2.000   0.9503   0.01332   0.00737  -0.1806   0.7903   1.0000
   2.500   1.0084   0.01333   0.00732  -0.1807   0.7776   1.0000
   3.000   1.0654   0.01338   0.00734  -0.1806   0.7639   1.0000
   3.500   1.1206   0.01351   0.00748  -0.1802   0.7487   1.0000
   4.000   1.1741   0.01369   0.00770  -0.1795   0.7320   1.0000
   4.500   1.2269   0.01389   0.00795  -0.1786   0.7142   1.0000
   5.000   1.2804   0.01405   0.00817  -0.1778   0.6950   1.0000
   5.500   1.3282   0.01411   0.00825  -0.1756   0.6660   1.0000
   6.000   1.3691   0.01420   0.00830  -0.1718   0.6237   1.0000
   6.500   1.4101   0.01463   0.00870  -0.1685   0.5847   1.0000
   7.000   1.4436   0.01531   0.00936  -0.1639   0.5362   1.0000
   7.500   1.4671   0.01638   0.01026  -0.1576   0.4710   1.0000
   8.000   1.4698   0.01821   0.01170  -0.1478   0.3812   1.0000
   8.500   1.4511   0.02174   0.01444  -0.1360   0.2499   1.0000
   9.000   1.4242   0.02691   0.01865  -0.1250   0.1166   1.0000
   9.500   1.4168   0.03138   0.02283  -0.1174   0.0757   1.0000
  10.000   1.4179   0.03549   0.02699  -0.1114   0.0612   1.0000
