  
       XFOIL         Version 6.99
  
 Calculated polar for: NACA 7334                                       
  
 1 1 Reynolds number fixed          Mach number fixed         
  
 xtrf =   1.000 (top)        1.000 (bottom)  
 Mach =   0.050     Re =     0.200 e 6     Ncrit =   9.000
  
   alpha    CL        CD       CDp       CM     Top_Xtr  Bot_Xtr
  ------ -------- --------- --------- -------- -------- --------
  -2.000   0.2485   0.02619   0.01612  -0.0770   0.4689   0.2116
  -1.500   0.2838   0.02618   0.01610  -0.0743   0.4608   0.2212
  -1.000   0.3394   0.02625   0.01605  -0.0750   0.4540   0.2339
  -0.500   0.3650   0.02648   0.01646  -0.0710   0.4479   0.2462
   0.000   0.4064   0.02665   0.01663  -0.0695   0.4423   0.2626
   0.500   0.4662   0.02642   0.01642  -0.0711   0.4372   0.2904
   1.500   0.5118   0.02678   0.01829  -0.0630   0.4284   0.5623
   2.000   0.5525   0.02742   0.01915  -0.0613   0.4243   0.6381
   2.500   0.6075   0.02793   0.01969  -0.0617   0.4208   0.6908
   3.000   0.6538   0.02892   0.02076  -0.0610   0.4171   0.7343
   3.500   0.6595   0.03067   0.02282  -0.0550   0.4135   0.7695
   4.000   0.6745   0.03240   0.02480  -0.0503   0.4100   0.8093
   4.500   0.6994   0.03386   0.02641  -0.0467   0.4068   0.8570
   5.000   0.7471   0.03477   0.02731  -0.0458   0.4038   0.9077
   5.500   0.8299   0.03595   0.02832  -0.0510   0.4006   0.9507
   6.000   0.7851   0.04343   0.03634  -0.0455   0.3963   0.9832
