  
       XFOIL         Version 6.99
  
 Calculated polar for: NACA 9622                                       
  
 1 1 Reynolds number fixed          Mach number fixed         
  
 xtrf =   1.000 (top)        1.000 (bottom)  
 Mach =   0.050     Re =     0.200 e 6     Ncrit =   9.000
  
   alpha    CL        CD       CDp       CM     Top_Xtr  Bot_Xtr
  ------ -------- --------- --------- -------- -------- --------
  -2.000   0.3818   0.04583   0.03842  -0.2024   0.7316   0.2111
  -1.000   0.5041   0.04520   0.03783  -0.2051   0.7180   0.2466
  -0.500   0.5825   0.04398   0.03662  -0.2085   0.7165   0.2694
   0.500   0.6462   0.04654   0.03927  -0.2033   0.6875   0.3055
   1.000   0.7183   0.04537   0.03816  -0.2056   0.6846   0.3318
   1.500   0.7937   0.04384   0.03669  -0.2083   0.6829   0.3602
   2.000   0.8700   0.04213   0.03502  -0.2110   0.6818   0.3907
   2.500   0.9490   0.04013   0.03304  -0.2140   0.6811   0.4232
   4.000   1.0810   0.04110   0.03426  -0.2096   0.6493   0.5061
   4.500   1.1636   0.03870   0.03194  -0.2129   0.6479   0.5408
   5.000   1.2541   0.03608   0.02930  -0.2175   0.6463   0.5782
   6.000   1.3565   0.03594   0.02926  -0.2164   0.6247   0.6358
   6.500   1.4094   0.03585   0.02917  -0.2162   0.6130   0.6672
   7.000   1.4553   0.03624   0.02963  -0.2151   0.6003   0.6970
   7.500   1.5409   0.03428   0.02763  -0.2196   0.5923   0.7374
   8.000   1.5678   0.03580   0.02924  -0.2159   0.5770   0.7762
   8.500   1.5994   0.03617   0.02985  -0.2123   0.5638   1.0000
   9.000   1.6728   0.03548   0.02892  -0.2155   0.5530   1.0000
   9.500   1.6826   0.03825   0.03173  -0.2099   0.5373   1.0000
  10.000   1.7066   0.04032   0.03378  -0.2063   0.5233   1.0000
