  
       XFOIL         Version 6.99
  
 Calculated polar for: NACA 2836                                       
  
 1 1 Reynolds number fixed          Mach number fixed         
  
 xtrf =   1.000 (top)        1.000 (bottom)  
 Mach =   0.050     Re =     0.200 e 6     Ncrit =   9.000
  
   alpha    CL        CD       CDp       CM     Top_Xtr  Bot_Xtr
  ------ -------- --------- --------- -------- -------- --------
  -2.000  -0.0162   0.02270   0.01427  -0.0590   0.6037   0.4415
  -1.500   0.0291   0.02261   0.01415  -0.0574   0.5905   0.4516
  -1.000   0.0440   0.02256   0.01399  -0.0504   0.5779   0.4614
  -0.500   0.0897   0.02240   0.01392  -0.0489   0.5654   0.4720
   0.000   0.1220   0.02250   0.01398  -0.0451   0.5534   0.4834
   0.500   0.1586   0.02242   0.01393  -0.0421   0.5416   0.4941
   1.000   0.2049   0.02263   0.01412  -0.0409   0.5303   0.5065
   1.500   0.2357   0.02272   0.01424  -0.0369   0.5189   0.5180
   2.000   0.2947   0.02294   0.01441  -0.0380   0.5082   0.5312
   2.500   0.3160   0.02326   0.01479  -0.0326   0.4974   0.5433
   3.000   0.3782   0.02342   0.01490  -0.0342   0.4872   0.5572
   3.500   0.3990   0.02397   0.01552  -0.0290   0.4770   0.5702
   4.000   0.4441   0.02425   0.01587  -0.0276   0.4673   0.5840
   4.500   0.4854   0.02480   0.01638  -0.0261   0.4578   0.5988
   5.000   0.5167   0.02535   0.01710  -0.0227   0.4481   0.6128
   5.500   0.5791   0.02568   0.01727  -0.0246   0.4391   0.6293
   6.000   0.5900   0.02671   0.01858  -0.0183   0.4300   0.6433
   6.500   0.6402   0.02709   0.01886  -0.0182   0.4215   0.6602
   7.000   0.6667   0.02822   0.02018  -0.0147   0.4130   0.6755
   7.500   0.6963   0.02911   0.02111  -0.0119   0.4043   0.6922
   8.000   0.7534   0.02968   0.02165  -0.0127   0.3966   0.7090
   8.500   0.7531   0.03153   0.02373  -0.0063   0.3881   0.7249
   9.000   0.7989   0.03219   0.02437  -0.0056   0.3806   0.7418
   9.500   0.8156   0.03402   0.02634  -0.0019   0.3729   0.7576
  10.000   0.8321   0.03581   0.02824   0.0017   0.3650   0.7743
