  
       XFOIL         Version 6.99
  
 Calculated polar for: NACA 6220                                       
  
 1 1 Reynolds number fixed          Mach number fixed         
  
 xtrf =   1.000 (top)        1.000 (bottom)  
 Mach =   0.050     Re =     0.200 e 6     Ncrit =   9.000
  
   alpha    CL        CD       CDp       CM     Top_Xtr  Bot_Xtr
  ------ -------- --------- --------- -------- -------- --------
  -2.000   0.3827   0.02178   0.01293  -0.0936   0.5474   0.0862
  -1.500   0.4265   0.02074   0.01147  -0.0907   0.5103   0.0899
  -1.000   0.4658   0.02020   0.01069  -0.0874   0.4678   0.0953
  -0.500   0.5016   0.01992   0.01001  -0.0834   0.4243   0.1007
   0.000   0.5378   0.01999   0.00982  -0.0797   0.3889   0.1081
   0.500   0.5755   0.02003   0.00967  -0.0765   0.3660   0.1165
   1.000   0.6174   0.02003   0.00960  -0.0741   0.3505   0.1272
   1.500   0.6617   0.02012   0.00964  -0.0722   0.3398   0.1417
   2.000   0.7070   0.02021   0.00965  -0.0707   0.3316   0.1635
   2.500   0.7450   0.01882   0.01006  -0.0680   0.3253   0.7265
   3.500   0.8925   0.02033   0.01155  -0.0750   0.3134   1.0000
   4.000   0.9422   0.02120   0.01221  -0.0744   0.3097   1.0000
   4.500   0.9837   0.02190   0.01286  -0.0722   0.3068   1.0000
   5.000   1.0282   0.02270   0.01360  -0.0708   0.3038   1.0000
   5.500   1.0736   0.02354   0.01435  -0.0696   0.3006   1.0000
   6.000   1.1227   0.02446   0.01515  -0.0691   0.2976   1.0000
   6.500   1.1805   0.02567   0.01622  -0.0705   0.2950   1.0000
   7.000   1.2339   0.02713   0.01766  -0.0712   0.2927   1.0000
   7.500   1.2728   0.02828   0.01890  -0.0692   0.2911   1.0000
   8.000   1.3102   0.02956   0.02029  -0.0672   0.2893   1.0000
   8.500   1.3442   0.03093   0.02176  -0.0647   0.2872   1.0000
   9.000   1.3766   0.03239   0.02332  -0.0622   0.2849   1.0000
   9.500   1.4103   0.03403   0.02505  -0.0601   0.2831   1.0000
  10.000   1.4443   0.03577   0.02687  -0.0583   0.2814   1.0000
