  
       XFOIL         Version 6.99
  
 Calculated polar for: NACA 2614                                       
  
 1 1 Reynolds number fixed          Mach number fixed         
  
 xtrf =   1.000 (top)        1.000 (bottom)  
 Mach =   0.050     Re =     0.200 e 6     Ncrit =   9.000
  
   alpha    CL        CD       CDp       CM     Top_Xtr  Bot_Xtr
  ------ -------- --------- --------- -------- -------- --------
  -1.500   0.0632   0.01415   0.00790  -0.0690   0.9048   0.5887
  -1.000   0.1334   0.01355   0.00750  -0.0708   0.8938   0.6395
  -0.500   0.1949   0.01300   0.00714  -0.0708   0.8793   0.6874
   0.000   0.2559   0.01241   0.00671  -0.0705   0.8639   0.7371
   0.500   0.3140   0.01179   0.00630  -0.0694   0.8464   0.7882
   1.000   0.3696   0.01124   0.00592  -0.0675   0.8262   0.8455
   1.500   0.4261   0.01089   0.00568  -0.0657   0.8009   0.9093
   2.000   0.5085   0.01067   0.00540  -0.0698   0.7708   0.9636
   2.500   0.6065   0.01060   0.00523  -0.0780   0.7279   0.9974
   3.000   0.6527   0.01066   0.00502  -0.0761   0.6832   1.0000
   3.500   0.6945   0.01095   0.00506  -0.0731   0.6346   1.0000
   4.000   0.7372   0.01140   0.00525  -0.0702   0.5858   1.0000
   4.500   0.7803   0.01196   0.00556  -0.0674   0.5378   1.0000
   5.000   0.8229   0.01259   0.00596  -0.0647   0.4902   1.0000
   5.500   0.8649   0.01324   0.00643  -0.0619   0.4415   1.0000
   6.000   0.9059   0.01399   0.00699  -0.0590   0.3922   1.0000
   6.500   0.9453   0.01484   0.00765  -0.0560   0.3421   1.0000
   7.000   0.9827   0.01583   0.00843  -0.0528   0.2916   1.0000
   7.500   1.0180   0.01698   0.00936  -0.0493   0.2424   1.0000
   8.000   1.0506   0.01832   0.01047  -0.0456   0.1985   1.0000
   8.500   1.0797   0.01977   0.01176  -0.0414   0.1629   1.0000
   9.000   1.1067   0.02140   0.01327  -0.0370   0.1366   1.0000
   9.500   1.1327   0.02320   0.01496  -0.0328   0.1174   1.0000
  10.000   1.1572   0.02528   0.01696  -0.0288   0.1029   1.0000
