  
       XFOIL         Version 6.99
  
 Calculated polar for: NACA 7630                                       
  
 1 1 Reynolds number fixed          Mach number fixed         
  
 xtrf =   1.000 (top)        1.000 (bottom)  
 Mach =   0.050     Re =     0.200 e 6     Ncrit =   9.000
  
   alpha    CL        CD       CDp       CM     Top_Xtr  Bot_Xtr
  ------ -------- --------- --------- -------- -------- --------
  -2.000   0.1357   0.03609   0.02837  -0.1315   0.6734   0.3004
  -1.500   0.2077   0.03488   0.02704  -0.1339   0.6696   0.3146
  -1.000   0.2902   0.03297   0.02524  -0.1377   0.6679   0.3303
  -0.500   0.3784   0.03097   0.02325  -0.1425   0.6664   0.3469
   0.000   0.4761   0.02882   0.02103  -0.1488   0.6649   0.3657
   1.000   0.5989   0.02796   0.02022  -0.1513   0.6467   0.3983
   2.000   0.7242   0.02733   0.01954  -0.1542   0.6274   0.4345
   2.500   0.7557   0.02833   0.02059  -0.1513   0.6137   0.4503
   3.000   0.8485   0.02706   0.01916  -0.1572   0.6071   0.4728
   3.500   0.8709   0.02846   0.02070  -0.1529   0.5930   0.4890
   4.000   0.9680   0.02723   0.01933  -0.1595   0.5859   0.5130
   4.500   0.9740   0.02932   0.02151  -0.1529   0.5714   0.5294
   5.000   1.0467   0.02905   0.02121  -0.1559   0.5628   0.5515
   5.500   1.0639   0.03077   0.02299  -0.1511   0.5500   0.5695
   6.000   1.1133   0.03146   0.02367  -0.1509   0.5403   0.5909
   6.500   1.1431   0.03273   0.02501  -0.1479   0.5290   0.6096
   7.000   1.1833   0.03377   0.02607  -0.1466   0.5192   0.6308
   7.500   1.2136   0.03515   0.02746  -0.1440   0.5085   0.6520
   8.000   1.2525   0.03623   0.02860  -0.1426   0.4992   0.6744
   8.500   1.2749   0.03797   0.03045  -0.1392   0.4886   0.6959
   9.000   1.3197   0.03877   0.03128  -0.1386   0.4800   0.7219
   9.500   1.3291   0.04132   0.03400  -0.1339   0.4692   0.7466
  10.000   1.3902   0.04112   0.03380  -0.1353   0.4617   0.7843
