  
       XFOIL         Version 6.99
  
 Calculated polar for: NACA 1526                                       
  
 1 1 Reynolds number fixed          Mach number fixed         
  
 xtrf =   1.000 (top)        1.000 (bottom)  
 Mach =   0.050     Re =     0.200 e 6     Ncrit =   9.000
  
   alpha    CL        CD       CDp       CM     Top_Xtr  Bot_Xtr
  ------ -------- --------- --------- -------- -------- --------
  -2.000  -0.0831   0.01661   0.00877  -0.0330   0.6890   0.4905
  -1.500  -0.0359   0.01645   0.00869  -0.0311   0.6692   0.5096
  -1.000   0.0130   0.01634   0.00863  -0.0295   0.6502   0.5292
  -0.500   0.0629   0.01627   0.00857  -0.0281   0.6320   0.5497
   0.000   0.1142   0.01623   0.00849  -0.0269   0.6144   0.5712
   0.500   0.1627   0.01621   0.00847  -0.0252   0.5963   0.5934
   1.000   0.2089   0.01625   0.00855  -0.0231   0.5783   0.6164
   1.500   0.2573   0.01634   0.00866  -0.0214   0.5612   0.6403
   2.000   0.3077   0.01645   0.00875  -0.0201   0.5449   0.6651
   2.500   0.3544   0.01655   0.00890  -0.0180   0.5280   0.6905
   3.000   0.3995   0.01672   0.00918  -0.0157   0.5114   0.7167
   3.500   0.4472   0.01696   0.00946  -0.0138   0.4958   0.7435
   4.500   0.5375   0.01752   0.01016  -0.0090   0.4648   0.7983
   5.000   0.5818   0.01796   0.01067  -0.0065   0.4499   0.8257
   5.500   0.6297   0.01849   0.01115  -0.0045   0.4356   0.8524
   6.000   0.6684   0.01902   0.01175  -0.0009   0.4211   0.8789
   6.500   0.7123   0.01975   0.01252   0.0016   0.4068   0.9035
   7.000   0.7674   0.02060   0.01328   0.0018   0.3926   0.9246
   7.500   0.8299   0.02153   0.01412   0.0002   0.3778   0.9429
   8.000   0.8936   0.02256   0.01520  -0.0024   0.3626   0.9593
   8.500   0.9685   0.02364   0.01625  -0.0074   0.3474   0.9716
   9.000   1.0424   0.02467   0.01720  -0.0125   0.3328   0.9829
   9.500   1.1154   0.02568   0.01809  -0.0175   0.3186   0.9941
  10.000   1.1323   0.02652   0.01904  -0.0134   0.3074   1.0000
