  
       XFOIL         Version 6.99
  
 Calculated polar for: NACA 5420                                       
  
 1 1 Reynolds number fixed          Mach number fixed         
  
 xtrf =   1.000 (top)        1.000 (bottom)  
 Mach =   0.050     Re =     0.200 e 6     Ncrit =   9.000
  
   alpha    CL        CD       CDp       CM     Top_Xtr  Bot_Xtr
  ------ -------- --------- --------- -------- -------- --------
  -2.000   0.3478   0.01578   0.00743  -0.1226   0.6818   0.2825
  -1.500   0.3988   0.01563   0.00727  -0.1216   0.6641   0.3150
  -1.000   0.4496   0.01541   0.00718  -0.1206   0.6479   0.3545
  -0.500   0.5014   0.01519   0.00711  -0.1198   0.6333   0.4097
   0.000   0.5531   0.01485   0.00715  -0.1190   0.6200   0.5254
   0.500   0.5947   0.01458   0.00752  -0.1158   0.6064   0.6955
   1.000   0.6408   0.01463   0.00789  -0.1126   0.5948   0.8363
   1.500   0.7089   0.01498   0.00825  -0.1139   0.5830   0.9353
   2.000   0.8071   0.01555   0.00867  -0.1224   0.5707   0.9831
   2.500   0.9008   0.01597   0.00880  -0.1306   0.5598   1.0000
   3.000   0.9280   0.01633   0.00915  -0.1257   0.5497   1.0000
   3.500   0.9735   0.01673   0.00934  -0.1240   0.5407   1.0000
   4.000   1.0079   0.01724   0.00986  -0.1202   0.5311   1.0000
   4.500   1.0561   0.01768   0.01015  -0.1190   0.5221   1.0000
   5.000   1.0966   0.01831   0.01078  -0.1164   0.5129   1.0000
   5.500   1.1447   0.01879   0.01117  -0.1152   0.5037   1.0000
   6.000   1.1888   0.01950   0.01187  -0.1134   0.4948   1.0000
   6.500   1.2336   0.02004   0.01239  -0.1116   0.4854   1.0000
   7.000   1.2801   0.02077   0.01309  -0.1103   0.4767   1.0000
   7.500   1.3195   0.02138   0.01375  -0.1077   0.4671   1.0000
   8.000   1.3670   0.02212   0.01444  -0.1067   0.4582   1.0000
   8.500   1.3992   0.02281   0.01522  -0.1029   0.4484   1.0000
   9.000   1.4445   0.02355   0.01593  -0.1016   0.4394   1.0000
   9.500   1.4661   0.02434   0.01682  -0.0961   0.4295   1.0000
  10.000   1.5044   0.02515   0.01763  -0.0937   0.4203   1.0000
