  
       XFOIL         Version 6.99
  
 Calculated polar for: NACA 6612                                       
  
 1 1 Reynolds number fixed          Mach number fixed         
  
 xtrf =   1.000 (top)        1.000 (bottom)  
 Mach =   0.050     Re =     0.200 e 6     Ncrit =   9.000
  
   alpha    CL        CD       CDp       CM     Top_Xtr  Bot_Xtr
  ------ -------- --------- --------- -------- -------- --------
  -2.000   0.3500   0.02647   0.01929  -0.1739   0.8789   0.2470
  -1.500   0.4212   0.02622   0.01920  -0.1771   0.8736   0.3102
  -1.000   0.5021   0.02582   0.01898  -0.1817   0.8708   0.3815
  -0.500   0.5453   0.02614   0.01947  -0.1797   0.8585   0.4381
   0.000   0.6254   0.02556   0.01908  -0.1838   0.8556   0.5108
   0.500   0.6701   0.02582   0.01951  -0.1817   0.8429   0.5670
   1.000   0.7485   0.02503   0.01885  -0.1851   0.8397   0.6308
   1.500   0.7975   0.02492   0.01893  -0.1835   0.8271   0.6833
   2.000   0.8781   0.02342   0.01768  -0.1870   0.8249   0.7511
   2.500   0.9186   0.02259   0.01726  -0.1830   0.8115   1.0000
   3.000   1.0044   0.02098   0.01560  -0.1875   0.8089   1.0000
   4.500   1.2231   0.01717   0.01189  -0.1939   0.7789   1.0000
   5.000   1.2628   0.01670   0.01151  -0.1896   0.7549   1.0000
   5.500   1.3164   0.01579   0.01061  -0.1877   0.7253   1.0000
   6.000   1.3641   0.01537   0.01014  -0.1849   0.6819   1.0000
   6.500   1.4078   0.01553   0.01006  -0.1817   0.6219   1.0000
   7.000   1.4401   0.01653   0.01068  -0.1767   0.5578   1.0000
   7.500   1.4584   0.01805   0.01196  -0.1697   0.4969   1.0000
   8.000   1.4700   0.01992   0.01358  -0.1619   0.4343   1.0000
   8.500   1.4756   0.02230   0.01565  -0.1538   0.3653   1.0000
   9.000   1.4761   0.02529   0.01825  -0.1456   0.2864   1.0000
   9.500   1.4724   0.02899   0.02144  -0.1376   0.2020   1.0000
  10.000   1.4695   0.03306   0.02504  -0.1304   0.1342   1.0000
