  
       XFOIL         Version 6.99
  
 Calculated polar for: NACA 4524                                       
  
 1 1 Reynolds number fixed          Mach number fixed         
  
 xtrf =   1.000 (top)        1.000 (bottom)  
 Mach =   0.050     Re =     0.200 e 6     Ncrit =   9.000
  
   alpha    CL        CD       CDp       CM     Top_Xtr  Bot_Xtr
  ------ -------- --------- --------- -------- -------- --------
  -2.000   0.2389   0.01748   0.00962  -0.1102   0.7202   0.3868
  -1.500   0.2979   0.01718   0.00931  -0.1106   0.7078   0.4108
  -1.000   0.3447   0.01711   0.00932  -0.1087   0.6934   0.4344
  -0.500   0.4037   0.01695   0.00913  -0.1091   0.6812   0.4612
   0.000   0.4546   0.01685   0.00907  -0.1080   0.6672   0.4885
   0.500   0.5027   0.01689   0.00916  -0.1064   0.6532   0.5171
   1.000   0.5626   0.01676   0.00908  -0.1069   0.6409   0.5493
   1.500   0.6067   0.01678   0.00923  -0.1045   0.6264   0.5821
   2.000   0.6541   0.01688   0.00943  -0.1027   0.6127   0.6196
   2.500   0.7131   0.01686   0.00944  -0.1031   0.6003   0.6622
   3.000   0.7503   0.01699   0.00977  -0.0993   0.5858   0.7090
   3.500   0.7938   0.01713   0.01011  -0.0966   0.5726   0.7649
   4.000   0.8458   0.01722   0.01029  -0.0950   0.5601   0.8338
   4.500   0.8795   0.01761   0.01091  -0.0900   0.5460   0.9154
   5.000   0.9627   0.01829   0.01153  -0.0955   0.5315   0.9739
   5.500   1.0722   0.01900   0.01206  -0.1068   0.5163   0.9995
   6.000   1.0638   0.01913   0.01211  -0.0954   0.5042   1.0000
   6.500   1.0844   0.01961   0.01250  -0.0893   0.4918   1.0000
   7.000   1.1328   0.02005   0.01273  -0.0883   0.4793   1.0000
   7.500   1.1447   0.02084   0.01358  -0.0810   0.4662   1.0000
   8.000   1.1789   0.02162   0.01430  -0.0779   0.4537   1.0000
   8.500   1.2234   0.02226   0.01477  -0.0764   0.4411   1.0000
   9.000   1.2385   0.02346   0.01607  -0.0706   0.4281   1.0000
   9.500   1.2704   0.02452   0.01708  -0.0676   0.4157   1.0000
  10.000   1.3103   0.02538   0.01781  -0.0658   0.4034   1.0000
  -2.000   0.2389   0.01748   0.00962  -0.1102   0.7202   0.3868
  -1.500   0.2979   0.01718   0.00931  -0.1106   0.7078   0.4108
  -1.000   0.3447   0.01711   0.00932  -0.1087   0.6934   0.4344
  -0.500   0.4037   0.01695   0.00913  -0.1091   0.6812   0.4612
   0.000   0.4546   0.01685   0.00907  -0.1080   0.6672   0.4885
   0.500   0.5027   0.01689   0.00916  -0.1064   0.6532   0.5171
   1.000   0.5626   0.01676   0.00908  -0.1069   0.6409   0.5493
   1.500   0.6067   0.01678   0.00923  -0.1045   0.6264   0.5821
   2.000   0.6541   0.01688   0.00943  -0.1027   0.6127   0.6196
   2.500   0.7131   0.01686   0.00944  -0.1031   0.6003   0.6622
   3.000   0.7503   0.01699   0.00977  -0.0993   0.5858   0.7090
   3.500   0.7938   0.01713   0.01011  -0.0966   0.5726   0.7649
   4.000   0.8458   0.01722   0.01029  -0.0950   0.5601   0.8338
   4.500   0.8795   0.01761   0.01091  -0.0900   0.5460   0.9154
   5.000   0.9627   0.01829   0.01153  -0.0955   0.5315   0.9739
   5.500   1.0722   0.01900   0.01206  -0.1068   0.5163   0.9995
   6.000   1.0638   0.01913   0.01211  -0.0954   0.5042   1.0000
   6.500   1.0844   0.01961   0.01250  -0.0893   0.4918   1.0000
   7.000   1.1328   0.02005   0.01273  -0.0883   0.4793   1.0000
   7.500   1.1447   0.02084   0.01358  -0.0810   0.4662   1.0000
   8.000   1.1789   0.02162   0.01430  -0.0779   0.4537   1.0000
   8.500   1.2234   0.02226   0.01477  -0.0764   0.4411   1.0000
   9.000   1.2385   0.02346   0.01607  -0.0706   0.4281   1.0000
   9.500   1.2704   0.02452   0.01708  -0.0676   0.4157   1.0000
  10.000   1.3103   0.02538   0.01781  -0.0658   0.4034   1.0000
  -2.000   0.2389   0.01748   0.00962  -0.1102   0.7202   0.3868
  -1.500   0.2979   0.01718   0.00931  -0.1106   0.7078   0.4108
  -1.000   0.3447   0.01711   0.00932  -0.1087   0.6934   0.4344
  -0.500   0.4037   0.01695   0.00913  -0.1091   0.6812   0.4612
   0.000   0.4546   0.01685   0.00907  -0.1080   0.6672   0.4885
   0.500   0.5027   0.01689   0.00916  -0.1064   0.6532   0.5171
   1.000   0.5626   0.01676   0.00908  -0.1069   0.6409   0.5493
   1.500   0.6067   0.01678   0.00923  -0.1045   0.6264   0.5821
   2.000   0.6541   0.01688   0.00943  -0.1027   0.6127   0.6196
   2.500   0.7131   0.01686   0.00944  -0.1031   0.6003   0.6622
   3.000   0.7503   0.01699   0.00977  -0.0993   0.5858   0.7090
   3.500   0.7938   0.01713   0.01011  -0.0966   0.5726   0.7649
   4.000   0.8458   0.01722   0.01029  -0.0950   0.5601   0.8338
   4.500   0.8795   0.01761   0.01091  -0.0900   0.5460   0.9154
   5.000   0.9627   0.01829   0.01153  -0.0955   0.5315   0.9739
   5.500   1.0722   0.01900   0.01206  -0.1068   0.5163   0.9995
   6.000   1.0638   0.01913   0.01211  -0.0954   0.5042   1.0000
   6.500   1.0844   0.01961   0.01250  -0.0893   0.4918   1.0000
   7.000   1.1328   0.02005   0.01273  -0.0883   0.4793   1.0000
   7.500   1.1447   0.02084   0.01358  -0.0810   0.4662   1.0000
   8.000   1.1789   0.02162   0.01430  -0.0779   0.4537   1.0000
   8.500   1.2234   0.02226   0.01477  -0.0764   0.4411   1.0000
   9.000   1.2385   0.02346   0.01607  -0.0706   0.4281   1.0000
   9.500   1.2704   0.02452   0.01708  -0.0676   0.4157   1.0000
  10.000   1.3103   0.02538   0.01781  -0.0658   0.4034   1.0000
