  
       XFOIL         Version 6.99
  
 Calculated polar for: NACA 5620                                       
  
 1 1 Reynolds number fixed          Mach number fixed         
  
 xtrf =   1.000 (top)        1.000 (bottom)  
 Mach =   0.050     Re =     0.200 e 6     Ncrit =   9.000
  
   alpha    CL        CD       CDp       CM     Top_Xtr  Bot_Xtr
  ------ -------- --------- --------- -------- -------- --------
  -2.000   0.2228   0.02420   0.01689  -0.1337   0.7980   0.3509
  -1.500   0.3039   0.02286   0.01567  -0.1374   0.7953   0.3827
  -1.000   0.3903   0.02136   0.01422  -0.1419   0.7937   0.4170
   0.000   0.5244   0.01972   0.01278  -0.1447   0.7763   0.4812
   1.000   0.6693   0.01801   0.01126  -0.1494   0.7575   0.5481
   2.000   0.7835   0.01714   0.01053  -0.1484   0.7272   0.6104
   2.500   0.8493   0.01664   0.01004  -0.1496   0.7113   0.6431
   3.000   0.9048   0.01635   0.00978  -0.1490   0.6920   0.6747
   3.500   0.9543   0.01622   0.00969  -0.1473   0.6706   0.7070
   4.000   1.0035   0.01619   0.00969  -0.1456   0.6482   0.7423
   4.500   1.0526   0.01623   0.00975  -0.1439   0.6257   0.7841
   5.000   1.0975   0.01628   0.00988  -0.1412   0.6036   0.8483
   5.500   1.1455   0.01649   0.01004  -0.1396   0.5813   1.0000
   6.000   1.1869   0.01726   0.01065  -0.1374   0.5587   1.0000
   6.500   1.2258   0.01806   0.01133  -0.1347   0.5371   1.0000
   7.000   1.2623   0.01892   0.01208  -0.1315   0.5161   1.0000
   7.500   1.2966   0.01985   0.01292  -0.1281   0.4955   1.0000
   8.000   1.3286   0.02087   0.01387  -0.1244   0.4753   1.0000
   8.500   1.3586   0.02199   0.01492  -0.1205   0.4553   1.0000
   9.000   1.3868   0.02322   0.01610  -0.1164   0.4355   1.0000
   9.500   1.4130   0.02458   0.01742  -0.1123   0.4158   1.0000
  10.000   1.4370   0.02609   0.01890  -0.1080   0.3963   1.0000
