  
       XFOIL         Version 6.99
  
 Calculated polar for: NACA 2418                                       
  
 1 1 Reynolds number fixed          Mach number fixed         
  
 xtrf =   1.000 (top)        1.000 (bottom)  
 Mach =   0.050     Re =     0.200 e 6     Ncrit =   9.000
  
   alpha    CL        CD       CDp       CM     Top_Xtr  Bot_Xtr
  ------ -------- --------- --------- -------- -------- --------
  -2.000   0.0150   0.01272   0.00600  -0.0544   0.7849   0.5261
  -1.500   0.0668   0.01240   0.00580  -0.0529   0.7617   0.5886
  -1.000   0.1180   0.01220   0.00574  -0.0511   0.7378   0.6491
  -0.500   0.1684   0.01212   0.00576  -0.0491   0.7127   0.7056
   0.000   0.2196   0.01213   0.00584  -0.0472   0.6886   0.7586
   0.500   0.2709   0.01224   0.00597  -0.0453   0.6654   0.8083
   1.000   0.3232   0.01248   0.00619  -0.0434   0.6433   0.8524
   1.500   0.3787   0.01284   0.00649  -0.0421   0.6219   0.8903
   2.000   0.4438   0.01330   0.00684  -0.0429   0.6007   0.9193
   2.500   0.5192   0.01380   0.00720  -0.0461   0.5795   0.9425
   3.000   0.6072   0.01427   0.00752  -0.0523   0.5578   0.9592
   3.500   0.6957   0.01466   0.00778  -0.0589   0.5358   0.9755
   4.000   0.7882   0.01495   0.00801  -0.0667   0.5130   0.9916
   4.500   0.8635   0.01514   0.00812  -0.0713   0.4911   1.0000
   5.000   0.8990   0.01536   0.00827  -0.0680   0.4729   1.0000
   5.500   0.9331   0.01567   0.00850  -0.0643   0.4546   1.0000
   6.000   0.9661   0.01602   0.00879  -0.0602   0.4360   1.0000
   6.500   0.9979   0.01642   0.00913  -0.0558   0.4172   1.0000
   7.000   1.0282   0.01685   0.00952  -0.0511   0.3979   1.0000
   7.500   1.0573   0.01731   0.00997  -0.0461   0.3782   1.0000
   8.000   1.0851   0.01784   0.01047  -0.0409   0.3581   1.0000
   8.500   1.1123   0.01845   0.01107  -0.0358   0.3375   1.0000
   9.000   1.1381   0.01918   0.01177  -0.0306   0.3167   1.0000
   9.500   1.1593   0.02004   0.01258  -0.0248   0.2965   1.0000
  10.000   1.1811   0.02113   0.01361  -0.0197   0.2763   1.0000
