  
       XFOIL         Version 6.99
  
 Calculated polar for: NACA 9008                                       
  
 1 1 Reynolds number fixed          Mach number fixed         
  
 xtrf =   1.000 (top)        1.000 (bottom)  
 Mach =   0.050     Re =     0.200 e 6     Ncrit =   9.000
  
   alpha    CL        CD       CDp       CM     Top_Xtr  Bot_Xtr
  ------ -------- --------- --------- -------- -------- --------
  -2.000   0.6427   0.00912   0.00369  -0.0676   0.7535   1.0001
  -1.500   0.6917   0.00942   0.00382  -0.0654   0.6792   1.0001
  -1.000   0.7385   0.01003   0.00410  -0.0632   0.5783   1.0001
  -0.500   0.7800   0.01124   0.00466  -0.0605   0.4205   1.0001
   0.000   0.8107   0.01421   0.00605  -0.0573   0.1348   1.0001
   0.500   0.8498   0.01676   0.00820  -0.0549   0.0664   1.0001
   1.000   0.8921   0.01893   0.01038  -0.0529   0.0506   1.0001
   1.500   0.9354   0.02155   0.01311  -0.0511   0.0418   1.0001
   2.000   0.9814   0.02526   0.01688  -0.0499   0.0366   1.0001
   2.500   1.0277   0.02880   0.02096  -0.0483   0.0329   1.0001
   3.000   1.0680   0.03429   0.02720  -0.0458   0.0317   1.0001
   3.500   1.0934   0.04193   0.03581  -0.0417   0.0321   1.0001
   4.000   1.1011   0.05068   0.04544  -0.0367   0.0329   1.0001
  -2.000   0.6427   0.00912   0.00369  -0.0676   0.7535   1.0001
  -1.500   0.6917   0.00942   0.00382  -0.0654   0.6792   1.0001
  -1.000   0.7385   0.01003   0.00410  -0.0632   0.5783   1.0001
  -0.500   0.7800   0.01124   0.00466  -0.0605   0.4205   1.0001
   0.000   0.8107   0.01421   0.00605  -0.0573   0.1348   1.0001
   0.500   0.8498   0.01676   0.00820  -0.0549   0.0664   1.0001
   1.000   0.8921   0.01893   0.01038  -0.0529   0.0506   1.0001
   1.500   0.9354   0.02155   0.01311  -0.0511   0.0418   1.0001
   2.000   0.9814   0.02526   0.01688  -0.0499   0.0366   1.0001
   2.500   1.0277   0.02880   0.02096  -0.0483   0.0329   1.0001
   3.000   1.0680   0.03429   0.02720  -0.0458   0.0317   1.0001
   3.500   1.0934   0.04193   0.03581  -0.0417   0.0321   1.0001
   4.000   1.1011   0.05068   0.04544  -0.0367   0.0329   1.0001
