  
       XFOIL         Version 6.99
  
 Calculated polar for: NACA 2522                                       
  
 1 1 Reynolds number fixed          Mach number fixed         
  
 xtrf =   1.000 (top)        1.000 (bottom)  
 Mach =   0.050     Re =     0.200 e 6     Ncrit =   9.000
  
   alpha    CL        CD       CDp       CM     Top_Xtr  Bot_Xtr
  ------ -------- --------- --------- -------- -------- --------
  -2.000   0.0266   0.01514   0.00780  -0.0610   0.7521   0.4739
  -1.500   0.0807   0.01490   0.00759  -0.0601   0.7343   0.5012
  -1.000   0.1353   0.01470   0.00739  -0.0594   0.7163   0.5301
  -0.500   0.1898   0.01457   0.00722  -0.0586   0.6978   0.5605
   0.000   0.2403   0.01444   0.00719  -0.0571   0.6782   0.5907
   0.500   0.2908   0.01438   0.00722  -0.0556   0.6587   0.6231
   1.000   0.3412   0.01439   0.00726  -0.0541   0.6393   0.6584
   1.500   0.3917   0.01439   0.00739  -0.0525   0.6201   0.6936
   2.000   0.4415   0.01448   0.00751  -0.0508   0.6012   0.7331
   2.500   0.4913   0.01460   0.00774  -0.0489   0.5825   0.7719
   3.000   0.5405   0.01480   0.00799  -0.0468   0.5639   0.8129
   3.500   0.5888   0.01510   0.00828  -0.0446   0.5455   0.8549
   4.000   0.6419   0.01554   0.00871  -0.0430   0.5266   0.8905
   4.500   0.6968   0.01606   0.00920  -0.0422   0.5073   0.9241
   5.000   0.7706   0.01672   0.00978  -0.0454   0.4868   0.9469
   5.500   0.8560   0.01741   0.01035  -0.0515   0.4655   0.9639
   6.000   0.9428   0.01807   0.01090  -0.0581   0.4439   0.9795
   6.500   1.0299   0.01870   0.01147  -0.0651   0.4218   0.9942
   7.000   1.0751   0.01914   0.01180  -0.0643   0.4036   1.0000
   7.500   1.0740   0.01940   0.01207  -0.0544   0.3892   1.0000
   8.000   1.0725   0.01975   0.01239  -0.0441   0.3754   1.0000
   8.500   1.0795   0.02025   0.01279  -0.0355   0.3616   1.0000
   9.000   1.0981   0.02095   0.01335  -0.0292   0.3468   1.0000
   9.500   1.1147   0.02181   0.01424  -0.0231   0.3318   1.0000
  10.000   1.1365   0.02289   0.01533  -0.0184   0.3166   1.0000
