  
       XFOIL         Version 6.99
  
 Calculated polar for: NACA 5826                                       
  
 1 1 Reynolds number fixed          Mach number fixed         
  
 xtrf =   1.000 (top)        1.000 (bottom)  
 Mach =   0.050     Re =     0.200 e 6     Ncrit =   9.000
  
   alpha    CL        CD       CDp       CM     Top_Xtr  Bot_Xtr
  ------ -------- --------- --------- -------- -------- --------
  -2.000   0.1927   0.02268   0.01560  -0.1424   0.7855   0.3963
  -1.500   0.2752   0.02149   0.01448  -0.1470   0.7733   0.4156
  -1.000   0.3821   0.01983   0.01280  -0.1560   0.7643   0.4376
  -0.500   0.4697   0.01911   0.01202  -0.1619   0.7450   0.4583
   0.000   0.5505   0.01878   0.01159  -0.1666   0.7235   0.4792
   0.500   0.6198   0.01882   0.01154  -0.1692   0.7010   0.4993
   1.000   0.6782   0.01902   0.01175  -0.1696   0.6789   0.5178
   1.500   0.7336   0.01931   0.01201  -0.1696   0.6575   0.5368
   2.000   0.7898   0.01969   0.01229  -0.1698   0.6370   0.5570
   2.500   0.8429   0.02007   0.01268  -0.1691   0.6177   0.5757
   3.000   0.9002   0.02044   0.01296  -0.1693   0.5990   0.5946
   3.500   0.9401   0.02105   0.01358  -0.1665   0.5800   0.6140
   4.000   0.9799   0.02171   0.01432  -0.1633   0.5622   0.6314
   4.500   1.0273   0.02230   0.01488  -0.1617   0.5454   0.6491
   5.000   1.0789   0.02290   0.01534  -0.1610   0.5285   0.6687
   5.500   1.1044   0.02378   0.01640  -0.1552   0.5123   0.6828
   6.000   1.1465   0.02456   0.01715  -0.1528   0.4966   0.6998
   6.500   1.1914   0.02530   0.01777  -0.1506   0.4814   0.7153
   7.000   1.2135   0.02637   0.01899  -0.1447   0.4665   0.7288
   7.500   1.2529   0.02736   0.01994  -0.1421   0.4520   0.7459
   8.000   1.2842   0.02823   0.02077  -0.1375   0.4381   0.7568
   8.500   1.3106   0.02950   0.02215  -0.1331   0.4240   0.7722
   9.000   1.3435   0.03052   0.02313  -0.1293   0.4108   0.7858
   9.500   1.3677   0.03175   0.02440  -0.1246   0.3975   0.7990
  10.000   1.3945   0.03315   0.02586  -0.1206   0.3844   0.8133
