  
       XFOIL         Version 6.99
  
 Calculated polar for: NACA 6718                                       
  
 1 1 Reynolds number fixed          Mach number fixed         
  
 xtrf =   1.000 (top)        1.000 (bottom)  
 Mach =   0.050     Re =     0.200 e 6     Ncrit =   9.000
  
   alpha    CL        CD       CDp       CM     Top_Xtr  Bot_Xtr
  ------ -------- --------- --------- -------- -------- --------
  -2.000   0.2611   0.03297   0.02594  -0.1685   0.8536   0.3300
  -1.500   0.3485   0.03247   0.02551  -0.1741   0.8507   0.3671
  -1.000   0.4043   0.03193   0.02512  -0.1741   0.8366   0.3976
   0.000   0.5445   0.03045   0.02386  -0.1784   0.8197   0.4669
   0.500   0.6006   0.02987   0.02338  -0.1781   0.8057   0.5000
   1.000   0.6784   0.02860   0.02226  -0.1811   0.8014   0.5350
   2.000   0.7910   0.02697   0.02087  -0.1796   0.7731   0.5976
   3.500   0.9709   0.02364   0.01782  -0.1780   0.7294   0.6789
   4.000   1.0505   0.02188   0.01603  -0.1808   0.7119   0.7054
   4.500   1.1416   0.02000   0.01404  -0.1858   0.6889   0.7299
   5.000   1.2223   0.01924   0.01308  -0.1896   0.6579   0.7539
   5.500   1.2783   0.01954   0.01321  -0.1893   0.6250   0.7765
   6.000   1.3167   0.02028   0.01387  -0.1861   0.5939   0.7978
   6.500   1.3539   0.02099   0.01451  -0.1826   0.5647   0.8195
   7.000   1.3854   0.02187   0.01537  -0.1782   0.5365   0.8430
   7.500   1.4136   0.02283   0.01632  -0.1734   0.5087   0.8698
   8.500   1.4646   0.02484   0.01830  -0.1634   0.4553   1.0000
   9.000   1.4933   0.02642   0.01980  -0.1596   0.4277   1.0000
   9.500   1.5205   0.02811   0.02134  -0.1557   0.4013   1.0000
  10.000   1.5437   0.03001   0.02323  -0.1512   0.3741   1.0000
