  
       XFOIL         Version 6.99
  
 Calculated polar for: NACA 3712                                       
  
 1 1 Reynolds number fixed          Mach number fixed         
  
 xtrf =   1.000 (top)        1.000 (bottom)  
 Mach =   0.050     Re =     0.200 e 6     Ncrit =   9.000
  
   alpha    CL        CD       CDp       CM     Top_Xtr  Bot_Xtr
  ------ -------- --------- --------- -------- -------- --------
  -2.000   0.0175   0.01777   0.01129  -0.0887   0.9728   0.4807
  -1.500   0.0902   0.01782   0.01156  -0.0923   0.9616   0.5487
  -1.000   0.1627   0.01789   0.01181  -0.0955   0.9499   0.6118
  -0.500   0.2356   0.01790   0.01199  -0.0984   0.9380   0.6658
   0.000   0.3193   0.01775   0.01196  -0.1033   0.9294   0.7147
   0.500   0.3872   0.01728   0.01164  -0.1048   0.9154   0.7546
   1.000   0.4552   0.01660   0.01111  -0.1061   0.9010   0.7941
   1.500   0.5210   0.01561   0.01032  -0.1066   0.8862   0.8326
   2.000   0.5849   0.01434   0.00927  -0.1062   0.8709   0.8776
   2.500   0.6521   0.01271   0.00788  -0.1062   0.8541   1.0000
   3.000   0.7204   0.01173   0.00692  -0.1077   0.8238   1.0000
   3.500   0.7909   0.01091   0.00604  -0.1093   0.7694   1.0000
   4.000   0.8732   0.01074   0.00532  -0.1133   0.6705   1.0000
   4.500   0.9216   0.01166   0.00576  -0.1115   0.5855   1.0000
   5.000   0.9624   0.01262   0.00634  -0.1083   0.5088   1.0000
   5.500   0.9998   0.01366   0.00702  -0.1046   0.4316   1.0000
   6.000   1.0350   0.01483   0.00783  -0.1008   0.3507   1.0000
   6.500   1.0676   0.01625   0.00881  -0.0967   0.2663   1.0000
   7.000   1.0976   0.01794   0.01004  -0.0923   0.1871   1.0000
   7.500   1.1277   0.01979   0.01155  -0.0881   0.1332   1.0000
   8.000   1.1578   0.02170   0.01328  -0.0839   0.1040   1.0000
   8.500   1.1874   0.02372   0.01524  -0.0797   0.0865   1.0000
   9.000   1.2179   0.02579   0.01733  -0.0758   0.0746   1.0000
   9.500   1.2485   0.02818   0.01967  -0.0722   0.0658   1.0000
  10.000   1.2808   0.03012   0.02178  -0.0688   0.0592   1.0000
