  
       XFOIL         Version 6.99
  
 Calculated polar for: NACA 7610                                       
  
 1 1 Reynolds number fixed          Mach number fixed         
  
 xtrf =   1.000 (top)        1.000 (bottom)  
 Mach =   0.050     Re =     0.200 e 6     Ncrit =   9.000
  
   alpha    CL        CD       CDp       CM     Top_Xtr  Bot_Xtr
  ------ -------- --------- --------- -------- -------- --------
  -2.000   0.4566   0.02973   0.02243  -0.2040   0.8903   0.1607
  -1.500   0.4952   0.03018   0.02301  -0.2018   0.8801   0.2103
  -1.000   0.5726   0.02997   0.02301  -0.2063   0.8768   0.2920
  -0.500   0.6148   0.03056   0.02379  -0.2046   0.8664   0.3586
   0.000   0.6896   0.03034   0.02378  -0.2082   0.8626   0.4460
   0.500   0.7332   0.03091   0.02454  -0.2063   0.8516   0.5165
   1.000   0.8083   0.03052   0.02433  -0.2095   0.8480   0.5969
   1.500   0.8525   0.03091   0.02488  -0.2075   0.8360   0.6582
   2.000   0.9302   0.02997   0.02417  -0.2109   0.8331   0.7364
   2.500   0.9690   0.02958   0.02416  -0.2072   0.8204   1.0000
   3.000   1.0522   0.02849   0.02303  -0.2116   0.8180   1.0000
   3.500   1.1019   0.02841   0.02297  -0.2103   0.8051   1.0000
   4.500   1.2268   0.02658   0.02135  -0.2109   0.7862   1.0000
   5.500   1.3947   0.01947   0.01453  -0.2154   0.7623   1.0000
   6.000   1.4451   0.01804   0.01322  -0.2124   0.7312   1.0000
   6.500   1.4785   0.01786   0.01308  -0.2069   0.6770   1.0000
   7.000   1.5236   0.01782   0.01232  -0.2031   0.5575   1.0000
   7.500   1.5188   0.02057   0.01444  -0.1921   0.4486   1.0000
   8.000   1.4986   0.02456   0.01769  -0.1797   0.3217   1.0000
   8.500   1.4712   0.02994   0.02197  -0.1678   0.1607   1.0000
   9.000   1.4626   0.03468   0.02614  -0.1592   0.0849   1.0000
   9.500   1.4667   0.03863   0.03001  -0.1526   0.0647   1.0000
  10.000   1.4766   0.04227   0.03374  -0.1470   0.0543   1.0000
