  
       XFOIL         Version 6.99
  
 Calculated polar for: NACA 4106                                       
  
 1 1 Reynolds number fixed          Mach number fixed         
  
 xtrf =   1.000 (top)        1.000 (bottom)  
 Mach =   0.050     Re =     0.200 e 6     Ncrit =   9.000
  
   alpha    CL        CD       CDp       CM     Top_Xtr  Bot_Xtr
  ------ -------- --------- --------- -------- -------- --------
  -2.000   0.1605   0.02961   0.02501  -0.0608   0.9036   0.0160
  -1.500   0.2186   0.02557   0.02041  -0.0606   0.8064   0.0207
  -1.000   0.2655   0.02822   0.02106  -0.0543   0.4876   0.0245
  -0.500   0.3095   0.02492   0.01613  -0.0538   0.2197   0.0261
   0.000   0.3627   0.02244   0.01321  -0.0537   0.2009   0.0307
   0.500   0.4196   0.02396   0.01408  -0.0518   0.1921   0.0365
   1.000   0.4722   0.02037   0.01031  -0.0519   0.1863   0.0451
   1.500   0.5259   0.01984   0.00938  -0.0510   0.1814   0.0611
   2.000   0.5787   0.01794   0.00753  -0.0506   0.1780   0.1098
   2.500   0.6322   0.01762   0.00719  -0.0495   0.1753   0.1117
   3.000   0.6864   0.01849   0.00779  -0.0481   0.1730   0.0694
   3.500   0.7396   0.01873   0.00783  -0.0477   0.1712   0.0767
   4.000   0.7926   0.01934   0.00860  -0.0475   0.1695   0.3553
   4.500   0.8425   0.01930   0.00974  -0.0463   0.1685   1.0000
   5.000   0.8952   0.02051   0.01095  -0.0460   0.1677   1.0000
   5.500   0.9472   0.02176   0.01230  -0.0456   0.1660   1.0000
   6.000   0.9984   0.02328   0.01407  -0.0452   0.1646   1.0000
   6.500   1.0487   0.02516   0.01621  -0.0448   0.1639   1.0000
   7.000   1.0974   0.02741   0.01888  -0.0442   0.1635   1.0000
   7.500   1.1438   0.03015   0.02206  -0.0435   0.1635   1.0000
   8.000   1.1867   0.03357   0.02603  -0.0426   0.1642   1.0000
   8.500   1.2251   0.03763   0.03077  -0.0415   0.1645   1.0000
   9.500   1.3190   0.02751   0.01946  -0.0383   0.0118   1.0000
  10.000   1.3406   0.03234   0.02516  -0.0351   0.0083   1.0000
  -2.000   0.1605   0.02961   0.02501  -0.0608   0.9036   0.0160
  -1.500   0.2186   0.02557   0.02041  -0.0606   0.8064   0.0207
  -1.000   0.2655   0.02822   0.02106  -0.0543   0.4876   0.0245
  -0.500   0.3095   0.02492   0.01613  -0.0538   0.2197   0.0261
   0.000   0.3627   0.02244   0.01321  -0.0537   0.2009   0.0307
   0.500   0.4196   0.02396   0.01408  -0.0518   0.1921   0.0365
   1.000   0.4722   0.02037   0.01031  -0.0519   0.1863   0.0451
   1.500   0.5259   0.01984   0.00938  -0.0510   0.1814   0.0611
   2.000   0.5787   0.01794   0.00753  -0.0506   0.1780   0.1098
   2.500   0.6322   0.01762   0.00719  -0.0495   0.1753   0.1117
   3.000   0.6864   0.01849   0.00779  -0.0481   0.1730   0.0694
   3.500   0.7396   0.01873   0.00783  -0.0477   0.1712   0.0767
   4.000   0.7926   0.01934   0.00860  -0.0475   0.1695   0.3553
   4.500   0.8425   0.01930   0.00974  -0.0463   0.1685   1.0000
   5.000   0.8952   0.02051   0.01095  -0.0460   0.1677   1.0000
   5.500   0.9472   0.02176   0.01230  -0.0456   0.1660   1.0000
   6.000   0.9984   0.02328   0.01407  -0.0452   0.1646   1.0000
   6.500   1.0487   0.02516   0.01621  -0.0448   0.1639   1.0000
   7.000   1.0974   0.02741   0.01888  -0.0442   0.1635   1.0000
   7.500   1.1438   0.03015   0.02206  -0.0435   0.1635   1.0000
   8.000   1.1867   0.03357   0.02603  -0.0426   0.1642   1.0000
   8.500   1.2251   0.03763   0.03077  -0.0415   0.1645   1.0000
   9.500   1.3190   0.02751   0.01946  -0.0383   0.0118   1.0000
  10.000   1.3406   0.03234   0.02516  -0.0351   0.0083   1.0000
  -2.000   0.1605   0.02961   0.02501  -0.0608   0.9036   0.0160
  -1.500   0.2186   0.02557   0.02041  -0.0606   0.8064   0.0207
  -1.000   0.2655   0.02822   0.02106  -0.0543   0.4876   0.0245
  -0.500   0.3095   0.02492   0.01613  -0.0538   0.2197   0.0261
   0.000   0.3627   0.02244   0.01321  -0.0537   0.2009   0.0307
   0.500   0.4196   0.02396   0.01408  -0.0518   0.1921   0.0365
   1.000   0.4722   0.02037   0.01031  -0.0519   0.1863   0.0451
   1.500   0.5259   0.01984   0.00938  -0.0510   0.1814   0.0611
   2.000   0.5787   0.01794   0.00753  -0.0506   0.1780   0.1098
   2.500   0.6322   0.01762   0.00719  -0.0495   0.1753   0.1117
   3.000   0.6864   0.01849   0.00779  -0.0481   0.1730   0.0694
   3.500   0.7396   0.01873   0.00783  -0.0477   0.1712   0.0767
   4.000   0.7926   0.01934   0.00860  -0.0475   0.1695   0.3553
   4.500   0.8425   0.01930   0.00974  -0.0463   0.1685   1.0000
   5.000   0.8952   0.02051   0.01095  -0.0460   0.1677   1.0000
   5.500   0.9472   0.02176   0.01230  -0.0456   0.1660   1.0000
   6.000   0.9984   0.02328   0.01407  -0.0452   0.1646   1.0000
   6.500   1.0487   0.02516   0.01621  -0.0448   0.1639   1.0000
   7.000   1.0974   0.02741   0.01888  -0.0442   0.1635   1.0000
   7.500   1.1438   0.03015   0.02206  -0.0435   0.1635   1.0000
   8.000   1.1867   0.03357   0.02603  -0.0426   0.1642   1.0000
   8.500   1.2251   0.03763   0.03077  -0.0415   0.1645   1.0000
   9.500   1.3190   0.02751   0.01946  -0.0383   0.0118   1.0000
  10.000   1.3406   0.03234   0.02516  -0.0351   0.0083   1.0000
