  
       XFOIL         Version 6.99
  
 Calculated polar for: NACA 9832                                       
  
 1 1 Reynolds number fixed          Mach number fixed         
  
 xtrf =   1.000 (top)        1.000 (bottom)  
 Mach =   0.050     Re =     0.200 e 6     Ncrit =   9.000
  
   alpha    CL        CD       CDp       CM     Top_Xtr  Bot_Xtr
  ------ -------- --------- --------- -------- -------- --------
  -2.000   0.3380   0.03465   0.02747  -0.2102   0.7351   0.3146
  -1.000   0.4974   0.03345   0.02625  -0.2208   0.7145   0.3399
   0.000   0.6500   0.03280   0.02556  -0.2302   0.6915   0.3666
   0.500   0.7123   0.03319   0.02593  -0.2324   0.6781   0.3799
   1.000   0.7883   0.03287   0.02556  -0.2370   0.6667   0.3940
   1.500   0.8449   0.03350   0.02619  -0.2381   0.6533   0.4078
   2.000   0.9125   0.03354   0.02618  -0.2412   0.6413   0.4221
   2.500   0.9633   0.03434   0.02701  -0.2412   0.6283   0.4359
   3.000   1.0236   0.03474   0.02735  -0.2431   0.6161   0.4506
   3.500   1.0736   0.03549   0.02814  -0.2428   0.6042   0.4645
   4.000   1.1244   0.03640   0.02900  -0.2433   0.5915   0.4795
   4.500   1.1783   0.03683   0.02946  -0.2434   0.5809   0.4935
   5.000   1.2138   0.03855   0.03116  -0.2414   0.5677   0.5077
   5.500   1.2822   0.03816   0.03074  -0.2438   0.5584   0.5231
   6.000   1.2881   0.04088   0.03364  -0.2366   0.5453   0.5359
   6.500   1.3580   0.04062   0.03324  -0.2396   0.5360   0.5514
   7.000   1.3572   0.04350   0.03637  -0.2312   0.5240   0.5621
   7.500   1.4163   0.04422   0.03694  -0.2331   0.5140   0.5788
   8.000   1.4304   0.04610   0.03900  -0.2268   0.5039   0.5890
   8.500   1.4499   0.04802   0.04099  -0.2218   0.4932   0.6013
   9.000   1.5165   0.04819   0.04101  -0.2247   0.4844   0.6173
   9.500   1.4919   0.05228   0.04540  -0.2132   0.4732   0.6239
  10.000   1.5403   0.05237   0.04538  -0.2123   0.4649   0.6365
