  
       XFOIL         Version 6.99
  
 Calculated polar for: NACA 8120                                       
  
 1 1 Reynolds number fixed          Mach number fixed         
  
 xtrf =   1.000 (top)        1.000 (bottom)  
 Mach =   0.050     Re =     0.200 e 6     Ncrit =   9.000
  
   alpha    CL        CD       CDp       CM     Top_Xtr  Bot_Xtr
  ------ -------- --------- --------- -------- -------- --------
  -2.000   0.4903   0.03797   0.03067  -0.0814   0.3199   0.0222
  -1.500   0.4864   0.03932   0.03108  -0.0703   0.2148   0.0228
  -0.500   0.5228   0.03599   0.02716  -0.0591   0.1839   0.0247
   0.500   0.5840   0.03486   0.02548  -0.0514   0.1747   0.0270
   1.000   0.6219   0.03457   0.02495  -0.0489   0.1717   0.0286
   1.500   0.6611   0.03497   0.02507  -0.0463   0.1692   0.0296
   2.000   0.7005   0.03443   0.02432  -0.0447   0.1671   0.0313
   3.000   0.7898   0.03518   0.02453  -0.0419   0.1639   0.0361
   3.500   0.8352   0.03514   0.02439  -0.0408   0.1629   0.0390
   4.000   0.8798   0.03553   0.02469  -0.0397   0.1617   0.0434
   4.500   0.9246   0.03594   0.02506  -0.0387   0.1606   0.0502
   5.000   0.9696   0.03676   0.02580  -0.0378   0.1598   0.0630
