  
       XFOIL         Version 6.99
  
 Calculated polar for: NACA 7224                                       
  
 1 1 Reynolds number fixed          Mach number fixed         
  
 xtrf =   1.000 (top)        1.000 (bottom)  
 Mach =   0.050     Re =     0.200 e 6     Ncrit =   9.000
  
   alpha    CL        CD       CDp       CM     Top_Xtr  Bot_Xtr
  ------ -------- --------- --------- -------- -------- --------
  -2.000   0.4124   0.02540   0.01614  -0.0911   0.4769   0.0892
  -1.500   0.4335   0.02457   0.01514  -0.0848   0.4454   0.0919
  -1.000   0.4541   0.02421   0.01448  -0.0784   0.4132   0.0949
  -0.500   0.4796   0.02410   0.01391  -0.0729   0.3848   0.0976
   0.000   0.5117   0.02418   0.01382  -0.0694   0.3634   0.1022
   0.500   0.5508   0.02434   0.01373  -0.0667   0.3481   0.1071
   1.000   0.5923   0.02443   0.01382  -0.0648   0.3370   0.1139
   1.500   0.6363   0.02462   0.01387  -0.0634   0.3287   0.1211
   2.000   0.6827   0.02481   0.01407  -0.0623   0.3226   0.1307
   2.500   0.7282   0.02504   0.01434  -0.0613   0.3173   0.1428
   3.000   0.7775   0.02538   0.01457  -0.0610   0.3129   0.1601
   3.500   0.8343   0.02549   0.01483  -0.0620   0.3090   0.2524
   4.000   0.8944   0.02483   0.01630  -0.0629   0.3058   1.0000
   4.500   0.9334   0.02569   0.01700  -0.0610   0.3025   1.0000
   5.000   0.9765   0.02661   0.01775  -0.0599   0.2996   1.0000
   5.500   1.0246   0.02758   0.01854  -0.0597   0.2972   1.0000
   6.000   1.0814   0.02866   0.01942  -0.0609   0.2948   1.0000
   6.500   1.1347   0.03004   0.02070  -0.0617   0.2928   1.0000
   7.000   1.1684   0.03141   0.02212  -0.0597   0.2914   1.0000
   7.500   1.2018   0.03294   0.02372  -0.0579   0.2899   1.0000
   8.000   1.2312   0.03465   0.02550  -0.0558   0.2880   1.0000
   8.500   1.2584   0.03651   0.02743  -0.0537   0.2861   1.0000
   9.000   1.2855   0.03856   0.02955  -0.0517   0.2845   1.0000
   9.500   1.3106   0.04081   0.03188  -0.0498   0.2831   1.0000
  10.000   1.3340   0.04327   0.03442  -0.0480   0.2817   1.0000
