  
       XFOIL         Version 6.99
  
 Calculated polar for: NACA 8426                                       
  
 1 1 Reynolds number fixed          Mach number fixed         
  
 xtrf =   1.000 (top)        1.000 (bottom)  
 Mach =   0.050     Re =     0.200 e 6     Ncrit =   9.000
  
   alpha    CL        CD       CDp       CM     Top_Xtr  Bot_Xtr
  ------ -------- --------- --------- -------- -------- --------
  -2.000   0.5819   0.02184   0.01251  -0.1678   0.5859   0.2009
  -1.500   0.6143   0.02202   0.01269  -0.1638   0.5768   0.2121
  -1.000   0.6723   0.02194   0.01259  -0.1647   0.5697   0.2271
  -0.500   0.7175   0.02214   0.01284  -0.1633   0.5627   0.2422
   0.000   0.7541   0.02231   0.01303  -0.1602   0.5552   0.2585
   0.500   0.8187   0.02244   0.01308  -0.1623   0.5493   0.2807
   1.000   0.8581   0.02295   0.01367  -0.1600   0.5434   0.3021
   1.500   0.8898   0.02337   0.01424  -0.1563   0.5368   0.3267
   2.000   0.9479   0.02344   0.01441  -0.1575   0.5313   0.3637
   2.500   1.0103   0.02372   0.01492  -0.1597   0.5264   0.4282
   3.000   1.0207   0.02433   0.01642  -0.1526   0.5203   0.6146
   3.500   1.0568   0.02435   0.01720  -0.1486   0.5148   1.0000
   4.000   1.1260   0.02483   0.01735  -0.1517   0.5103   1.0000
   4.500   1.1529   0.02622   0.01871  -0.1480   0.5051   1.0000
   5.000   1.1552   0.02809   0.02066  -0.1407   0.4987   1.0000
   5.500   1.2023   0.02896   0.02140  -0.1404   0.4940   1.0000
   6.000   1.2859   0.02912   0.02128  -0.1457   0.4899   1.0000
   6.500   1.2395   0.03301   0.02549  -0.1322   0.4829   1.0000
   7.000   1.2405   0.03585   0.02841  -0.1263   0.4767   1.0000
   7.500   1.3149   0.03558   0.02794  -0.1296   0.4730   1.0000
   8.000   1.1008   0.05306   0.04615  -0.1040   0.4556   1.0000
   8.500   1.1966   0.05001   0.04288  -0.1078   0.4547   1.0000
   9.000   1.2999   0.04702   0.03965  -0.1129   0.4534   1.0000
