  
       XFOIL         Version 6.99
  
 Calculated polar for: NACA 5338                                       
  
 1 1 Reynolds number fixed          Mach number fixed         
  
 xtrf =   1.000 (top)        1.000 (bottom)  
 Mach =   0.050     Re =     0.200 e 6     Ncrit =   9.000
  
   alpha    CL        CD       CDp       CM     Top_Xtr  Bot_Xtr
  ------ -------- --------- --------- -------- -------- --------
  -2.000   0.0411   0.02417   0.01531  -0.0400   0.4827   0.3903
  -1.500   0.0671   0.02404   0.01529  -0.0354   0.4751   0.4414
  -1.000   0.0902   0.02442   0.01581  -0.0305   0.4676   0.4809
  -0.500   0.1146   0.02489   0.01638  -0.0259   0.4602   0.5115
   0.000   0.1675   0.02519   0.01659  -0.0260   0.4542   0.5392
   0.500   0.1966   0.02600   0.01744  -0.0226   0.4484   0.5610
   1.000   0.2217   0.02685   0.01839  -0.0187   0.4424   0.5806
   1.500   0.2696   0.02727   0.01881  -0.0183   0.4372   0.5998
   2.000   0.3361   0.02779   0.01914  -0.0209   0.4326   0.6197
   2.500   0.3370   0.02931   0.02098  -0.0141   0.4281   0.6354
   3.000   0.3564   0.03061   0.02234  -0.0104   0.4232   0.6529
   3.500   0.4025   0.03126   0.02304  -0.0100   0.4190   0.6728
   4.000   0.4735   0.03154   0.02321  -0.0132   0.4155   0.6926
   4.500   0.4618   0.03422   0.02615  -0.0061   0.4115   0.7115
   5.000   0.4165   0.03858   0.03094   0.0037   0.4058   0.7291
   5.500   0.4244   0.04130   0.03376   0.0071   0.4014   0.7515
   6.000   0.4892   0.04125   0.03371   0.0055   0.3988   0.7801
   6.500  -0.1558   0.11231   0.10624   0.0365   0.3631   0.7380
   8.000  -0.2146   0.13345   0.12799   0.0396   0.3535   0.8092
   8.500  -0.1739   0.13554   0.13025   0.0405   0.3501   0.8541
   9.000  -0.1250   0.13837   0.13319   0.0416   0.3486   0.9055
   9.500  -0.0478   0.14379   0.13861   0.0376   0.3477   0.9485
  10.000  -0.0711   0.14897   0.14388   0.0341   0.3347   0.9700
