  
       XFOIL         Version 6.99
  
 Calculated polar for: NACA 8116                                       
  
 1 1 Reynolds number fixed          Mach number fixed         
  
 xtrf =   1.000 (top)        1.000 (bottom)  
 Mach =   0.050     Re =     0.200 e 6     Ncrit =   9.000
  
   alpha    CL        CD       CDp       CM     Top_Xtr  Bot_Xtr
  ------ -------- --------- --------- -------- -------- --------
  -2.000   0.4696   0.04231   0.03451  -0.0827   0.1749   0.0150
  -1.500   0.5067   0.04039   0.03230  -0.0801   0.1717   0.0158
  -1.000   0.5499   0.03926   0.03090  -0.0773   0.1696   0.0166
  -0.500   0.5906   0.03727   0.02864  -0.0750   0.1676   0.0170
   0.000   0.6322   0.03551   0.02661  -0.0730   0.1658   0.0183
   0.500   0.6769   0.03473   0.02551  -0.0706   0.1643   0.0199
   1.000   0.7225   0.03374   0.02423  -0.0690   0.1630   0.0218
   1.500   0.7718   0.03372   0.02387  -0.0673   0.1615   0.0228
   2.000   0.8254   0.03299   0.02285  -0.0675   0.1599   0.0247
   3.000   0.9439   0.03421   0.02355  -0.0687   0.1578   0.0295
   3.500   0.9954   0.03409   0.02335  -0.0684   0.1575   0.0324
   4.000   1.0460   0.03460   0.02380  -0.0679   0.1572   0.0365
   4.500   1.0950   0.03573   0.02486  -0.0669   0.1569   0.0430
   5.000   1.1426   0.03619   0.02543  -0.0664   0.1567   0.0566
   5.500   1.1873   0.03725   0.02660  -0.0654   0.1565   0.0795
