  
       XFOIL         Version 6.99
  
 Calculated polar for: NACA 7418                                       
  
 1 1 Reynolds number fixed          Mach number fixed         
  
 xtrf =   1.000 (top)        1.000 (bottom)  
 Mach =   0.050     Re =     0.200 e 6     Ncrit =   9.000
  
   alpha    CL        CD       CDp       CM     Top_Xtr  Bot_Xtr
  ------ -------- --------- --------- -------- -------- --------
  -2.000   0.5586   0.01693   0.00834  -0.1681   0.6718   0.1716
  -1.500   0.6125   0.01673   0.00808  -0.1677   0.6561   0.1918
  -1.000   0.6690   0.01663   0.00787  -0.1679   0.6422   0.2168
  -0.500   0.7196   0.01655   0.00782  -0.1669   0.6278   0.2453
   0.000   0.7717   0.01659   0.00790  -0.1664   0.6147   0.2807
   0.500   0.8291   0.01659   0.00791  -0.1669   0.6042   0.3282
   1.000   0.8771   0.01645   0.00812  -0.1658   0.5926   0.4027
   2.500   1.0380   0.01652   0.00907  -0.1644   0.5654   1.0000
   3.000   1.0852   0.01708   0.00958  -0.1631   0.5566   1.0000
   3.500   1.1442   0.01764   0.00989  -0.1640   0.5490   1.0000
   4.000   1.1881   0.01833   0.01062  -0.1622   0.5411   1.0000
   4.500   1.2410   0.01889   0.01107  -0.1621   0.5335   1.0000
   5.000   1.2929   0.01966   0.01177  -0.1619   0.5265   1.0000
   5.500   1.3357   0.02038   0.01254  -0.1600   0.5187   1.0000
   6.000   1.3950   0.02100   0.01302  -0.1611   0.5120   1.0000
   6.500   1.4315   0.02196   0.01411  -0.1582   0.5047   1.0000
   7.000   1.4776   0.02266   0.01483  -0.1570   0.4973   1.0000
   7.500   1.5351   0.02350   0.01558  -0.1580   0.4908   1.0000
   8.000   1.5585   0.02455   0.01684  -0.1530   0.4830   1.0000
   8.500   1.6134   0.02517   0.01741  -0.1534   0.4761   1.0000
   9.000   1.6422   0.02639   0.01877  -0.1495   0.4689   1.0000
   9.500   1.6688   0.02738   0.01988  -0.1452   0.4611   1.0000
  10.000   1.7340   0.02805   0.02048  -0.1476   0.4544   1.0000
