  
       XFOIL         Version 6.99
  
 Calculated polar for: NACA 5440                                       
  
 1 1 Reynolds number fixed          Mach number fixed         
  
 xtrf =   1.000 (top)        1.000 (bottom)  
 Mach =   0.050     Re =     0.200 e 6     Ncrit =   9.000
  
   alpha    CL        CD       CDp       CM     Top_Xtr  Bot_Xtr
  ------ -------- --------- --------- -------- -------- --------
  -2.000   0.0426   0.02880   0.01959  -0.0561   0.5343   0.3449
  -1.500   0.0490   0.02932   0.02006  -0.0489   0.5275   0.3534
  -1.000   0.1098   0.02888   0.01967  -0.0506   0.5223   0.3660
  -0.500   0.1466   0.02938   0.02007  -0.0486   0.5169   0.3779
   0.000   0.1070   0.03113   0.02213  -0.0354   0.5091   0.3858
   0.500   0.1498   0.03131   0.02230  -0.0344   0.5038   0.4003
   1.000   0.2360   0.03055   0.02153  -0.0398   0.4998   0.4196
   1.500   0.1143   0.03630   0.02766  -0.0177   0.4886   0.4226
   2.000   0.1515   0.03691   0.02835  -0.0166   0.4835   0.4408
   2.500   0.2474   0.03529   0.02671  -0.0223   0.4809   0.4682
   4.000  -0.3301   0.09402   0.08625   0.0271   0.3988   0.4422
   4.500  -0.2885   0.09551   0.08786   0.0266   0.3946   0.4660
   5.000  -0.2291   0.09533   0.08786   0.0254   0.3925   0.4980
   5.500  -0.1653   0.09476   0.08746   0.0241   0.3912   0.5367
   6.000  -0.2176   0.10558   0.09844   0.0268   0.3778   0.5507
   6.500  -0.1513   0.10476   0.09785   0.0256   0.3762   0.5947
   7.500  -0.1386   0.11511   0.10855   0.0266   0.3620   0.6538
   8.500  -0.1574   0.13081   0.12474   0.0275   0.3622   0.7083
   9.000  -0.1198   0.13123   0.12533   0.0277   0.3483   0.7507
   9.500  -0.0996   0.13576   0.13009   0.0279   0.3477   0.7930
  10.000  -0.0667   0.13917   0.13378   0.0289   0.3470   0.8471
