  
       XFOIL         Version 6.99
  
 Calculated polar for: NACA 4816                                       
  
 1 1 Reynolds number fixed          Mach number fixed         
  
 xtrf =   1.000 (top)        1.000 (bottom)  
 Mach =   0.050     Re =     0.200 e 6     Ncrit =   9.000
  
   alpha    CL        CD       CDp       CM     Top_Xtr  Bot_Xtr
  ------ -------- --------- --------- -------- -------- --------
  -2.000   0.1296   0.02480   0.01823  -0.1293   0.9349   0.4430
  -1.500   0.2055   0.02441   0.01798  -0.1331   0.9223   0.4843
  -1.000   0.2801   0.02387   0.01760  -0.1364   0.9097   0.5245
  -0.500   0.3529   0.02317   0.01704  -0.1392   0.8968   0.5637
   0.000   0.4228   0.02230   0.01633  -0.1411   0.8828   0.6006
   0.500   0.4887   0.02129   0.01551  -0.1419   0.8670   0.6340
   1.000   0.5542   0.02021   0.01455  -0.1425   0.8500   0.6670
   1.500   0.6035   0.01934   0.01385  -0.1397   0.8220   0.6934
   2.000   0.6708   0.01800   0.01260  -0.1399   0.8008   0.7196
   2.500   0.7631   0.01615   0.01072  -0.1448   0.7772   0.7448
   3.000   0.8752   0.01483   0.00915  -0.1543   0.7346   0.7677
   3.500   0.9427   0.01512   0.00917  -0.1556   0.6821   0.7867
   4.000   0.9895   0.01571   0.00955  -0.1531   0.6350   0.8051
   4.500   1.0289   0.01630   0.00998  -0.1492   0.5918   0.8234
   5.000   1.0644   0.01687   0.01042  -0.1447   0.5504   0.8420
   5.500   1.0990   0.01745   0.01088  -0.1402   0.5104   0.8611
   6.000   1.1334   0.01806   0.01138  -0.1358   0.4711   0.8805
   6.500   1.1651   0.01867   0.01189  -0.1311   0.4329   0.8998
   7.000   1.1941   0.01930   0.01244  -0.1259   0.3955   0.9207
   7.500   1.2205   0.01999   0.01303  -0.1204   0.3590   0.9455
   8.000   1.2483   0.02080   0.01377  -0.1156   0.3221   1.0000
   8.500   1.2871   0.02230   0.01514  -0.1136   0.2824   1.0000
   9.000   1.3221   0.02399   0.01670  -0.1110   0.2452   1.0000
   9.500   1.3534   0.02589   0.01846  -0.1079   0.2117   1.0000
  10.000   1.3803   0.02807   0.02049  -0.1043   0.1832   1.0000
