  
       XFOIL         Version 6.99
  
 Calculated polar for: NACA 7608                                       
  
 1 1 Reynolds number fixed          Mach number fixed         
  
 xtrf =   1.000 (top)        1.000 (bottom)  
 Mach =   0.050     Re =     0.200 e 6     Ncrit =   9.000
  
   alpha    CL        CD       CDp       CM     Top_Xtr  Bot_Xtr
  ------ -------- --------- --------- -------- -------- --------
  -2.000   0.4477   0.02880   0.02152  -0.2029   0.9085   0.1023
  -1.500   0.5306   0.02838   0.02124  -0.2089   0.9060   0.1818
  -1.000   0.5725   0.02882   0.02192  -0.2074   0.8969   0.2658
  -0.500   0.6454   0.02882   0.02218  -0.2112   0.8932   0.3809
   0.000   0.6890   0.02946   0.02306  -0.2096   0.8840   0.4730
   0.500   0.7590   0.02950   0.02332  -0.2124   0.8796   0.5784
   1.000   0.8026   0.03012   0.02410  -0.2104   0.8693   0.6561
   1.500   0.8751   0.02964   0.02389  -0.2134   0.8655   0.7582
   2.000   0.9146   0.02973   0.02423  -0.2103   0.8538   1.0000
   2.500   0.9940   0.02928   0.02376  -0.2145   0.8506   1.0000
   3.000   1.0423   0.02954   0.02406  -0.2132   0.8384   1.0000
   3.500   1.0942   0.02960   0.02421  -0.2123   0.8265   1.0000
   4.000   1.1743   0.02834   0.02314  -0.2158   0.8226   1.0000
   5.000   1.3712   0.01728   0.01254  -0.2221   0.7833   1.0000
   5.500   1.4065   0.01614   0.01151  -0.2158   0.7278   1.0000
   6.000   1.4157   0.01749   0.01113  -0.2043   0.4545   1.0000
   6.500   1.3706   0.02305   0.01503  -0.1872   0.1964   1.0000
   7.000   1.3591   0.02791   0.01894  -0.1767   0.0633   1.0000
   7.500   1.3693   0.03132   0.02238  -0.1695   0.0478   1.0000
   8.000   1.3879   0.03424   0.02544  -0.1638   0.0397   1.0000
   8.500   1.4094   0.03793   0.02920  -0.1582   0.0349   1.0000
   9.000   1.4467   0.04050   0.03198  -0.1549   0.0301   1.0000
   9.500   1.5596   0.04731   0.03910  -0.1619   0.0263   1.0000
  10.000   1.5840   0.05145   0.04394  -0.1564   0.0249   1.0000
