  
       XFOIL         Version 6.99
  
 Calculated polar for: NACA 9134                                       
  
 1 1 Reynolds number fixed          Mach number fixed         
  
 xtrf =   1.000 (top)        1.000 (bottom)  
 Mach =   0.050     Re =     0.200 e 6     Ncrit =   9.000
  
   alpha    CL        CD       CDp       CM     Top_Xtr  Bot_Xtr
  ------ -------- --------- --------- -------- -------- --------
  -2.000   0.4128   0.03803   0.02919  -0.0453   0.4656   0.0474
  -1.500   0.4287   0.03913   0.02996  -0.0387   0.4545   0.0491
  -1.000   0.4687   0.03656   0.02731  -0.0374   0.4434   0.0508
  -0.500   0.4798   0.03775   0.02832  -0.0310   0.4317   0.0533
   0.000   0.5142   0.03614   0.02662  -0.0289   0.4201   0.0553
   0.500   0.5273   0.03701   0.02738  -0.0237   0.4082   0.0586
   1.000   0.5559   0.03690   0.02719  -0.0210   0.3978   0.0624
   1.500   0.5804   0.03676   0.02706  -0.0182   0.3872   0.0652
   2.000   0.6012   0.03748   0.02777  -0.0150   0.3767   0.0693
   2.500   0.6296   0.03781   0.02801  -0.0130   0.3662   0.0755
   3.000   0.6405   0.03929   0.02960  -0.0096   0.3550   0.0840
   3.500   0.6641   0.03962   0.03002  -0.0078   0.3444   0.1014
   4.000   0.6771   0.04130   0.03180  -0.0052   0.3327   0.1117
   4.500   0.6880   0.04333   0.03404  -0.0030   0.3206   0.1194
   5.000   0.6993   0.04598   0.03668  -0.0013   0.3078   0.1259
   5.500   0.7063   0.04945   0.04007   0.0003   0.2934   0.1309
   6.000   0.7067   0.05388   0.04443   0.0019   0.2766   0.1372
   6.500   0.6963   0.05968   0.05015   0.0035   0.2556   0.1403
   7.000   0.6764   0.06669   0.05704   0.0052   0.2313   0.1396
   8.000   0.6540   0.07970   0.06965   0.0072   0.1971   0.1265
   8.500   0.6634   0.08436   0.07423   0.0073   0.1889   0.1171
   9.000   0.6838   0.08778   0.07754   0.0070   0.1837   0.1083
   9.500   0.7041   0.09132   0.08104   0.0065   0.1795   0.1024
  10.000   0.7335   0.09368   0.08320   0.0057   0.1763   0.1012
