  
       XFOIL         Version 6.99
  
 Calculated polar for: NACA 7606                                       
  
 1 1 Reynolds number fixed          Mach number fixed         
  
 xtrf =   1.000 (top)        1.000 (bottom)  
 Mach =   0.050     Re =     0.200 e 6     Ncrit =   9.000
  
   alpha    CL        CD       CDp       CM     Top_Xtr  Bot_Xtr
  ------ -------- --------- --------- -------- -------- --------
  -2.000   0.4448   0.02807   0.02092  -0.2023   0.9262   0.0538
  -1.500   0.5201   0.02725   0.02002  -0.2071   0.9237   0.0938
  -1.000   0.5925   0.02703   0.02018  -0.2117   0.9216   0.2420
  -0.500   0.6672   0.02715   0.02068  -0.2162   0.9189   0.4120
   0.000   0.7090   0.02764   0.02145  -0.2142   0.9094   0.5361
   0.500   0.7819   0.02781   0.02182  -0.2177   0.9064   0.6626
   1.000   0.8168   0.02813   0.02252  -0.2141   0.8965   0.8047
   2.000   0.9291   0.02893   0.02332  -0.2151   0.8818   1.0000
   2.500   0.9760   0.02961   0.02409  -0.2138   0.8712   1.0000
   3.000   1.0478   0.02951   0.02411  -0.2168   0.8661   1.0000
   3.500   1.1017   0.02966   0.02446  -0.2164   0.8553   1.0000
   4.500   1.2698   0.01677   0.00938  -0.2096   0.3458   1.0000
   5.000   1.2405   0.02250   0.01327  -0.1946   0.0515   1.0000
   5.500   1.2600   0.02522   0.01613  -0.1878   0.0355   1.0000
   6.000   1.2775   0.02909   0.02007  -0.1807   0.0299   1.0000
   6.500   1.3275   0.03197   0.02313  -0.1786   0.0251   1.0000
