  
       XFOIL         Version 6.99
  
 Calculated polar for: NACA 7410                                       
  
 1 1 Reynolds number fixed          Mach number fixed         
  
 xtrf =   1.000 (top)        1.000 (bottom)  
 Mach =   0.050     Re =     0.200 e 6     Ncrit =   9.000
  
   alpha    CL        CD       CDp       CM     Top_Xtr  Bot_Xtr
  ------ -------- --------- --------- -------- -------- --------
  -2.000   0.5721   0.01573   0.00819  -0.1787   0.8060   0.0805
  -1.500   0.6289   0.01454   0.00682  -0.1786   0.7868   0.0989
  -1.000   0.6859   0.01393   0.00605  -0.1784   0.7674   0.1264
  -0.500   0.7413   0.01340   0.00555  -0.1782   0.7466   0.1666
   0.000   0.7958   0.01310   0.00529  -0.1779   0.7244   0.2244
   0.500   0.8513   0.01285   0.00514  -0.1778   0.7041   0.3149
   1.000   0.8977   0.01162   0.00515  -0.1757   0.6827   1.0000
   1.500   0.9519   0.01199   0.00519  -0.1753   0.6635   1.0000
   2.000   1.0060   0.01242   0.00535  -0.1749   0.6459   1.0000
   2.500   1.0598   0.01288   0.00562  -0.1747   0.6301   1.0000
   3.000   1.1130   0.01338   0.00599  -0.1743   0.6155   1.0000
   3.500   1.1658   0.01390   0.00645  -0.1740   0.6020   1.0000
   4.000   1.2185   0.01447   0.00699  -0.1737   0.5898   1.0000
   4.500   1.2715   0.01507   0.00758  -0.1734   0.5787   1.0000
   5.000   1.3255   0.01568   0.00815  -0.1734   0.5683   1.0000
   5.500   1.3754   0.01632   0.00894  -0.1727   0.5574   1.0000
   6.000   1.4267   0.01702   0.00974  -0.1722   0.5474   1.0000
   6.500   1.4805   0.01772   0.01048  -0.1722   0.5377   1.0000
   7.000   1.5274   0.01846   0.01147  -0.1710   0.5268   1.0000
   7.500   1.5735   0.01898   0.01212  -0.1693   0.5110   1.0000
   8.000   1.6104   0.01921   0.01242  -0.1657   0.4860   1.0000
   8.500   1.6427   0.01953   0.01281  -0.1613   0.4595   1.0000
   9.000   1.6683   0.02010   0.01359  -0.1559   0.4335   1.0000
   9.500   1.6832   0.02090   0.01457  -0.1486   0.4026   1.0000
  10.000   1.6836   0.02244   0.01615  -0.1396   0.3498   1.0000
