  
       XFOIL         Version 6.99
  
 Calculated polar for: NACA 4610                                       
  
 1 1 Reynolds number fixed          Mach number fixed         
  
 xtrf =   1.000 (top)        1.000 (bottom)  
 Mach =   0.050     Re =     0.200 e 6     Ncrit =   9.000
  
   alpha    CL        CD       CDp       CM     Top_Xtr  Bot_Xtr
  ------ -------- --------- --------- -------- -------- --------
  -2.000   0.1879   0.01776   0.01106  -0.1241   0.9416   0.3859
  -1.500   0.2520   0.01762   0.01119  -0.1261   0.9330   0.4799
  -1.000   0.3157   0.01760   0.01140  -0.1277   0.9244   0.5692
  -0.500   0.3860   0.01739   0.01140  -0.1303   0.9169   0.6503
   0.000   0.4436   0.01719   0.01145  -0.1303   0.9060   0.7259
   0.500   0.5130   0.01625   0.01097  -0.1317   0.9006   0.8627
   1.000   0.5742   0.01597   0.01068  -0.1324   0.8879   1.0000
   1.500   0.6403   0.01570   0.01036  -0.1341   0.8761   1.0000
   2.000   0.7249   0.01472   0.00939  -0.1386   0.8709   1.0000
   2.500   0.7893   0.01406   0.00878  -0.1392   0.8571   1.0000
   3.000   0.8561   0.01318   0.00796  -0.1399   0.8420   1.0000
   3.500   0.9140   0.01240   0.00728  -0.1387   0.8176   1.0000
   4.000   0.9746   0.01152   0.00643  -0.1378   0.7825   1.0000
   4.500   1.0261   0.01125   0.00611  -0.1355   0.7261   1.0000
   5.000   1.0744   0.01152   0.00604  -0.1327   0.6301   1.0000
   5.500   1.1090   0.01277   0.00665  -0.1279   0.5141   1.0000
   6.000   1.1340   0.01443   0.00770  -0.1220   0.3897   1.0000
   6.500   1.1501   0.01677   0.00916  -0.1151   0.2353   1.0000
   7.000   1.1641   0.01964   0.01118  -0.1083   0.1140   1.0000
   7.500   1.1857   0.02207   0.01336  -0.1026   0.0796   1.0000
   8.000   1.2111   0.02436   0.01566  -0.0977   0.0642   1.0000
   8.500   1.2374   0.02699   0.01829  -0.0931   0.0546   1.0000
   9.000   1.2703   0.02913   0.02057  -0.0896   0.0478   1.0000
   9.500   1.3092   0.03226   0.02384  -0.0871   0.0426   1.0000
  10.000   1.3470   0.03499   0.02671  -0.0846   0.0384   1.0000
  -2.000   0.1879   0.01776   0.01106  -0.1241   0.9416   0.3859
  -1.500   0.2520   0.01762   0.01119  -0.1261   0.9330   0.4799
  -1.000   0.3157   0.01760   0.01140  -0.1277   0.9244   0.5692
  -0.500   0.3860   0.01739   0.01140  -0.1303   0.9169   0.6503
   0.000   0.4436   0.01719   0.01145  -0.1303   0.9060   0.7259
   0.500   0.5130   0.01625   0.01097  -0.1317   0.9006   0.8627
   1.000   0.5742   0.01597   0.01068  -0.1324   0.8879   1.0000
   1.500   0.6403   0.01570   0.01036  -0.1341   0.8761   1.0000
   2.000   0.7249   0.01472   0.00939  -0.1386   0.8709   1.0000
   2.500   0.7893   0.01406   0.00878  -0.1392   0.8571   1.0000
   3.000   0.8561   0.01318   0.00796  -0.1399   0.8420   1.0000
   3.500   0.9140   0.01240   0.00728  -0.1387   0.8176   1.0000
   4.000   0.9746   0.01152   0.00643  -0.1378   0.7825   1.0000
   4.500   1.0261   0.01125   0.00611  -0.1355   0.7261   1.0000
   5.000   1.0744   0.01152   0.00604  -0.1327   0.6301   1.0000
   5.500   1.1090   0.01277   0.00665  -0.1279   0.5141   1.0000
   6.000   1.1340   0.01443   0.00770  -0.1220   0.3897   1.0000
   6.500   1.1501   0.01677   0.00916  -0.1151   0.2353   1.0000
   7.000   1.1641   0.01964   0.01118  -0.1083   0.1140   1.0000
   7.500   1.1857   0.02207   0.01336  -0.1026   0.0796   1.0000
   8.000   1.2111   0.02436   0.01566  -0.0977   0.0642   1.0000
   8.500   1.2374   0.02699   0.01829  -0.0931   0.0546   1.0000
   9.000   1.2703   0.02913   0.02057  -0.0896   0.0478   1.0000
   9.500   1.3092   0.03226   0.02384  -0.0871   0.0426   1.0000
  10.000   1.3470   0.03499   0.02671  -0.0846   0.0384   1.0000
