  
       XFOIL         Version 6.99
  
 Calculated polar for: NACA 2808                                       
  
 1 1 Reynolds number fixed          Mach number fixed         
  
 xtrf =   1.000 (top)        1.000 (bottom)  
 Mach =   0.050     Re =     0.200 e 6     Ncrit =   9.000
  
   alpha    CL        CD       CDp       CM     Top_Xtr  Bot_Xtr
  ------ -------- --------- --------- -------- -------- --------
  -2.000  -0.0231   0.01124   0.00548  -0.0692   1.0000   0.6715
  -1.500   0.0266   0.01136   0.00578  -0.0673   1.0000   0.7486
  -1.000   0.0744   0.01158   0.00607  -0.0652   1.0000   0.8063
  -0.500   0.1205   0.01168   0.00624  -0.0627   1.0000   0.8543
   0.000   0.1622   0.01160   0.00630  -0.0594   1.0000   0.9032
   0.500   0.1943   0.01143   0.00625  -0.0548   1.0000   1.0000
   1.000   0.2558   0.01190   0.00673  -0.0573   1.0000   1.0000
   1.500   0.3367   0.01240   0.00730  -0.0635   0.9906   1.0000
   2.000   0.4411   0.01242   0.00747  -0.0736   0.9691   1.0000
   2.500   0.5361   0.01143   0.00670  -0.0804   0.9346   1.0000
   3.000   0.5957   0.01017   0.00565  -0.0791   0.8623   1.0000
   3.500   0.7147   0.01022   0.00435  -0.0892   0.5413   1.0000
   4.000   0.7492   0.01242   0.00520  -0.0854   0.2714   1.0000
   5.000   0.8333   0.01758   0.00907  -0.0808   0.0583   1.0000
   5.500   0.8815   0.01992   0.01146  -0.0791   0.0469   1.0000
   6.000   0.9325   0.02234   0.01411  -0.0778   0.0397   1.0000
   6.500   0.9833   0.02715   0.01915  -0.0767   0.0357   1.0000
   7.000   1.0282   0.03103   0.02380  -0.0740   0.0327   1.0000
   7.500   1.0616   0.03800   0.03173  -0.0695   0.0328   1.0000
