  
       XFOIL         Version 6.99
  
 Calculated polar for: NACA 9512                                       
  
 1 1 Reynolds number fixed          Mach number fixed         
  
 xtrf =   1.000 (top)        1.000 (bottom)  
 Mach =   0.050     Re =     0.200 e 6     Ncrit =   9.000
  
   alpha    CL        CD       CDp       CM     Top_Xtr  Bot_Xtr
  ------ -------- --------- --------- -------- -------- --------
  -1.500   0.8457   0.02073   0.01316  -0.2510   0.7967   0.1408
  -0.500   0.9655   0.02001   0.01250  -0.2530   0.7822   0.2142
   0.000   1.0449   0.01909   0.01160  -0.2576   0.7789   0.2717
   0.500   1.0837   0.01957   0.01224  -0.2547   0.7672   0.3199
   1.000   1.1618   0.01874   0.01150  -0.2590   0.7633   0.3964
   1.500   1.2003   0.01921   0.01222  -0.2561   0.7515   0.4700
   2.000   1.2572   0.01889   0.01234  -0.2565   0.7437   0.6387
   2.500   1.3079   0.01846   0.01216  -0.2553   0.7350   1.0000
   3.000   1.3547   0.01898   0.01259  -0.2538   0.7249   1.0000
   3.500   1.4227   0.01877   0.01225  -0.2563   0.7179   1.0000
   4.000   1.4622   0.01946   0.01297  -0.2534   0.7064   1.0000
   4.500   1.5229   0.01955   0.01301  -0.2546   0.6981   1.0000
   5.000   1.5721   0.01989   0.01339  -0.2536   0.6876   1.0000
   5.500   1.6116   0.02057   0.01414  -0.2508   0.6760   1.0000
   6.000   1.6700   0.02073   0.01433  -0.2515   0.6666   1.0000
   6.500   1.7189   0.02108   0.01474  -0.2504   0.6554   1.0000
   7.000   1.7514   0.02187   0.01569  -0.2464   0.6426   1.0000
   7.500   1.7889   0.02251   0.01645  -0.2432   0.6303   1.0000
   8.000   1.8340   0.02291   0.01696  -0.2414   0.6179   1.0000
   8.500   1.8515   0.02336   0.01750  -0.2340   0.5977   1.0000
   9.000   1.8653   0.02377   0.01788  -0.2259   0.5716   1.0000
   9.500   1.8670   0.02524   0.01943  -0.2167   0.5462   1.0000
  10.000   1.8769   0.02695   0.02124  -0.2094   0.5232   1.0000
