  
       XFOIL         Version 6.99
  
 Calculated polar for: NACA 9016                                       
  
 1 1 Reynolds number fixed          Mach number fixed         
  
 xtrf =   1.000 (top)        1.000 (bottom)  
 Mach =   0.050     Re =     0.200 e 6     Ncrit =   9.000
  
   alpha    CL        CD       CDp       CM     Top_Xtr  Bot_Xtr
  ------ -------- --------- --------- -------- -------- --------
  -2.000   0.7154   0.01231   0.00606  -0.0744   0.5984   1.0002
  -1.500   0.7536   0.01254   0.00609  -0.0715   0.5693   1.0002
  -1.000   0.7915   0.01284   0.00629  -0.0685   0.5388   1.0002
  -0.500   0.8305   0.01324   0.00652  -0.0655   0.5088   1.0002
   0.000   0.8691   0.01369   0.00684  -0.0625   0.4777   1.0002
   0.500   0.9075   0.01419   0.00724  -0.0595   0.4460   1.0002
   1.000   0.9461   0.01477   0.00770  -0.0567   0.4143   1.0002
   1.500   0.9840   0.01545   0.00824  -0.0539   0.3822   1.0002
   2.000   1.0208   0.01619   0.00887  -0.0510   0.3493   1.0002
   2.500   1.0560   0.01702   0.00961  -0.0481   0.3164   1.0002
   3.000   1.0887   0.01797   0.01047  -0.0449   0.2842   1.0002
   3.500   1.1163   0.01905   0.01145  -0.0409   0.2539   1.0002
   4.000   1.1404   0.02036   0.01264  -0.0368   0.2258   1.0002
   4.500   1.1646   0.02186   0.01406  -0.0331   0.1993   1.0002
   5.000   1.1875   0.02361   0.01576  -0.0297   0.1761   1.0002
   5.500   1.2083   0.02562   0.01772  -0.0265   0.1562   1.0002
   6.000   1.2264   0.02798   0.02001  -0.0235   0.1400   1.0002
   6.500   1.2440   0.03058   0.02256  -0.0208   0.1263   1.0002
   7.000   1.2614   0.03331   0.02533  -0.0187   0.1149   1.0002
   7.500   1.2782   0.03623   0.02835  -0.0169   0.1054   1.0002
   8.000   1.2935   0.03946   0.03167  -0.0153   0.0973   1.0002
   8.500   1.3077   0.04290   0.03516  -0.0140   0.0906   1.0002
   9.000   1.3217   0.04644   0.03872  -0.0130   0.0847   1.0002
   9.500   1.3329   0.05041   0.04290  -0.0122   0.0796   1.0002
  10.000   1.3498   0.05394   0.04637  -0.0117   0.0750   1.0002
  -2.000   0.7154   0.01231   0.00606  -0.0744   0.5984   1.0002
  -1.500   0.7536   0.01254   0.00609  -0.0715   0.5693   1.0002
  -1.000   0.7915   0.01284   0.00629  -0.0685   0.5388   1.0002
  -0.500   0.8305   0.01324   0.00652  -0.0655   0.5088   1.0002
   0.000   0.8691   0.01369   0.00684  -0.0625   0.4777   1.0002
   0.500   0.9075   0.01419   0.00724  -0.0595   0.4460   1.0002
   1.000   0.9461   0.01477   0.00770  -0.0567   0.4143   1.0002
   1.500   0.9840   0.01545   0.00824  -0.0539   0.3822   1.0002
   2.000   1.0208   0.01619   0.00887  -0.0510   0.3493   1.0002
   2.500   1.0560   0.01702   0.00961  -0.0481   0.3164   1.0002
   3.000   1.0887   0.01797   0.01047  -0.0449   0.2842   1.0002
   3.500   1.1163   0.01905   0.01145  -0.0409   0.2539   1.0002
   4.000   1.1404   0.02036   0.01264  -0.0368   0.2258   1.0002
   4.500   1.1646   0.02186   0.01406  -0.0331   0.1993   1.0002
   5.000   1.1875   0.02361   0.01576  -0.0297   0.1761   1.0002
   5.500   1.2083   0.02562   0.01772  -0.0265   0.1562   1.0002
   6.000   1.2264   0.02798   0.02001  -0.0235   0.1400   1.0002
   6.500   1.2440   0.03058   0.02256  -0.0208   0.1263   1.0002
   7.000   1.2614   0.03331   0.02533  -0.0187   0.1149   1.0002
   7.500   1.2782   0.03623   0.02835  -0.0169   0.1054   1.0002
   8.000   1.2935   0.03946   0.03167  -0.0153   0.0973   1.0002
   8.500   1.3077   0.04290   0.03516  -0.0140   0.0906   1.0002
   9.000   1.3217   0.04644   0.03872  -0.0130   0.0847   1.0002
   9.500   1.3329   0.05041   0.04290  -0.0122   0.0796   1.0002
  10.000   1.3498   0.05394   0.04637  -0.0117   0.0750   1.0002
