  
       XFOIL         Version 6.99
  
 Calculated polar for: NACA 6328                                       
  
 1 1 Reynolds number fixed          Mach number fixed         
  
 xtrf =   1.000 (top)        1.000 (bottom)  
 Mach =   0.050     Re =     0.200 e 6     Ncrit =   9.000
  
   alpha    CL        CD       CDp       CM     Top_Xtr  Bot_Xtr
  ------ -------- --------- --------- -------- -------- --------
  -2.000   0.3275   0.02105   0.01124  -0.0958   0.5075   0.2166
  -1.500   0.3576   0.02079   0.01111  -0.0913   0.4947   0.2309
  -1.000   0.4002   0.02068   0.01097  -0.0892   0.4837   0.2498
  -0.500   0.4338   0.02050   0.01088  -0.0854   0.4737   0.2737
   0.000   0.4823   0.02018   0.01082  -0.0848   0.4656   0.3357
   0.500   0.5068   0.01965   0.01137  -0.0795   0.4584   0.5816
   1.000   0.5519   0.01992   0.01182  -0.0774   0.4515   0.6750
   1.500   0.6028   0.02045   0.01243  -0.0765   0.4453   0.7375
   2.000   0.6390   0.02101   0.01321  -0.0728   0.4397   0.7895
   2.500   0.6832   0.02158   0.01384  -0.0705   0.4345   0.8374
   3.000   0.7405   0.02227   0.01443  -0.0704   0.4296   0.8863
   3.500   0.7876   0.02336   0.01559  -0.0691   0.4250   0.9310
   4.000   0.8602   0.02470   0.01692  -0.0733   0.4200   0.9622
   4.500   0.9615   0.02595   0.01802  -0.0832   0.4151   0.9796
   5.000   1.0909   0.02725   0.01899  -0.0980   0.4100   0.9912
   5.500   1.1254   0.02824   0.02008  -0.0970   0.4066   1.0000
   6.000   1.0877   0.02882   0.02075  -0.0824   0.4038   1.0000
   6.500   1.0848   0.02985   0.02181  -0.0739   0.4003   1.0000
   7.000   1.1105   0.03083   0.02273  -0.0702   0.3966   1.0000
   7.500   1.1628   0.03166   0.02340  -0.0708   0.3934   1.0000
   8.000   1.1991   0.03339   0.02511  -0.0694   0.3902   1.0000
   8.500   1.1591   0.03684   0.02887  -0.0583   0.3864   1.0000
   9.000   1.1281   0.04117   0.03344  -0.0501   0.3817   1.0000
   9.500   1.1298   0.04461   0.03697  -0.0462   0.3779   1.0000
  10.000   1.1908   0.04508   0.03730  -0.0479   0.3751   1.0000
