  
       XFOIL         Version 6.99
  
 Calculated polar for: NACA 5712                                       
  
 1 1 Reynolds number fixed          Mach number fixed         
  
 xtrf =   1.000 (top)        1.000 (bottom)  
 Mach =   0.050     Re =     0.200 e 6     Ncrit =   9.000
  
   alpha    CL        CD       CDp       CM     Top_Xtr  Bot_Xtr
  ------ -------- --------- --------- -------- -------- --------
  -2.000   0.1701   0.02651   0.01970  -0.1431   0.9632   0.3333
  -1.500   0.2507   0.02673   0.02010  -0.1483   0.9500   0.4050
  -1.000   0.3238   0.02688   0.02044  -0.1519   0.9374   0.4713
   0.000   0.4795   0.02714   0.02106  -0.1600   0.9188   0.5937
   0.500   0.5431   0.02698   0.02103  -0.1610   0.9054   0.6417
   1.000   0.6066   0.02673   0.02091  -0.1618   0.8921   0.6811
   1.500   0.6715   0.02630   0.02058  -0.1627   0.8791   0.7176
   2.500   0.8100   0.02443   0.01900  -0.1657   0.8559   0.7845
   3.000   0.8855   0.02282   0.01758  -0.1680   0.8462   0.8178
   3.500   0.9494   0.02108   0.01607  -0.1679   0.8313   0.8527
   4.000   0.9922   0.01947   0.01473  -0.1635   0.8064   0.9104
   4.500   1.0415   0.01802   0.01340  -0.1607   0.7725   1.0000
   5.000   1.1289   0.01539   0.01065  -0.1643   0.7139   1.0000
   5.500   1.2333   0.01433   0.00881  -0.1719   0.6073   1.0000
   6.000   1.2630   0.01572   0.00978  -0.1667   0.5280   1.0000
   6.500   1.2853   0.01727   0.01096  -0.1604   0.4519   1.0000
   7.000   1.3046   0.01906   0.01235  -0.1539   0.3721   1.0000
   7.500   1.3224   0.02116   0.01398  -0.1475   0.2845   1.0000
   8.000   1.3390   0.02366   0.01594  -0.1413   0.1953   1.0000
   8.500   1.3567   0.02634   0.01819  -0.1356   0.1321   1.0000
   9.000   1.3761   0.02898   0.02062  -0.1302   0.1009   1.0000
   9.500   1.3951   0.03170   0.02328  -0.1249   0.0836   1.0000
  10.000   1.4151   0.03443   0.02603  -0.1200   0.0722   1.0000
