  
       XFOIL         Version 6.99
  
 Calculated polar for: NACA 9410                                       
  
 1 1 Reynolds number fixed          Mach number fixed         
  
 xtrf =   1.000 (top)        1.000 (bottom)  
 Mach =   0.050     Re =     0.200 e 6     Ncrit =   9.000
  
   alpha    CL        CD       CDp       CM     Top_Xtr  Bot_Xtr
  ------ -------- --------- --------- -------- -------- --------
  -2.000   0.7489   0.02403   0.01814  -0.2156   0.7530   0.0728
  -1.500   0.8287   0.01795   0.01072  -0.2215   0.7361   0.0679
  -1.000   0.8865   0.01646   0.00873  -0.2221   0.7168   0.0795
  -0.500   0.9429   0.01571   0.00760  -0.2222   0.6976   0.0973
   0.000   0.9984   0.01523   0.00695  -0.2222   0.6793   0.1228
   0.500   1.0535   0.01510   0.00666  -0.2222   0.6623   0.1587
   1.000   1.1072   0.01512   0.00664  -0.2221   0.6460   0.2066
   1.500   1.1606   0.01520   0.00677  -0.2220   0.6311   0.2715
   2.000   1.2105   0.01450   0.00712  -0.2214   0.6179   0.7641
   2.500   1.2602   0.01482   0.00730  -0.2203   0.6055   1.0000
   3.000   1.3127   0.01541   0.00772  -0.2200   0.5950   1.0000
   4.000   1.4168   0.01663   0.00877  -0.2195   0.5761   1.0000
   4.500   1.4702   0.01731   0.00938  -0.2196   0.5684   1.0000
   5.000   1.5198   0.01799   0.01012  -0.2190   0.5599   1.0000
   5.500   1.5723   0.01875   0.01089  -0.2190   0.5530   1.0000
   6.000   1.6200   0.01951   0.01179  -0.2181   0.5452   1.0000
   6.500   1.6739   0.02034   0.01265  -0.2185   0.5389   1.0000
   7.000   1.7169   0.02124   0.01382  -0.2168   0.5312   1.0000
   7.500   1.7735   0.02207   0.01470  -0.2177   0.5251   1.0000
   8.000   1.8104   0.02317   0.01617  -0.2150   0.5175   1.0000
   8.500   1.8496   0.02360   0.01675  -0.2123   0.5032   1.0000
   9.000   1.8798   0.02384   0.01709  -0.2076   0.4850   1.0000
   9.500   1.9040   0.02426   0.01766  -0.2020   0.4675   1.0000
  10.000   1.9156   0.02488   0.01839  -0.1942   0.4492   1.0000
