  
       XFOIL         Version 6.99
  
 Calculated polar for: NACA 5410                                       
  
 1 1 Reynolds number fixed          Mach number fixed         
  
 xtrf =   1.000 (top)        1.000 (bottom)  
 Mach =   0.050     Re =     0.200 e 6     Ncrit =   9.000
  
   alpha    CL        CD       CDp       CM     Top_Xtr  Bot_Xtr
  ------ -------- --------- --------- -------- -------- --------
  -2.000   0.3590   0.01363   0.00613  -0.1333   0.8638   0.1370
  -1.500   0.4157   0.01281   0.00543  -0.1330   0.8453   0.1889
  -1.000   0.4725   0.01209   0.00492  -0.1327   0.8257   0.2703
  -0.500   0.5252   0.01104   0.00463  -0.1320   0.8036   0.4945
   0.500   0.6341   0.01008   0.00416  -0.1296   0.7549   1.0000
   1.000   0.6890   0.01029   0.00408  -0.1290   0.7300   1.0000
   1.500   0.7428   0.01057   0.00412  -0.1284   0.7046   1.0000
   2.000   0.7965   0.01091   0.00428  -0.1278   0.6804   1.0000
   2.500   0.8503   0.01130   0.00448  -0.1273   0.6586   1.0000
   3.000   0.9039   0.01174   0.00480  -0.1268   0.6384   1.0000
   3.500   0.9570   0.01219   0.00521  -0.1263   0.6192   1.0000
   4.000   1.0102   0.01268   0.00565  -0.1258   0.6017   1.0000
   4.500   1.0631   0.01320   0.00617  -0.1253   0.5850   1.0000
   5.000   1.1158   0.01373   0.00672  -0.1248   0.5689   1.0000
   5.500   1.1679   0.01429   0.00734  -0.1241   0.5526   1.0000
   6.000   1.2193   0.01485   0.00793  -0.1233   0.5351   1.0000
   6.500   1.2634   0.01515   0.00824  -0.1209   0.5030   1.0000
   7.000   1.3074   0.01557   0.00876  -0.1186   0.4741   1.0000
   7.500   1.3494   0.01608   0.00937  -0.1160   0.4433   1.0000
   8.000   1.3872   0.01664   0.01009  -0.1128   0.4031   1.0000
   8.500   1.4152   0.01763   0.01099  -0.1079   0.3349   1.0000
   9.000   1.4090   0.02057   0.01311  -0.0983   0.1988   1.0000
   9.500   1.3877   0.02516   0.01691  -0.0879   0.0935   1.0000
  10.000   1.3841   0.02907   0.02076  -0.0810   0.0677   1.0000
