  
       XFOIL         Version 6.99
  
 Calculated polar for: NACA 4508                                       
  
 1 1 Reynolds number fixed          Mach number fixed         
  
 xtrf =   1.000 (top)        1.000 (bottom)  
 Mach =   0.050     Re =     0.200 e 6     Ncrit =   9.000
  
   alpha    CL        CD       CDp       CM     Top_Xtr  Bot_Xtr
  ------ -------- --------- --------- -------- -------- --------
  -2.000   0.2268   0.01407   0.00715  -0.1196   0.9432   0.2683
  -1.500   0.2924   0.01339   0.00700  -0.1220   0.9324   0.4342
  -1.000   0.3582   0.01234   0.00687  -0.1238   0.9237   0.7040
  -0.500   0.4273   0.01155   0.00634  -0.1254   0.9157   1.0000
   0.000   0.4898   0.01144   0.00606  -0.1264   0.9030   1.0000
   0.500   0.5511   0.01130   0.00580  -0.1270   0.8899   1.0000
   1.000   0.6110   0.01114   0.00557  -0.1272   0.8761   1.0000
   1.500   0.6698   0.01097   0.00538  -0.1271   0.8611   1.0000
   2.000   0.7278   0.01082   0.00521  -0.1267   0.8449   1.0000
   2.500   0.7820   0.01080   0.00524  -0.1258   0.8244   1.0000
   3.000   0.8377   0.01073   0.00519  -0.1249   0.8029   1.0000
   3.500   0.8910   0.01074   0.00526  -0.1236   0.7756   1.0000
   4.000   0.9405   0.01059   0.00505  -0.1209   0.7263   1.0000
   4.500   0.9885   0.01078   0.00517  -0.1183   0.6671   1.0000
   5.000   1.0330   0.01132   0.00549  -0.1153   0.5861   1.0000
   5.500   1.0660   0.01271   0.00622  -0.1105   0.4307   1.0000
   6.000   1.0706   0.01715   0.00858  -0.1025   0.1026   1.0000
   6.500   1.0993   0.01984   0.01105  -0.0979   0.0579   1.0000
   7.000   1.1301   0.02230   0.01357  -0.0936   0.0456   1.0000
   7.500   1.1630   0.02525   0.01661  -0.0898   0.0385   1.0000
   8.000   1.2046   0.02832   0.01976  -0.0874   0.0336   1.0000
   8.500   1.2541   0.03329   0.02513  -0.0862   0.0303   1.0000
   9.000   1.2949   0.03815   0.03063  -0.0834   0.0284   1.0000
   9.500   1.3208   0.04563   0.03896  -0.0787   0.0288   1.0000
  10.000   1.3245   0.05505   0.04918  -0.0724   0.0306   1.0000
  -2.000   0.2268   0.01407   0.00715  -0.1196   0.9432   0.2683
  -1.500   0.2924   0.01339   0.00700  -0.1220   0.9324   0.4342
  -1.000   0.3582   0.01234   0.00687  -0.1238   0.9237   0.7040
  -0.500   0.4273   0.01155   0.00634  -0.1254   0.9157   1.0000
   0.000   0.4898   0.01144   0.00606  -0.1264   0.9030   1.0000
   0.500   0.5511   0.01130   0.00580  -0.1270   0.8899   1.0000
   1.000   0.6110   0.01114   0.00557  -0.1272   0.8761   1.0000
   1.500   0.6698   0.01097   0.00538  -0.1271   0.8611   1.0000
   2.000   0.7278   0.01082   0.00521  -0.1267   0.8449   1.0000
   2.500   0.7820   0.01080   0.00524  -0.1258   0.8244   1.0000
   3.000   0.8377   0.01073   0.00519  -0.1249   0.8029   1.0000
   3.500   0.8910   0.01074   0.00526  -0.1236   0.7756   1.0000
   4.000   0.9405   0.01059   0.00505  -0.1209   0.7263   1.0000
   4.500   0.9885   0.01078   0.00517  -0.1183   0.6671   1.0000
   5.000   1.0330   0.01132   0.00549  -0.1153   0.5861   1.0000
   5.500   1.0660   0.01271   0.00622  -0.1105   0.4307   1.0000
   6.000   1.0706   0.01715   0.00858  -0.1025   0.1026   1.0000
   6.500   1.0993   0.01984   0.01105  -0.0979   0.0579   1.0000
   7.000   1.1301   0.02230   0.01357  -0.0936   0.0456   1.0000
   7.500   1.1630   0.02525   0.01661  -0.0898   0.0385   1.0000
   8.000   1.2046   0.02832   0.01976  -0.0874   0.0336   1.0000
   8.500   1.2541   0.03329   0.02513  -0.0862   0.0303   1.0000
   9.000   1.2949   0.03815   0.03063  -0.0834   0.0284   1.0000
   9.500   1.3208   0.04563   0.03896  -0.0787   0.0288   1.0000
  10.000   1.3245   0.05505   0.04918  -0.0724   0.0306   1.0000
  -2.000   0.2268   0.01407   0.00715  -0.1196   0.9432   0.2683
  -1.500   0.2924   0.01339   0.00700  -0.1220   0.9324   0.4342
  -1.000   0.3582   0.01234   0.00687  -0.1238   0.9237   0.7040
  -0.500   0.4273   0.01155   0.00634  -0.1254   0.9157   1.0000
   0.000   0.4898   0.01144   0.00606  -0.1264   0.9030   1.0000
   0.500   0.5511   0.01130   0.00580  -0.1270   0.8899   1.0000
   1.000   0.6110   0.01114   0.00557  -0.1272   0.8761   1.0000
   1.500   0.6698   0.01097   0.00538  -0.1271   0.8611   1.0000
   2.000   0.7278   0.01082   0.00521  -0.1267   0.8449   1.0000
   2.500   0.7820   0.01080   0.00524  -0.1258   0.8244   1.0000
   3.000   0.8377   0.01073   0.00519  -0.1249   0.8029   1.0000
   3.500   0.8910   0.01074   0.00526  -0.1236   0.7756   1.0000
   4.000   0.9405   0.01059   0.00505  -0.1209   0.7263   1.0000
   4.500   0.9885   0.01078   0.00517  -0.1183   0.6671   1.0000
   5.000   1.0330   0.01132   0.00549  -0.1153   0.5861   1.0000
   5.500   1.0660   0.01271   0.00622  -0.1105   0.4307   1.0000
   6.000   1.0706   0.01715   0.00858  -0.1025   0.1026   1.0000
   6.500   1.0993   0.01984   0.01105  -0.0979   0.0579   1.0000
   7.000   1.1301   0.02230   0.01357  -0.0936   0.0456   1.0000
   7.500   1.1630   0.02525   0.01661  -0.0898   0.0385   1.0000
   8.000   1.2046   0.02832   0.01976  -0.0874   0.0336   1.0000
   8.500   1.2541   0.03329   0.02513  -0.0862   0.0303   1.0000
   9.000   1.2949   0.03815   0.03063  -0.0834   0.0284   1.0000
   9.500   1.3208   0.04563   0.03896  -0.0787   0.0288   1.0000
  10.000   1.3245   0.05505   0.04918  -0.0724   0.0306   1.0000
