  
       XFOIL         Version 6.99
  
 Calculated polar for: NACA 8628                                       
  
 1 1 Reynolds number fixed          Mach number fixed         
  
 xtrf =   1.000 (top)        1.000 (bottom)  
 Mach =   0.050     Re =     0.200 e 6     Ncrit =   9.000
  
   alpha    CL        CD       CDp       CM     Top_Xtr  Bot_Xtr
  ------ -------- --------- --------- -------- -------- --------
  -2.000   0.2132   0.04147   0.03386  -0.1581   0.6821   0.2674
  -1.500   0.2915   0.03994   0.03228  -0.1615   0.6804   0.2829
  -1.000   0.3714   0.03824   0.03056  -0.1649   0.6794   0.2992
  -0.500   0.4535   0.03637   0.02876  -0.1688   0.6786   0.3165
   1.500   0.6731   0.03546   0.02796  -0.1701   0.6451   0.3839
   2.000   0.7664   0.03318   0.02565  -0.1755   0.6437   0.4073
   2.500   0.8681   0.03078   0.02317  -0.1823   0.6418   0.4324
   3.000   0.8865   0.03254   0.02506  -0.1775   0.6262   0.4487
   3.500   0.9913   0.03015   0.02260  -0.1849   0.6230   0.4757
   4.000   1.0089   0.03204   0.02451  -0.1800   0.6079   0.4937
   5.000   1.1247   0.03210   0.02459  -0.1816   0.5881   0.5397
   5.500   1.1552   0.03360   0.02614  -0.1787   0.5755   0.5599
   6.000   1.2287   0.03296   0.02540  -0.1817   0.5671   0.5856
   7.000   1.3198   0.03447   0.02690  -0.1802   0.5460   0.6318
   7.500   1.3176   0.03757   0.03018  -0.1731   0.5324   0.6494
   8.000   1.4000   0.03641   0.02889  -0.1773   0.5251   0.6781
   8.500   1.3860   0.04023   0.03294  -0.1690   0.5115   0.6967
   9.000   1.4702   0.03886   0.03144  -0.1734   0.5046   0.7295
   9.500   1.4473   0.04335   0.03623  -0.1645   0.4911   0.7520
  10.000   1.5301   0.04171   0.03452  -0.1683   0.4844   0.7997
