  
       XFOIL         Version 6.99
  
 Calculated polar for: NACA 2112                                       
  
 1 1 Reynolds number fixed          Mach number fixed         
  
 xtrf =   1.000 (top)        1.000 (bottom)  
 Mach =   0.050     Re =     0.200 e 6     Ncrit =   9.000
  
   alpha    CL        CD       CDp       CM     Top_Xtr  Bot_Xtr
  ------ -------- --------- --------- -------- -------- --------
  -2.000   0.0079   0.01501   0.00729  -0.0378   0.9260   0.0700
  -1.500   0.0657   0.01350   0.00582  -0.0369   0.8953   0.0810
  -1.000   0.1175   0.01238   0.00453  -0.0346   0.8528   0.1030
  -0.500   0.1438   0.00942   0.00423  -0.0274   0.8080   0.7862
   0.000   0.2081   0.00964   0.00450  -0.0256   0.7623   0.9419
   0.500   0.3199   0.01012   0.00455  -0.0354   0.7023   0.9856
   1.000   0.4033   0.01028   0.00427  -0.0411   0.6350   1.0000
   1.500   0.4485   0.01048   0.00408  -0.0393   0.5716   1.0000
   2.000   0.4923   0.01082   0.00403  -0.0372   0.5023   1.0000
   2.500   0.5341   0.01137   0.00412  -0.0347   0.4199   1.0000
   3.000   0.5723   0.01232   0.00441  -0.0318   0.3134   1.0000
   3.500   0.6111   0.01339   0.00496  -0.0289   0.2484   1.0000
   4.000   0.6531   0.01425   0.00557  -0.0265   0.2245   1.0000
   4.500   0.6969   0.01507   0.00626  -0.0243   0.2119   1.0000
   5.000   0.7414   0.01604   0.00706  -0.0224   0.2034   1.0000
   5.500   0.7885   0.01681   0.00783  -0.0208   0.1964   1.0000
   6.000   0.8364   0.01784   0.00876  -0.0195   0.1912   1.0000
   6.500   0.8859   0.01901   0.00995  -0.0186   0.1873   1.0000
   7.000   0.9352   0.02002   0.01109  -0.0176   0.1833   1.0000
   7.500   0.9848   0.02114   0.01227  -0.0168   0.1791   1.0000
   8.000   1.0355   0.02265   0.01378  -0.0163   0.1757   1.0000
   8.500   1.0847   0.02446   0.01578  -0.0157   0.1729   1.0000
   9.000   1.1310   0.02586   0.01748  -0.0145   0.1693   1.0000
   9.500   1.1771   0.02760   0.01947  -0.0135   0.1662   1.0000
  10.000   1.2228   0.02931   0.02134  -0.0126   0.1624   1.0000
