  
       XFOIL         Version 6.99
  
 Calculated polar for: NACA 1728                                       
  
 1 1 Reynolds number fixed          Mach number fixed         
  
 xtrf =   1.000 (top)        1.000 (bottom)  
 Mach =   0.050     Re =     0.200 e 6     Ncrit =   9.000
  
   alpha    CL        CD       CDp       CM     Top_Xtr  Bot_Xtr
  ------ -------- --------- --------- -------- -------- --------
  -2.000  -0.0737   0.01737   0.00955  -0.0390   0.6763   0.4846
  -1.500  -0.0261   0.01734   0.00947  -0.0373   0.6561   0.5009
  -1.000   0.0247   0.01728   0.00941  -0.0361   0.6368   0.5168
   0.000   0.1172   0.01729   0.00931  -0.0321   0.5991   0.5514
   0.500   0.1647   0.01733   0.00944  -0.0303   0.5812   0.5684
   1.000   0.2139   0.01741   0.00948  -0.0289   0.5643   0.5865
   1.500   0.2612   0.01753   0.00950  -0.0271   0.5475   0.6057
   2.000   0.3039   0.01766   0.00976  -0.0245   0.5308   0.6241
   2.500   0.3516   0.01786   0.00998  -0.0228   0.5152   0.6428
   3.000   0.4011   0.01807   0.01011  -0.0214   0.4999   0.6627
   3.500   0.4381   0.01830   0.01042  -0.0178   0.4847   0.6829
   4.000   0.4846   0.01861   0.01079  -0.0159   0.4704   0.7023
   4.500   0.5293   0.01886   0.01103  -0.0137   0.4562   0.7224
   5.000   0.5631   0.01915   0.01141  -0.0096   0.4423   0.7438
   5.500   0.6074   0.01955   0.01178  -0.0074   0.4294   0.7653
   6.000   0.6374   0.01986   0.01221  -0.0025   0.4164   0.7866
   6.500   0.6750   0.02038   0.01279   0.0007   0.4039   0.8091
   7.000   0.7172   0.02086   0.01321   0.0031   0.3916   0.8328
   7.500   0.7430   0.02152   0.01404   0.0082   0.3796   0.8584
   8.000   0.7829   0.02216   0.01463   0.0110   0.3683   0.8842
   8.500   0.8075   0.02297   0.01559   0.0161   0.3569   0.9121
   9.000   0.8512   0.02401   0.01663   0.0175   0.3455   0.9379
   9.500   0.9121   0.02514   0.01767   0.0153   0.3334   0.9588
  10.000   0.9721   0.02676   0.01938   0.0118   0.3207   0.9755
