  
       XFOIL         Version 6.99
  
 Calculated polar for: NACA 6834                                       
  
 1 1 Reynolds number fixed          Mach number fixed         
  
 xtrf =   1.000 (top)        1.000 (bottom)  
 Mach =   0.050     Re =     0.200 e 6     Ncrit =   9.000
  
   alpha    CL        CD       CDp       CM     Top_Xtr  Bot_Xtr
  ------ -------- --------- --------- -------- -------- --------
  -2.000   0.2517   0.02479   0.01700  -0.1563   0.6912   0.3748
  -1.500   0.3007   0.02485   0.01699  -0.1562   0.6749   0.3856
  -1.000   0.3612   0.02496   0.01714  -0.1577   0.6609   0.3969
  -0.500   0.4272   0.02486   0.01687  -0.1606   0.6470   0.4094
   0.000   0.4743   0.02524   0.01737  -0.1597   0.6327   0.4206
   0.500   0.5431   0.02529   0.01722  -0.1631   0.6198   0.4337
   1.000   0.5845   0.02575   0.01784  -0.1612   0.6062   0.4455
   1.500   0.6474   0.02594   0.01790  -0.1634   0.5938   0.4593
   2.000   0.6906   0.02650   0.01856  -0.1620   0.5811   0.4716
   2.500   0.7434   0.02691   0.01893  -0.1622   0.5691   0.4854
   3.000   0.7940   0.02745   0.01948  -0.1623   0.5574   0.4990
   3.500   0.8349   0.02814   0.02022  -0.1604   0.5455   0.5122
   4.000   0.8968   0.02855   0.02054  -0.1625   0.5349   0.5274
   4.500   0.9219   0.02965   0.02180  -0.1580   0.5231   0.5399
   5.000   1.0014   0.02974   0.02166  -0.1629   0.5131   0.5569
   5.500   1.0059   0.03140   0.02362  -0.1552   0.5020   0.5683
   6.000   1.0640   0.03191   0.02399  -0.1565   0.4923   0.5847
   6.500   1.0883   0.03332   0.02559  -0.1523   0.4822   0.5975
   7.000   1.1223   0.03448   0.02678  -0.1497   0.4722   0.6126
   7.500   1.1754   0.03519   0.02743  -0.1502   0.4632   0.6273
   8.000   1.1806   0.03738   0.02985  -0.1433   0.4531   0.6396
   8.500   1.2420   0.03778   0.03007  -0.1452   0.4447   0.6561
   9.000   1.2404   0.04044   0.03301  -0.1376   0.4353   0.6662
   9.500   1.2708   0.04201   0.03459  -0.1351   0.4264   0.6812
  10.000   1.3133   0.04304   0.03559  -0.1340   0.4184   0.6932
