  
       XFOIL         Version 6.99
  
 Calculated polar for: NACA 9840                                       
  
 1 1 Reynolds number fixed          Mach number fixed         
  
 xtrf =   1.000 (top)        1.000 (bottom)  
 Mach =   0.050     Re =     0.200 e 6     Ncrit =   9.000
  
   alpha    CL        CD       CDp       CM     Top_Xtr  Bot_Xtr
  ------ -------- --------- --------- -------- -------- --------
  -1.500   0.1924   0.03874   0.03111  -0.1676   0.6406   0.3296
  -1.000   0.3033   0.03685   0.02911  -0.1784   0.6355   0.3394
  -0.500   0.2902   0.03978   0.03224  -0.1696   0.6197   0.3445
   0.000   0.3976   0.03865   0.03085  -0.1809   0.6132   0.3555
   0.500   0.5032   0.03704   0.02920  -0.1900   0.6074   0.3660
   1.000   0.4681   0.04093   0.03336  -0.1779   0.5920   0.3712
   1.500   0.5746   0.03973   0.03190  -0.1886   0.5858   0.3831
   2.000   0.5991   0.04143   0.03379  -0.1852   0.5756   0.3908
   2.500   0.6277   0.04330   0.03572  -0.1832   0.5649   0.3995
   3.000   0.7309   0.04204   0.03426  -0.1928   0.5592   0.4122
   3.500   0.7131   0.04610   0.03860  -0.1838   0.5467   0.4183
   4.000   0.7659   0.04701   0.03950  -0.1853   0.5386   0.4290
   4.500   0.8689   0.04554   0.03784  -0.1943   0.5334   0.4426
   5.000   0.8085   0.05253   0.04520  -0.1805   0.5188   0.4469
   5.500   0.8807   0.05229   0.04490  -0.1844   0.5130   0.4595
   6.000   0.9871   0.05036   0.04278  -0.1934   0.5084   0.4741
   6.500   0.8805   0.06133   0.05422  -0.1755   0.4914   0.4762
   7.000   0.9699   0.05946   0.05227  -0.1809   0.4878   0.4906
   7.500   1.0830   0.05681   0.04939  -0.1901   0.4841   0.5065
   8.000   0.7210   0.09177   0.08529  -0.1534   0.4418   0.4914
   8.500   0.8113   0.08918   0.08264  -0.1581   0.4414   0.5064
   9.000   0.8974   0.08596   0.07941  -0.1611   0.4409   0.5213
   9.500   1.0034   0.08263   0.07591  -0.1678   0.4403   0.5379
  10.000   1.0928   0.07895   0.07221  -0.1707   0.4389   0.5530
