  
       XFOIL         Version 6.99
  
 Calculated polar for: NACA 5818                                       
  
 1 1 Reynolds number fixed          Mach number fixed         
  
 xtrf =   1.000 (top)        1.000 (bottom)  
 Mach =   0.050     Re =     0.200 e 6     Ncrit =   9.000
  
   alpha    CL        CD       CDp       CM     Top_Xtr  Bot_Xtr
  ------ -------- --------- --------- -------- -------- --------
  -2.000   0.2129   0.02910   0.02245  -0.1568   0.8960   0.4015
  -1.500   0.2847   0.02844   0.02185  -0.1598   0.8837   0.4352
  -1.000   0.3544   0.02762   0.02120  -0.1622   0.8713   0.4676
   0.000   0.4875   0.02572   0.01957  -0.1651   0.8429   0.5318
   0.500   0.5527   0.02471   0.01868  -0.1661   0.8272   0.5637
   1.000   0.6175   0.02358   0.01768  -0.1667   0.8113   0.5942
   1.500   0.6852   0.02224   0.01647  -0.1675   0.7965   0.6227
   2.000   0.7663   0.02050   0.01480  -0.1706   0.7816   0.6516
   2.500   0.8638   0.01856   0.01282  -0.1769   0.7608   0.6797
   3.000   0.9601   0.01748   0.01157  -0.1834   0.7274   0.7035
   3.500   1.0267   0.01758   0.01150  -0.1845   0.6885   0.7217
   4.000   1.0759   0.01814   0.01188  -0.1823   0.6512   0.7384
   4.500   1.1138   0.01888   0.01254  -0.1782   0.6156   0.7554
   5.000   1.1541   0.01962   0.01314  -0.1747   0.5825   0.7728
   5.500   1.1906   0.02041   0.01383  -0.1707   0.5500   0.7900
   6.000   1.2270   0.02120   0.01452  -0.1667   0.5190   0.8068
   6.500   1.2605   0.02199   0.01525  -0.1623   0.4882   0.8232
   7.000   1.2939   0.02280   0.01596  -0.1580   0.4588   0.8392
   7.500   1.3241   0.02365   0.01680  -0.1532   0.4291   0.8551
   8.000   1.3539   0.02460   0.01764  -0.1486   0.4006   0.8707
   8.500   1.3818   0.02560   0.01867  -0.1439   0.3720   0.8862
   9.000   1.4080   0.02677   0.01978  -0.1390   0.3441   0.9016
   9.500   1.4323   0.02809   0.02107  -0.1340   0.3173   0.9173
  10.000   1.4546   0.02953   0.02250  -0.1289   0.2906   0.9340
