  
       XFOIL         Version 6.99
  
 Calculated polar for: NACA 3406                                       
  
 1 1 Reynolds number fixed          Mach number fixed         
  
 xtrf =   1.000 (top)        1.000 (bottom)  
 Mach =   0.050     Re =     0.200 e 6     Ncrit =   9.000
  
   alpha    CL        CD       CDp       CM     Top_Xtr  Bot_Xtr
  ------ -------- --------- --------- -------- -------- --------
  -2.000   0.0216   0.01348   0.00583  -0.0621   0.9948   0.0600
  -1.500   0.1030   0.01164   0.00450  -0.0681   0.9869   0.1759
  -1.000   0.1743   0.00912   0.00430  -0.0714   0.9783   1.0000
  -0.500   0.2562   0.00916   0.00398  -0.0769   0.9638   1.0000
   0.000   0.3367   0.00908   0.00372  -0.0820   0.9486   1.0000
   0.500   0.4101   0.00891   0.00344  -0.0852   0.9306   1.0000
   1.000   0.4717   0.00875   0.00324  -0.0856   0.9058   1.0000
   1.500   0.5279   0.00863   0.00310  -0.0847   0.8764   1.0000
   2.000   0.5806   0.00863   0.00307  -0.0831   0.8405   1.0000
   2.500   0.6326   0.00875   0.00318  -0.0815   0.7998   1.0000
   3.000   0.6842   0.00901   0.00339  -0.0799   0.7549   1.0000
   3.500   0.7337   0.00935   0.00361  -0.0777   0.6933   1.0000
   4.000   0.7791   0.00992   0.00386  -0.0747   0.5900   1.0000
   4.500   0.8220   0.01100   0.00441  -0.0719   0.4399   1.0000
   5.000   0.8448   0.01599   0.00721  -0.0672   0.0485   1.0000
   5.500   0.8848   0.01888   0.01026  -0.0643   0.0359   1.0000
   6.000   0.9300   0.02159   0.01313  -0.0620   0.0294   1.0000
   6.500   0.9785   0.02600   0.01783  -0.0598   0.0279   1.0000
