  
       XFOIL         Version 6.99
  
 Calculated polar for: NACA 7226                                       
  
 1 1 Reynolds number fixed          Mach number fixed         
  
 xtrf =   1.000 (top)        1.000 (bottom)  
 Mach =   0.050     Re =     0.200 e 6     Ncrit =   9.000
  
   alpha    CL        CD       CDp       CM     Top_Xtr  Bot_Xtr
  ------ -------- --------- --------- -------- -------- --------
  -2.000   0.3811   0.02498   0.01551  -0.0832   0.4748   0.0969
  -1.500   0.4027   0.02440   0.01466  -0.0768   0.4488   0.0996
  -1.000   0.4252   0.02412   0.01422  -0.0711   0.4207   0.1032
  -0.500   0.4501   0.02437   0.01420  -0.0661   0.3943   0.1070
   0.000   0.4803   0.02460   0.01422  -0.0622   0.3719   0.1116
   0.500   0.5137   0.02500   0.01446  -0.0591   0.3554   0.1173
   1.000   0.5504   0.02523   0.01464  -0.0566   0.3430   0.1236
   1.500   0.5913   0.02564   0.01494  -0.0548   0.3336   0.1316
   2.000   0.6324   0.02593   0.01522  -0.0532   0.3264   0.1417
   2.500   0.6816   0.02623   0.01543  -0.0529   0.3206   0.1550
   3.000   0.7247   0.02657   0.01582  -0.0519   0.3160   0.1748
   3.500   0.7637   0.02551   0.01655  -0.0503   0.3120   0.6808
   4.000   0.8618   0.02650   0.01808  -0.0575   0.3075   1.0000
   4.500   0.9065   0.02726   0.01856  -0.0564   0.3044   1.0000
   5.000   0.9335   0.02820   0.01947  -0.0530   0.3019   1.0000
   5.500   0.9683   0.02928   0.02048  -0.0510   0.2993   1.0000
   6.000   1.0075   0.03042   0.02154  -0.0498   0.2970   1.0000
   6.500   1.0493   0.03160   0.02262  -0.0491   0.2948   1.0000
   7.000   1.0950   0.03278   0.02369  -0.0490   0.2929   1.0000
   7.500   1.1462   0.03403   0.02481  -0.0498   0.2910   1.0000
   8.000   1.2014   0.03573   0.02641  -0.0512   0.2891   1.0000
   8.500   1.2184   0.03777   0.02859  -0.0480   0.2878   1.0000
   9.000   1.2312   0.04023   0.03121  -0.0447   0.2863   1.0000
   9.500   1.2417   0.04315   0.03430  -0.0417   0.2849   1.0000
  10.000   1.2432   0.04681   0.03816  -0.0384   0.2835   1.0000
