  
       XFOIL         Version 6.99
  
 Calculated polar for: NACA 9038                                       
  
 1 1 Reynolds number fixed          Mach number fixed         
  
 xtrf =   1.000 (top)        1.000 (bottom)  
 Mach =   0.050     Re =     0.200 e 6     Ncrit =   9.000
  
   alpha    CL        CD       CDp       CM     Top_Xtr  Bot_Xtr
  ------ -------- --------- --------- -------- -------- --------
  -2.000   0.2885   0.02531   0.01666   0.0150   0.4547   0.5630
  -1.500   0.3226   0.02592   0.01736   0.0176   0.4460   0.5766
  -1.000   0.3448   0.02652   0.01799   0.0217   0.4370   0.5901
  -0.500   0.4178   0.02653   0.01793   0.0182   0.4290   0.6066
   0.000   0.4078   0.02793   0.01953   0.0264   0.4204   0.6202
   0.500   0.4545   0.02823   0.01988   0.0266   0.4126   0.6372
   1.000   0.4842   0.02922   0.02094   0.0287   0.4048   0.6543
   1.500   0.4996   0.03050   0.02241   0.0325   0.3964   0.6719
   2.000   0.5728   0.03030   0.02210   0.0290   0.3897   0.6928
   2.500   0.5501   0.03307   0.02517   0.0367   0.3813   0.7117
   3.000   0.5918   0.03368   0.02588   0.0369   0.3743   0.7343
   3.500   0.6237   0.03499   0.02728   0.0379   0.3676   0.7580
   4.000   0.6118   0.03808   0.03062   0.0430   0.3592   0.7830
   4.500   0.6807   0.03760   0.03009   0.0406   0.3537   0.8129
   5.000   0.6259   0.04349   0.03649   0.0491   0.3447   0.8410
   5.500   0.6644   0.04441   0.03745   0.0497   0.3386   0.8746
   6.000   0.7120   0.04520   0.03823   0.0494   0.3333   0.9085
   6.500   0.6323   0.05501   0.04848   0.0568   0.3223   0.9392
   7.000   0.7713   0.05189   0.04504   0.0459   0.3193   0.9574
   7.500   0.6442   0.06948   0.06322   0.0502   0.3044   0.9716
   8.000   0.8164   0.06395   0.05733   0.0358   0.3034   0.9812
   8.500   0.6683   0.08588   0.07980   0.0390   0.2865   0.9896
   9.000   0.8309   0.08015   0.07380   0.0252   0.2864   0.9967
  -2.000   0.2885   0.02531   0.01666   0.0150   0.4547   0.5630
  -1.500   0.3226   0.02592   0.01736   0.0176   0.4460   0.5766
  -1.000   0.3448   0.02652   0.01799   0.0217   0.4370   0.5901
  -0.500   0.4178   0.02653   0.01793   0.0182   0.4290   0.6066
   0.000   0.4078   0.02793   0.01953   0.0264   0.4204   0.6202
   0.500   0.4545   0.02823   0.01988   0.0266   0.4126   0.6372
   1.000   0.4842   0.02922   0.02094   0.0287   0.4048   0.6543
   1.500   0.4996   0.03050   0.02241   0.0325   0.3964   0.6719
   2.000   0.5728   0.03030   0.02210   0.0290   0.3897   0.6928
   2.500   0.5501   0.03307   0.02517   0.0367   0.3813   0.7117
   3.000   0.5918   0.03368   0.02588   0.0369   0.3743   0.7343
   3.500   0.6237   0.03499   0.02728   0.0379   0.3676   0.7580
   4.000   0.6118   0.03808   0.03062   0.0430   0.3592   0.7830
   4.500   0.6807   0.03760   0.03009   0.0406   0.3537   0.8129
   5.000   0.6259   0.04349   0.03649   0.0491   0.3447   0.8410
   5.500   0.6644   0.04441   0.03745   0.0497   0.3386   0.8746
   6.000   0.7120   0.04520   0.03823   0.0494   0.3333   0.9085
   6.500   0.6323   0.05501   0.04848   0.0568   0.3223   0.9392
   7.000   0.7713   0.05189   0.04504   0.0459   0.3193   0.9574
   7.500   0.6442   0.06948   0.06322   0.0502   0.3044   0.9716
   8.000   0.8164   0.06395   0.05733   0.0358   0.3034   0.9812
   8.500   0.6683   0.08588   0.07980   0.0390   0.2865   0.9896
   9.000   0.8309   0.08015   0.07380   0.0252   0.2864   0.9967
