  
       XFOIL         Version 6.99
  
 Calculated polar for: NACA 5332                                       
  
 1 1 Reynolds number fixed          Mach number fixed         
  
 xtrf =   1.000 (top)        1.000 (bottom)  
 Mach =   0.050     Re =     0.200 e 6     Ncrit =   9.000
  
   alpha    CL        CD       CDp       CM     Top_Xtr  Bot_Xtr
  ------ -------- --------- --------- -------- -------- --------
  -2.000   0.1815   0.02063   0.01154  -0.0680   0.5058   0.3263
  -1.500   0.2125   0.02019   0.01138  -0.0639   0.4954   0.4002
  -1.000   0.2251   0.02008   0.01166  -0.0563   0.4855   0.4846
  -0.500   0.2746   0.02028   0.01188  -0.0552   0.4766   0.5451
   0.000   0.3023   0.02072   0.01247  -0.0504   0.4681   0.5822
   0.500   0.3453   0.02111   0.01285  -0.0484   0.4604   0.6146
   1.000   0.4024   0.02162   0.01330  -0.0489   0.4538   0.6442
   1.500   0.4337   0.02223   0.01406  -0.0451   0.4474   0.6694
   2.000   0.4784   0.02270   0.01455  -0.0436   0.4413   0.6965
   2.500   0.5460   0.02322   0.01494  -0.0459   0.4358   0.7242
   3.000   0.5704   0.02408   0.01599  -0.0413   0.4313   0.7511
   3.500   0.6018   0.02489   0.01693  -0.0380   0.4262   0.7793
   4.000   0.6459   0.02550   0.01759  -0.0364   0.4215   0.8111
   4.500   0.7084   0.02613   0.01816  -0.0376   0.4174   0.8434
   5.000   0.7268   0.02755   0.01981  -0.0320   0.4135   0.8789
   5.500   0.7391   0.02925   0.02173  -0.0259   0.4090   0.9165
   6.000   0.7886   0.03075   0.02324  -0.0266   0.4045   0.9459
   6.500   0.8833   0.03183   0.02414  -0.0349   0.4006   0.9596
   7.000   0.9659   0.03371   0.02594  -0.0422   0.3964   0.9730
   7.500   0.9925   0.03736   0.02986  -0.0436   0.3914   0.9893
   8.000   1.0437   0.04042   0.03303  -0.0486   0.3867   0.9995
   8.500   1.0258   0.04129   0.03383  -0.0398   0.3835   1.0000
   9.000   1.0811   0.04105   0.03335  -0.0400   0.3805   1.0000
  10.000   0.2525   0.13145   0.12576   0.0008   0.3297   1.0000
