  
       XFOIL         Version 6.99
  
 Calculated polar for: NACA 1720                                       
  
 1 1 Reynolds number fixed          Mach number fixed         
  
 xtrf =   1.000 (top)        1.000 (bottom)  
 Mach =   0.050     Re =     0.200 e 6     Ncrit =   9.000
  
   alpha    CL        CD       CDp       CM     Top_Xtr  Bot_Xtr
  ------ -------- --------- --------- -------- -------- --------
  -2.000  -0.0789   0.01402   0.00732  -0.0423   0.8362   0.5349
  -1.500  -0.0239   0.01362   0.00694  -0.0412   0.8107   0.5630
  -1.000   0.0330   0.01326   0.00666  -0.0405   0.7832   0.5903
  -0.500   0.0916   0.01302   0.00641  -0.0402   0.7551   0.6184
   0.000   0.1446   0.01297   0.00633  -0.0388   0.7233   0.6467
   0.500   0.1990   0.01302   0.00627  -0.0378   0.6928   0.6750
   1.000   0.2509   0.01313   0.00639  -0.0363   0.6620   0.7015
   1.500   0.3018   0.01329   0.00653  -0.0346   0.6321   0.7281
   2.000   0.3532   0.01352   0.00667  -0.0330   0.6042   0.7548
   2.500   0.4014   0.01372   0.00690  -0.0309   0.5758   0.7817
   3.000   0.4491   0.01395   0.00712  -0.0286   0.5484   0.8089
   3.500   0.4961   0.01423   0.00735  -0.0262   0.5222   0.8366
   4.500   0.5881   0.01494   0.00802  -0.0208   0.4713   0.8903
   5.000   0.6372   0.01539   0.00846  -0.0189   0.4457   0.9172
   5.500   0.6938   0.01595   0.00894  -0.0187   0.4197   0.9429
   6.000   0.7652   0.01671   0.00953  -0.0219   0.3927   0.9622
   6.500   0.8481   0.01745   0.01024  -0.0279   0.3632   0.9759
   7.000   0.9309   0.01833   0.01092  -0.0341   0.3352   0.9893
   7.500   0.9999   0.01902   0.01160  -0.0380   0.3088   1.0000
   8.000   0.9927   0.01925   0.01172  -0.0272   0.2945   1.0000
   8.500   0.9945   0.01971   0.01205  -0.0177   0.2792   1.0000
   9.000   1.0091   0.02040   0.01268  -0.0106   0.2626   1.0000
   9.500   1.0324   0.02136   0.01358  -0.0056   0.2457   1.0000
  10.000   1.0579   0.02251   0.01467  -0.0013   0.2294   1.0000
