  
       XFOIL         Version 6.99
  
 Calculated polar for: NACA 7528                                       
  
 1 1 Reynolds number fixed          Mach number fixed         
  
 xtrf =   1.000 (top)        1.000 (bottom)  
 Mach =   0.050     Re =     0.200 e 6     Ncrit =   9.000
  
   alpha    CL        CD       CDp       CM     Top_Xtr  Bot_Xtr
  ------ -------- --------- --------- -------- -------- --------
  -2.000   0.4227   0.02319   0.01488  -0.1565   0.6716   0.2845
  -1.500   0.4863   0.02296   0.01465  -0.1583   0.6644   0.3001
  -1.000   0.5101   0.02347   0.01513  -0.1530   0.6534   0.3132
  -0.500   0.6090   0.02261   0.01416  -0.1609   0.6483   0.3349
   0.000   0.6022   0.02387   0.01564  -0.1506   0.6357   0.3463
   0.500   0.6884   0.02308   0.01478  -0.1560   0.6297   0.3694
   1.000   0.6994   0.02438   0.01616  -0.1490   0.6187   0.3850
   1.500   0.7683   0.02398   0.01577  -0.1516   0.6114   0.4088
   2.000   0.8116   0.02449   0.01634  -0.1501   0.6029   0.4310
   2.500   0.8465   0.02509   0.01699  -0.1472   0.5932   0.4540
   3.000   0.9440   0.02422   0.01605  -0.1544   0.5878   0.4885
   3.500   0.9225   0.02649   0.01852  -0.1428   0.5754   0.5078
   4.000   1.0107   0.02559   0.01762  -0.1483   0.5696   0.5480
   4.500   0.9969   0.02801   0.02030  -0.1386   0.5578   0.5750
   5.000   1.0734   0.02731   0.01965  -0.1421   0.5515   0.6283
   5.500   1.0707   0.02956   0.02226  -0.1343   0.5408   0.6774
   6.000   1.1206   0.02919   0.02228  -0.1331   0.5336   0.8028
   6.500   1.1397   0.03040   0.02366  -0.1283   0.5247   1.0000
   7.000   1.1693   0.03183   0.02499  -0.1259   0.5155   1.0000
   7.500   1.2715   0.03049   0.02330  -0.1330   0.5106   1.0000
   8.000   1.2180   0.03556   0.02863  -0.1201   0.4974   1.0000
   8.500   1.3156   0.03393   0.02670  -0.1261   0.4927   1.0000
   9.000   1.2582   0.04010   0.03313  -0.1140   0.4792   1.0000
   9.500   1.3539   0.03809   0.03086  -0.1192   0.4748   1.0000
  10.000   1.2897   0.04564   0.03868  -0.1079   0.4607   1.0000
