  
       XFOIL         Version 6.99
  
 Calculated polar for: NACA 7632                                       
  
 1 1 Reynolds number fixed          Mach number fixed         
  
 xtrf =   1.000 (top)        1.000 (bottom)  
 Mach =   0.050     Re =     0.200 e 6     Ncrit =   9.000
  
   alpha    CL        CD       CDp       CM     Top_Xtr  Bot_Xtr
  ------ -------- --------- --------- -------- -------- --------
  -2.000   0.1652   0.03293   0.02507  -0.1319   0.6745   0.3101
  -0.500   0.3085   0.03302   0.02519  -0.1305   0.6440   0.3450
   0.000   0.4028   0.03103   0.02310  -0.1362   0.6418   0.3613
   0.500   0.5056   0.02882   0.02091  -0.1434   0.6394   0.3787
   1.500   0.6245   0.02846   0.02050  -0.1457   0.6203   0.4093
   2.000   0.6437   0.02999   0.02207  -0.1413   0.6062   0.4220
   2.500   0.7408   0.02851   0.02046  -0.1478   0.6005   0.4419
   4.500   0.9403   0.03040   0.02235  -0.1475   0.5597   0.5113
   5.000   0.9374   0.03310   0.02524  -0.1402   0.5464   0.5251
   5.500   1.0182   0.03236   0.02439  -0.1444   0.5394   0.5469
   6.000   1.0126   0.03540   0.02759  -0.1371   0.5267   0.5618
   6.500   1.0849   0.03491   0.02703  -0.1401   0.5196   0.5830
   7.000   1.0812   0.03816   0.03040  -0.1335   0.5076   0.5992
   7.500   1.1427   0.03804   0.03026  -0.1350   0.5002   0.6203
   8.000   1.1484   0.04101   0.03336  -0.1300   0.4895   0.6373
   8.500   1.1928   0.04184   0.03416  -0.1296   0.4811   0.6591
   9.000   1.2322   0.04300   0.03539  -0.1286   0.4732   0.6806
   9.500   1.2335   0.04630   0.03887  -0.1236   0.4625   0.6993
  10.000   1.3235   0.04440   0.03684  -0.1282   0.4574   0.7296
