  
       XFOIL         Version 6.99
  
 Calculated polar for: NACA 4708                                       
  
 1 1 Reynolds number fixed          Mach number fixed         
  
 xtrf =   1.000 (top)        1.000 (bottom)  
 Mach =   0.050     Re =     0.200 e 6     Ncrit =   9.000
  
   alpha    CL        CD       CDp       CM     Top_Xtr  Bot_Xtr
  ------ -------- --------- --------- -------- -------- --------
  -2.000   0.1106   0.01739   0.01079  -0.1166   1.0000   0.3755
  -1.500   0.1693   0.01755   0.01131  -0.1178   1.0000   0.5032
  -1.000   0.2231   0.01795   0.01199  -0.1177   1.0000   0.6067
  -0.500   0.2725   0.01855   0.01274  -0.1167   1.0000   0.6830
   0.000   0.3364   0.01923   0.01351  -0.1188   0.9958   0.7454
   0.500   0.4170   0.01971   0.01412  -0.1240   0.9853   0.8022
   1.000   0.4894   0.01977   0.01441  -0.1274   0.9733   0.8663
   1.500   0.5620   0.01973   0.01451  -0.1309   0.9592   1.0000
   2.000   0.6448   0.01976   0.01459  -0.1366   0.9454   1.0000
   2.500   0.7168   0.01936   0.01432  -0.1394   0.9264   1.0000
   3.000   0.8170   0.01754   0.01269  -0.1463   0.9057   1.0000
   3.500   0.8991   0.01474   0.01014  -0.1481   0.8717   1.0000
   4.000   0.9467   0.01293   0.00851  -0.1435   0.8106   1.0000
   4.500   1.0250   0.01362   0.00683  -0.1449   0.3755   1.0000
   5.000   1.0386   0.01770   0.00902  -0.1377   0.0891   1.0000
   5.500   1.0756   0.01994   0.01119  -0.1340   0.0580   1.0000
   6.000   1.1151   0.02230   0.01358  -0.1307   0.0457   1.0000
   6.500   1.1642   0.02595   0.01728  -0.1293   0.0389   1.0000
   7.000   1.2158   0.02869   0.02029  -0.1280   0.0336   1.0000
   7.500   1.2707   0.03372   0.02565  -0.1275   0.0311   1.0000
   8.000   1.3076   0.04042   0.03321  -0.1237   0.0291   1.0000
   8.500   1.3282   0.04863   0.04227  -0.1176   0.0294   1.0000
