  
       XFOIL         Version 6.99
  
 Calculated polar for: NACA 8238                                       
  
 1 1 Reynolds number fixed          Mach number fixed         
  
 xtrf =   1.000 (top)        1.000 (bottom)  
 Mach =   0.050     Re =     0.200 e 6     Ncrit =   9.000
  
   alpha    CL        CD       CDp       CM     Top_Xtr  Bot_Xtr
  ------ -------- --------- --------- -------- -------- --------
  -2.000   0.2033   0.03274   0.02264  -0.0407   0.4405   0.1302
  -1.500   0.2236   0.03303   0.02274  -0.0363   0.4277   0.1337
  -1.000   0.2297   0.03360   0.02340  -0.0305   0.4140   0.1365
  -0.500   0.2431   0.03427   0.02409  -0.0259   0.4004   0.1404
   0.000   0.2605   0.03512   0.02481  -0.0221   0.3869   0.1450
   0.500   0.2801   0.03576   0.02535  -0.0187   0.3740   0.1496
   1.000   0.2904   0.03715   0.02679  -0.0147   0.3612   0.1547
   1.500   0.3100   0.03840   0.02799  -0.0119   0.3501   0.1610
   2.000   0.3429   0.03894   0.02839  -0.0106   0.3414   0.1699
   2.500   0.3619   0.04052   0.03000  -0.0084   0.3332   0.1801
   3.500   0.4188   0.04150   0.03252  -0.0059   0.3214   0.5397
   4.000   0.4505   0.04279   0.03415  -0.0047   0.3165   0.6276
   4.500   0.5049   0.04293   0.03434  -0.0052   0.3126   0.6961
   5.000   0.5166   0.04579   0.03756  -0.0026   0.3092   0.7425
   5.500   0.5380   0.04809   0.04012  -0.0007   0.3059   0.7924
   6.000   0.5650   0.04995   0.04217   0.0013   0.3031   0.8466
   6.500   0.6042   0.05133   0.04359   0.0025   0.3008   0.9069
   7.000   0.6753   0.05254   0.04464  -0.0016   0.2985   0.9512
   7.500   0.6822   0.05953   0.05193  -0.0041   0.2961   0.9759
   8.000   0.6751   0.06916   0.06191  -0.0075   0.2930   0.9901
   9.500  -0.0322   0.17382   0.16898   0.0143   0.2887   0.9840
  10.000   0.0216   0.17759   0.17258   0.0089   0.2869   1.0000
