  
       XFOIL         Version 6.99
  
 Calculated polar for: NACA 9728                                       
  
 1 1 Reynolds number fixed          Mach number fixed         
  
 xtrf =   1.000 (top)        1.000 (bottom)  
 Mach =   0.050     Re =     0.200 e 6     Ncrit =   9.000
  
   alpha    CL        CD       CDp       CM     Top_Xtr  Bot_Xtr
  ------ -------- --------- --------- -------- -------- --------
  -2.000   0.2740   0.04646   0.03929  -0.1965   0.7143   0.2738
  -1.500   0.3533   0.04514   0.03801  -0.2007   0.7117   0.2884
  -1.000   0.4361   0.04353   0.03635  -0.2054   0.7101   0.3048
   0.500   0.6489   0.04043   0.03332  -0.2139   0.6935   0.3540
   1.000   0.7395   0.03837   0.03119  -0.2195   0.6920   0.3737
   2.000   0.8845   0.03648   0.02938  -0.2256   0.6752   0.4111
   2.500   0.9925   0.03385   0.02663  -0.2342   0.6718   0.4347
   3.500   1.0911   0.03503   0.02787  -0.2333   0.6430   0.4701
   4.000   1.1687   0.03428   0.02697  -0.2373   0.6328   0.4917
   4.500   1.2014   0.03565   0.02848  -0.2342   0.6178   0.5081
   5.000   1.2884   0.03448   0.02716  -0.2396   0.6088   0.5306
   5.500   1.3001   0.03685   0.02965  -0.2333   0.5929   0.5460
   6.000   1.3604   0.03694   0.02969  -0.2345   0.5822   0.5648
   6.500   1.3884   0.03857   0.03134  -0.2308   0.5686   0.5825
   7.000   1.4241   0.03981   0.03266  -0.2283   0.5567   0.5974
   7.500   1.4683   0.04069   0.03345  -0.2272   0.5451   0.6167
   8.000   1.4890   0.04264   0.03555  -0.2223   0.5328   0.6286
   8.500   1.5385   0.04323   0.03603  -0.2221   0.5221   0.6477
   9.000   1.5503   0.04573   0.03869  -0.2162   0.5099   0.6581
   9.500   1.6011   0.04618   0.03903  -0.2162   0.4998   0.6760
  10.000   1.6060   0.04925   0.04228  -0.2098   0.4876   0.6872
