  
       XFOIL         Version 6.99
  
 Calculated polar for: NACA 9810                                       
  
 1 1 Reynolds number fixed          Mach number fixed         
  
 xtrf =   1.000 (top)        1.000 (bottom)  
 Mach =   0.050     Re =     0.200 e 6     Ncrit =   9.000
  
   alpha    CL        CD       CDp       CM     Top_Xtr  Bot_Xtr
  ------ -------- --------- --------- -------- -------- --------
  -2.000   0.4323   0.05411   0.04753  -0.2448   0.9693   0.1402
  -1.500   0.5144   0.05647   0.05007  -0.2518   0.9688   0.2064
  -1.000   0.5935   0.05947   0.05321  -0.2579   0.9684   0.2841
  -0.500   0.6249   0.05874   0.05269  -0.2545   0.9593   0.3359
   0.000   0.7010   0.06190   0.05600  -0.2597   0.9579   0.4063
   0.500   0.7419   0.06242   0.05669  -0.2580   0.9477   0.4562
   1.000   0.7935   0.06347   0.05791  -0.2582   0.9367   0.5058
   1.500   0.8505   0.06272   0.05729  -0.2584   0.9158   0.5523
   2.500   0.9739   0.06061   0.05547  -0.2595   0.8844   0.6264
   3.000   1.0413   0.05978   0.05478  -0.2610   0.8782   0.6544
   3.500   1.0819   0.05813   0.05330  -0.2574   0.8593   0.6739
   4.500   1.1911   0.05468   0.05017  -0.2551   0.8332   0.7142
   5.000   1.2381   0.05291   0.04859  -0.2525   0.8126   0.7325
   5.500   1.3011   0.04953   0.04543  -0.2514   0.7940   0.7504
   6.000   1.3685   0.04591   0.04198  -0.2509   0.7634   0.7689
   6.500   1.4976   0.03810   0.03396  -0.2618   0.6875   0.7927
   7.000   1.5450   0.03738   0.03228  -0.2588   0.5279   0.8085
   7.500   1.5398   0.04085   0.03472  -0.2472   0.3552   0.8192
   8.000   1.5295   0.04541   0.03782  -0.2360   0.1388   0.8287
   8.500   1.5410   0.04891   0.04087  -0.2286   0.0765   0.8398
   9.000   1.5596   0.05189   0.04390  -0.2225   0.0597   0.8511
   9.500   1.5774   0.05509   0.04723  -0.2165   0.0505   0.8616
  10.000   1.5969   0.05837   0.05054  -0.2109   0.0438   0.8715
