  
       XFOIL         Version 6.99
  
 Calculated polar for: NACA 4416                                       
  
 1 1 Reynolds number fixed          Mach number fixed         
  
 xtrf =   1.000 (top)        1.000 (bottom)  
 Mach =   0.050     Re =     0.200 e 6     Ncrit =   9.000
  
   alpha    CL        CD       CDp       CM     Top_Xtr  Bot_Xtr
  ------ -------- --------- --------- -------- -------- --------
  -2.000   0.2469   0.01354   0.00603  -0.1043   0.7712   0.3203
  -1.500   0.3001   0.01304   0.00568  -0.1035   0.7495   0.3833
  -1.000   0.3507   0.01243   0.00550  -0.1022   0.7281   0.5034
  -0.500   0.3971   0.01186   0.00554  -0.0994   0.7071   0.7009
   0.000   0.4454   0.01172   0.00569  -0.0961   0.6870   0.8594
   0.500   0.5227   0.01197   0.00585  -0.0992   0.6659   0.9540
   1.000   0.6286   0.01225   0.00590  -0.1093   0.6445   0.9946
   1.500   0.6856   0.01248   0.00591  -0.1100   0.6264   1.0000
   2.000   0.7300   0.01278   0.00601  -0.1080   0.6101   1.0000
   2.500   0.7762   0.01313   0.00617  -0.1062   0.5947   1.0000
   3.000   0.8209   0.01349   0.00646  -0.1040   0.5795   1.0000
   3.500   0.8676   0.01392   0.00680  -0.1023   0.5651   1.0000
   4.000   0.9163   0.01438   0.00717  -0.1009   0.5515   1.0000
   4.500   0.9675   0.01486   0.00751  -0.1000   0.5383   1.0000
   5.000   1.0147   0.01530   0.00796  -0.0984   0.5242   1.0000
   5.500   1.0627   0.01582   0.00849  -0.0970   0.5102   1.0000
   6.000   1.1117   0.01636   0.00899  -0.0958   0.4966   1.0000
   6.500   1.1617   0.01690   0.00947  -0.0947   0.4827   1.0000
   7.000   1.2078   0.01739   0.00998  -0.0930   0.4677   1.0000
   8.000   1.2929   0.01846   0.01116  -0.0884   0.4358   1.0000
   8.500   1.3321   0.01900   0.01176  -0.0855   0.4188   1.0000
   9.000   1.3675   0.01957   0.01239  -0.0820   0.4011   1.0000
   9.500   1.3976   0.02020   0.01307  -0.0777   0.3828   1.0000
  10.000   1.4211   0.02096   0.01386  -0.0723   0.3641   1.0000
  -2.000   0.2469   0.01354   0.00603  -0.1043   0.7712   0.3203
  -1.500   0.3001   0.01304   0.00568  -0.1035   0.7495   0.3833
  -1.000   0.3507   0.01243   0.00550  -0.1022   0.7281   0.5034
  -0.500   0.3971   0.01186   0.00554  -0.0994   0.7071   0.7009
   0.000   0.4454   0.01172   0.00569  -0.0961   0.6870   0.8594
   0.500   0.5227   0.01197   0.00585  -0.0992   0.6659   0.9540
   1.000   0.6286   0.01225   0.00590  -0.1093   0.6445   0.9946
   1.500   0.6856   0.01248   0.00591  -0.1100   0.6264   1.0000
   2.000   0.7300   0.01278   0.00601  -0.1080   0.6101   1.0000
   2.500   0.7762   0.01313   0.00617  -0.1062   0.5947   1.0000
   3.000   0.8209   0.01349   0.00646  -0.1040   0.5795   1.0000
   3.500   0.8676   0.01392   0.00680  -0.1023   0.5651   1.0000
   4.000   0.9163   0.01438   0.00717  -0.1009   0.5515   1.0000
   4.500   0.9675   0.01486   0.00751  -0.1000   0.5383   1.0000
   5.000   1.0147   0.01530   0.00796  -0.0984   0.5242   1.0000
   5.500   1.0627   0.01582   0.00849  -0.0970   0.5102   1.0000
   6.000   1.1117   0.01636   0.00899  -0.0958   0.4966   1.0000
   6.500   1.1617   0.01690   0.00947  -0.0947   0.4827   1.0000
   7.000   1.2078   0.01739   0.00998  -0.0930   0.4677   1.0000
   8.000   1.2929   0.01846   0.01116  -0.0884   0.4358   1.0000
   8.500   1.3321   0.01900   0.01176  -0.0855   0.4188   1.0000
   9.000   1.3675   0.01957   0.01239  -0.0820   0.4011   1.0000
   9.500   1.3976   0.02020   0.01307  -0.0777   0.3828   1.0000
  10.000   1.4211   0.02096   0.01386  -0.0723   0.3641   1.0000
  -2.000   0.2469   0.01354   0.00603  -0.1043   0.7712   0.3203
  -1.500   0.3001   0.01304   0.00568  -0.1035   0.7495   0.3833
  -1.000   0.3507   0.01243   0.00550  -0.1022   0.7281   0.5034
  -0.500   0.3971   0.01186   0.00554  -0.0994   0.7071   0.7009
   0.000   0.4454   0.01172   0.00569  -0.0961   0.6870   0.8594
   0.500   0.5227   0.01197   0.00585  -0.0992   0.6659   0.9540
   1.000   0.6286   0.01225   0.00590  -0.1093   0.6445   0.9946
   1.500   0.6856   0.01248   0.00591  -0.1100   0.6264   1.0000
   2.000   0.7300   0.01278   0.00601  -0.1080   0.6101   1.0000
   2.500   0.7762   0.01313   0.00617  -0.1062   0.5947   1.0000
   3.000   0.8209   0.01349   0.00646  -0.1040   0.5795   1.0000
   3.500   0.8676   0.01392   0.00680  -0.1023   0.5651   1.0000
   4.000   0.9163   0.01438   0.00717  -0.1009   0.5515   1.0000
   4.500   0.9675   0.01486   0.00751  -0.1000   0.5383   1.0000
   5.000   1.0147   0.01530   0.00796  -0.0984   0.5242   1.0000
   5.500   1.0627   0.01582   0.00849  -0.0970   0.5102   1.0000
   6.000   1.1117   0.01636   0.00899  -0.0958   0.4966   1.0000
   6.500   1.1617   0.01690   0.00947  -0.0947   0.4827   1.0000
   7.000   1.2078   0.01739   0.00998  -0.0930   0.4677   1.0000
   8.000   1.2929   0.01846   0.01116  -0.0884   0.4358   1.0000
   8.500   1.3321   0.01900   0.01176  -0.0855   0.4188   1.0000
   9.000   1.3675   0.01957   0.01239  -0.0820   0.4011   1.0000
   9.500   1.3976   0.02020   0.01307  -0.0777   0.3828   1.0000
  10.000   1.4211   0.02096   0.01386  -0.0723   0.3641   1.0000
