  
       XFOIL         Version 6.99
  
 Calculated polar for: NACA 6518                                       
  
 1 1 Reynolds number fixed          Mach number fixed         
  
 xtrf =   1.000 (top)        1.000 (bottom)  
 Mach =   0.050     Re =     0.200 e 6     Ncrit =   9.000
  
   alpha    CL        CD       CDp       CM     Top_Xtr  Bot_Xtr
  ------ -------- --------- --------- -------- -------- --------
  -2.000   0.4809   0.01740   0.00971  -0.1707   0.7796   0.2842
  -1.500   0.5284   0.01734   0.00973  -0.1691   0.7669   0.3144
  -1.000   0.6028   0.01673   0.00910  -0.1724   0.7598   0.3545
  -0.500   0.6480   0.01674   0.00928  -0.1703   0.7462   0.3904
   0.000   0.7079   0.01653   0.00914  -0.1709   0.7359   0.4343
   0.500   0.7674   0.01628   0.00897  -0.1714   0.7247   0.4841
   1.000   0.8166   0.01628   0.00917  -0.1701   0.7119   0.5375
   1.500   0.8816   0.01593   0.00896  -0.1715   0.7020   0.6116
   2.000   0.9252   0.01578   0.00920  -0.1688   0.6884   0.7156
   2.500   0.9744   0.01548   0.00931  -0.1667   0.6756   1.0000
   3.000   1.0392   0.01560   0.00917  -0.1684   0.6643   1.0000
   3.500   1.0865   0.01594   0.00942  -0.1669   0.6501   1.0000
   4.000   1.1338   0.01636   0.00976  -0.1653   0.6362   1.0000
   4.500   1.1877   0.01670   0.00997  -0.1650   0.6233   1.0000
   5.000   1.2429   0.01699   0.01014  -0.1649   0.6099   1.0000
   5.500   1.2825   0.01751   0.01066  -0.1619   0.5948   1.0000
   6.000   1.3251   0.01804   0.01117  -0.1596   0.5803   1.0000
   6.500   1.3708   0.01854   0.01161  -0.1578   0.5660   1.0000
   7.000   1.4196   0.01900   0.01198  -0.1566   0.5515   1.0000
   7.500   1.4507   0.01962   0.01260  -0.1522   0.5361   1.0000
   8.000   1.4785   0.02041   0.01344  -0.1473   0.5202   1.0000
   8.500   1.5081   0.02126   0.01431  -0.1430   0.5042   1.0000
   9.000   1.5369   0.02220   0.01526  -0.1387   0.4878   1.0000
   9.500   1.5635   0.02325   0.01631  -0.1343   0.4711   1.0000
  10.000   1.5869   0.02447   0.01755  -0.1296   0.4539   1.0000
