  
       XFOIL         Version 6.99
  
 Calculated polar for: NACA 7210                                       
  
 1 1 Reynolds number fixed          Mach number fixed         
  
 xtrf =   1.000 (top)        1.000 (bottom)  
 Mach =   0.050     Re =     0.200 e 6     Ncrit =   9.000
  
   alpha    CL        CD       CDp       CM     Top_Xtr  Bot_Xtr
  ------ -------- --------- --------- -------- -------- --------
  -2.000   0.4499   0.03696   0.03062  -0.1120   0.4873   0.0385
  -1.500   0.4821   0.03214   0.02516  -0.1116   0.3894   0.0424
  -1.000   0.5445   0.03338   0.02545  -0.1104   0.3565   0.0485
  -0.500   0.5906   0.02776   0.01961  -0.1118   0.3413   0.0531
   0.000   0.6484   0.02647   0.01773  -0.1114   0.3310   0.0626
   0.500   0.7037   0.02477   0.01564  -0.1114   0.3238   0.0764
   1.000   0.7589   0.02322   0.01373  -0.1114   0.3179   0.0918
   3.000   0.9480   0.00795  -0.00222  -0.1024   0.3016   0.0938
   3.500   1.0014   0.00811  -0.00216  -0.1025   0.2985   0.1182
   4.000   1.0526   0.00828  -0.00198  -0.1022   0.2964   0.1624
   4.500   1.1007   0.00801  -0.00100  -0.1012   0.2941   1.0000
   5.000   1.1511   0.00879  -0.00029  -0.1008   0.2917   1.0000
   5.500   1.2008   0.00961   0.00048  -0.1005   0.2892   1.0000
   6.000   1.2506   0.01051   0.00134  -0.1002   0.2865   1.0000
   6.500   1.3007   0.01164   0.00244  -0.1002   0.2845   1.0000
   7.000   1.3483   0.01306   0.00398  -0.0999   0.2828   1.0000
   7.500   1.3919   0.01442   0.00557  -0.0988   0.2814   1.0000
   8.000   1.4335   0.01604   0.00748  -0.0976   0.2798   1.0000
   8.500   1.4727   0.01782   0.00953  -0.0961   0.2775   1.0000
   9.000   1.5102   0.01990   0.01190  -0.0944   0.2757   1.0000
   9.500   1.5454   0.02227   0.01457  -0.0926   0.2741   1.0000
  10.000   1.5782   0.02491   0.01753  -0.0906   0.2727   1.0000
