  
       XFOIL         Version 6.99
  
 Calculated polar for: NACA 2324                                       
  
 1 1 Reynolds number fixed          Mach number fixed         
  
 xtrf =   1.000 (top)        1.000 (bottom)  
 Mach =   0.050     Re =     0.200 e 6     Ncrit =   9.000
  
   alpha    CL        CD       CDp       CM     Top_Xtr  Bot_Xtr
  ------ -------- --------- --------- -------- -------- --------
  -1.500   0.0348   0.01491   0.00754  -0.0374   0.6297   0.5859
  -1.000   0.0839   0.01496   0.00755  -0.0356   0.6076   0.6143
  -0.500   0.1339   0.01507   0.00760  -0.0340   0.5868   0.6419
   0.000   0.1826   0.01518   0.00769  -0.0322   0.5663   0.6689
   0.500   0.2311   0.01532   0.00785  -0.0303   0.5472   0.6958
   1.000   0.2801   0.01552   0.00806  -0.0286   0.5294   0.7231
   1.500   0.3304   0.01580   0.00830  -0.0272   0.5137   0.7509
   2.000   0.3824   0.01614   0.00856  -0.0260   0.4992   0.7800
   2.500   0.4302   0.01650   0.00908  -0.0238   0.4853   0.8094
   3.000   0.4828   0.01700   0.00954  -0.0227   0.4730   0.8355
   3.500   0.5336   0.01745   0.01000  -0.0212   0.4611   0.8600
   4.000   0.5881   0.01809   0.01063  -0.0206   0.4500   0.8831
   4.500   0.6462   0.01870   0.01119  -0.0207   0.4392   0.9041
   5.000   0.7088   0.01949   0.01197  -0.0219   0.4287   0.9232
   5.500   0.7802   0.02021   0.01259  -0.0250   0.4181   0.9392
   6.000   0.8691   0.02112   0.01351  -0.0321   0.4068   0.9473
   6.500   0.9477   0.02179   0.01404  -0.0370   0.3965   0.9608
   7.000   1.0254   0.02258   0.01492  -0.0423   0.3857   0.9731
   7.500   1.1136   0.02324   0.01539  -0.0494   0.3753   0.9822
   8.000   1.1860   0.02391   0.01622  -0.0541   0.3646   0.9947
   8.500   1.2512   0.02450   0.01664  -0.0571   0.3554   1.0000
   9.000   1.2392   0.02493   0.01726  -0.0460   0.3483   1.0000
   9.500   1.2442   0.02527   0.01755  -0.0376   0.3412   1.0000
  10.000   1.2424   0.02581   0.01809  -0.0280   0.3344   1.0000
