  
       XFOIL         Version 6.99
  
 Calculated polar for: NACA 6318                                       
  
 1 1 Reynolds number fixed          Mach number fixed         
  
 xtrf =   1.000 (top)        1.000 (bottom)  
 Mach =   0.050     Re =     0.200 e 6     Ncrit =   9.000
  
   alpha    CL        CD       CDp       CM     Top_Xtr  Bot_Xtr
  ------ -------- --------- --------- -------- -------- --------
  -2.000   0.4138   0.01715   0.00822  -0.1199   0.6046   0.1305
  -1.000   0.5102   0.01671   0.00746  -0.1167   0.5480   0.1604
  -0.500   0.5587   0.01665   0.00727  -0.1152   0.5247   0.1814
   0.000   0.6079   0.01657   0.00716  -0.1140   0.5063   0.2091
   0.500   0.6581   0.01649   0.00712  -0.1132   0.4918   0.2527
   1.000   0.6929   0.01496   0.00749  -0.1086   0.4805   0.8458
   1.500   0.7948   0.01548   0.00787  -0.1177   0.4673   1.0000
   2.000   0.8427   0.01607   0.00814  -0.1164   0.4593   1.0000
   2.500   0.8875   0.01655   0.00852  -0.1145   0.4516   1.0000
   3.000   0.9377   0.01712   0.00887  -0.1137   0.4445   1.0000
   3.500   0.9885   0.01782   0.00944  -0.1131   0.4384   1.0000
   4.000   1.0372   0.01844   0.01002  -0.1122   0.4326   1.0000
   4.500   1.0894   0.01910   0.01055  -0.1119   0.4270   1.0000
   5.000   1.1440   0.02000   0.01133  -0.1122   0.4218   1.0000
   5.500   1.1894   0.02075   0.01217  -0.1108   0.4170   1.0000
   6.000   1.2382   0.02152   0.01294  -0.1101   0.4119   1.0000
   6.500   1.2927   0.02234   0.01365  -0.1105   0.4070   1.0000
   7.000   1.3434   0.02350   0.01483  -0.1103   0.4029   1.0000
   7.500   1.3821   0.02447   0.01598  -0.1080   0.3981   1.0000
   8.000   1.4264   0.02541   0.01698  -0.1068   0.3932   1.0000
   8.500   1.4794   0.02641   0.01794  -0.1071   0.3891   1.0000
   9.000   1.5259   0.02782   0.01943  -0.1066   0.3847   1.0000
   9.500   1.5532   0.02915   0.02100  -0.1027   0.3800   1.0000
  10.000   1.5868   0.03042   0.02242  -0.1001   0.3753   1.0000
