  
       XFOIL         Version 6.99
  
 Calculated polar for: NACA 5720                                       
  
 1 1 Reynolds number fixed          Mach number fixed         
  
 xtrf =   1.000 (top)        1.000 (bottom)  
 Mach =   0.050     Re =     0.200 e 6     Ncrit =   9.000
  
   alpha    CL        CD       CDp       CM     Top_Xtr  Bot_Xtr
  ------ -------- --------- --------- -------- -------- --------
  -2.000   0.1843   0.02760   0.02051  -0.1402   0.8308   0.3739
  -1.500   0.2661   0.02660   0.01966  -0.1444   0.8264   0.4041
  -0.500   0.4066   0.02479   0.01800  -0.1485   0.8086   0.4643
   0.000   0.4632   0.02408   0.01745  -0.1481   0.7940   0.4920
   0.500   0.5385   0.02270   0.01620  -0.1505   0.7882   0.5229
   1.000   0.5992   0.02168   0.01528  -0.1504   0.7751   0.5523
   1.500   0.6587   0.02080   0.01447  -0.1501   0.7594   0.5814
   2.500   0.8010   0.01852   0.01232  -0.1532   0.7247   0.6365
   3.000   0.8900   0.01728   0.01100  -0.1580   0.7028   0.6632
   3.500   0.9660   0.01698   0.01053  -0.1610   0.6739   0.6875
   4.000   1.0275   0.01726   0.01064  -0.1616   0.6440   0.7103
   4.500   1.0797   0.01775   0.01099  -0.1607   0.6164   0.7323
   5.000   1.1180   0.01840   0.01161  -0.1572   0.5895   0.7535
   5.500   1.1568   0.01902   0.01219  -0.1540   0.5641   0.7750
   6.000   1.1949   0.01966   0.01276  -0.1507   0.5398   0.7970
   6.500   1.2316   0.02032   0.01338  -0.1472   0.5164   0.8195
   7.000   1.2655   0.02099   0.01404  -0.1433   0.4937   0.8434
   7.500   1.2980   0.02171   0.01474  -0.1392   0.4714   0.8718
   8.000   1.3216   0.02232   0.01544  -0.1334   0.4501   0.9243
   8.500   1.3530   0.02334   0.01644  -0.1301   0.4277   1.0000
   9.000   1.3862   0.02472   0.01775  -0.1273   0.4054   1.0000
   9.500   1.4160   0.02621   0.01919  -0.1240   0.3835   1.0000
  10.000   1.4434   0.02781   0.02074  -0.1203   0.3621   1.0000
