  
       XFOIL         Version 6.99
  
 Calculated polar for: NACA 8422                                       
  
 1 1 Reynolds number fixed          Mach number fixed         
  
 xtrf =   1.000 (top)        1.000 (bottom)  
 Mach =   0.050     Re =     0.200 e 6     Ncrit =   9.000
  
   alpha    CL        CD       CDp       CM     Top_Xtr  Bot_Xtr
  ------ -------- --------- --------- -------- -------- --------
  -2.000   0.6230   0.01981   0.01079  -0.1788   0.6142   0.1741
  -1.500   0.6806   0.01967   0.01050  -0.1793   0.6040   0.1891
  -1.000   0.7259   0.01975   0.01060  -0.1776   0.5939   0.2047
  -0.500   0.7828   0.01973   0.01051  -0.1781   0.5850   0.2241
   0.000   0.8294   0.01993   0.01077  -0.1768   0.5762   0.2449
   0.500   0.8811   0.02004   0.01092  -0.1764   0.5684   0.2702
   1.000   0.9406   0.02030   0.01115  -0.1776   0.5615   0.3027
   1.500   0.9796   0.02055   0.01160  -0.1750   0.5538   0.3379
   2.000   1.0350   0.02058   0.01183  -0.1755   0.5476   0.4001
   3.000   1.1199   0.02059   0.01320  -0.1708   0.5348   1.0000
   3.500   1.1726   0.02120   0.01361  -0.1709   0.5291   1.0000
   4.000   1.2388   0.02196   0.01411  -0.1735   0.5236   1.0000
   4.500   1.2544   0.02295   0.01522  -0.1669   0.5174   1.0000
   5.000   1.2958   0.02378   0.01598  -0.1651   0.5117   1.0000
   5.500   1.3653   0.02434   0.01632  -0.1683   0.5066   1.0000
   6.000   1.3845   0.02573   0.01781  -0.1629   0.5009   1.0000
   6.500   1.4033   0.02714   0.01930  -0.1576   0.4949   1.0000
   7.000   1.4590   0.02774   0.01979  -0.1584   0.4897   1.0000
   7.500   1.5161   0.02876   0.02072  -0.1597   0.4848   1.0000
   8.000   1.4929   0.03146   0.02370  -0.1485   0.4780   1.0000
   8.500   1.5275   0.03264   0.02488  -0.1464   0.4724   1.0000
   9.000   1.6086   0.03270   0.02477  -0.1511   0.4682   1.0000
   9.500   1.5347   0.03832   0.03083  -0.1349   0.4597   1.0000
  10.000   1.5541   0.04045   0.03302  -0.1315   0.4537   1.0000
