  
       XFOIL         Version 6.99
  
 Calculated polar for: NACA 9316                                       
  
 1 1 Reynolds number fixed          Mach number fixed         
  
 xtrf =   1.000 (top)        1.000 (bottom)  
 Mach =   0.050     Re =     0.200 e 6     Ncrit =   9.000
  
   alpha    CL        CD       CDp       CM     Top_Xtr  Bot_Xtr
  ------ -------- --------- --------- -------- -------- --------
  -2.000   0.6393   0.03489   0.02818  -0.1612   0.5043   0.0932
  -1.500   0.6902   0.03213   0.02495  -0.1622   0.4874   0.1030
  -1.000   0.7438   0.02993   0.02226  -0.1631   0.4747   0.1157
  -0.500   0.7975   0.02805   0.01999  -0.1637   0.4641   0.1302
   0.000   0.8539   0.02655   0.01811  -0.1646   0.4559   0.1474
   0.500   0.9240   0.02180   0.01204  -0.1653   0.4487   0.0969
   1.000   0.9820   0.02160   0.01152  -0.1661   0.4421   0.1082
   1.500   1.0344   0.02150   0.01139  -0.1658   0.4368   0.1220
   2.000   1.0877   0.02159   0.01142  -0.1657   0.4318   0.1399
   2.500   1.1430   0.02174   0.01156  -0.1662   0.4274   0.1629
   3.000   1.2027   0.02222   0.01199  -0.1676   0.4232   0.1963
   3.500   1.2506   0.02250   0.01249  -0.1669   0.4192   0.2457
   4.000   1.2963   0.02185   0.01310  -0.1654   0.4156   1.0000
   4.500   1.3485   0.02269   0.01377  -0.1654   0.4122   1.0000
   5.000   1.4036   0.02360   0.01451  -0.1661   0.4091   1.0000
   5.500   1.4615   0.02487   0.01562  -0.1675   0.4057   1.0000
   6.000   1.5016   0.02583   0.01670  -0.1656   0.4028   1.0000
   6.500   1.5435   0.02696   0.01792  -0.1641   0.3999   1.0000
   7.000   1.5861   0.02815   0.01917  -0.1629   0.3970   1.0000
   7.500   1.6311   0.02933   0.02039  -0.1621   0.3941   1.0000
   8.000   1.6821   0.03050   0.02151  -0.1625   0.3912   1.0000
   8.500   1.7363   0.03233   0.02334  -0.1638   0.3884   1.0000
   9.000   1.7554   0.03404   0.02534  -0.1589   0.3862   1.0000
   9.500   1.7671   0.03607   0.02764  -0.1531   0.3835   1.0000
  10.000   1.7788   0.03821   0.02999  -0.1476   0.3803   1.0000
