  
       XFOIL         Version 6.99
  
 Calculated polar for: NACA 9230                                       
  
 1 1 Reynolds number fixed          Mach number fixed         
  
 xtrf =   1.000 (top)        1.000 (bottom)  
 Mach =   0.050     Re =     0.200 e 6     Ncrit =   9.000
  
   alpha    CL        CD       CDp       CM     Top_Xtr  Bot_Xtr
  ------ -------- --------- --------- -------- -------- --------
  -2.000   0.3485   0.04009   0.03208  -0.0731   0.4025   0.1170
  -1.000   0.3809   0.03931   0.03063  -0.0640   0.3596   0.1285
  -0.500   0.4060   0.03917   0.03005  -0.0609   0.3450   0.1380
   0.000   0.4366   0.03865   0.02932  -0.0587   0.3338   0.1500
   0.500   0.4811   0.03833   0.02835  -0.0561   0.3255   0.1169
   2.000   0.6143   0.03740   0.02658  -0.0528   0.3095   0.1045
   2.500   0.6560   0.03771   0.02691  -0.0522   0.3057   0.1086
   3.000   0.7004   0.03814   0.02725  -0.0518   0.3025   0.1127
   3.500   0.7519   0.03837   0.02739  -0.0523   0.2996   0.1187
   4.000   0.8066   0.03882   0.02773  -0.0531   0.2972   0.1254
   4.500   0.8401   0.03998   0.02907  -0.0521   0.2952   0.1329
   5.000   0.8741   0.04123   0.03046  -0.0513   0.2930   0.1409
   5.500   0.9094   0.04259   0.03189  -0.0508   0.2909   0.1515
   6.000   0.9471   0.04400   0.03329  -0.0507   0.2892   0.1666
   6.500   0.9873   0.04529   0.03464  -0.0509   0.2876   0.2072
   7.000   1.0245   0.04498   0.03650  -0.0496   0.2862   1.0000
   7.500   1.0678   0.04663   0.03795  -0.0501   0.2848   1.0000
   8.000   1.1133   0.04862   0.03979  -0.0510   0.2834   1.0000
   8.500   1.1142   0.05264   0.04396  -0.0483   0.2826   1.0000
   9.000   1.0888   0.05876   0.05039  -0.0444   0.2818   1.0000
