  
       XFOIL         Version 6.99
  
 Calculated polar for: NACA 6616                                       
  
 1 1 Reynolds number fixed          Mach number fixed         
  
 xtrf =   1.000 (top)        1.000 (bottom)  
 Mach =   0.050     Re =     0.200 e 6     Ncrit =   9.000
  
   alpha    CL        CD       CDp       CM     Top_Xtr  Bot_Xtr
  ------ -------- --------- --------- -------- -------- --------
  -2.000   0.3216   0.02801   0.02075  -0.1659   0.8321   0.2866
  -1.500   0.4031   0.02723   0.02006  -0.1702   0.8294   0.3304
  -1.000   0.4466   0.02747   0.02044  -0.1683   0.8159   0.3656
  -0.500   0.5276   0.02650   0.01956  -0.1722   0.8131   0.4136
   0.500   0.6534   0.02543   0.01878  -0.1738   0.7968   0.5015
   1.000   0.7353   0.02393   0.01744  -0.1773   0.7951   0.5494
   3.000   1.0036   0.01959   0.01361  -0.1816   0.7624   0.7215
   4.000   1.1042   0.01758   0.01217  -0.1772   0.7326   1.0000
   4.500   1.1708   0.01697   0.01144  -0.1788   0.7153   1.0000
   5.000   1.2336   0.01652   0.01087  -0.1796   0.6945   1.0000
   5.500   1.2816   0.01659   0.01085  -0.1778   0.6677   1.0000
   6.000   1.3372   0.01661   0.01067  -0.1773   0.6391   1.0000
   6.500   1.3780   0.01717   0.01108  -0.1743   0.6068   1.0000
   7.000   1.4152   0.01800   0.01176  -0.1708   0.5747   1.0000
   7.500   1.4483   0.01902   0.01263  -0.1668   0.5436   1.0000
   8.000   1.4779   0.02016   0.01362  -0.1622   0.5134   1.0000
   8.500   1.4983   0.02158   0.01502  -0.1564   0.4831   1.0000
   9.000   1.5194   0.02311   0.01647  -0.1509   0.4536   1.0000
   9.500   1.5373   0.02486   0.01815  -0.1452   0.4235   1.0000
  10.000   1.5528   0.02685   0.02012  -0.1395   0.3929   1.0000
