  
       XFOIL         Version 6.99
  
 Calculated polar for: NACA 2814                                       
  
 1 1 Reynolds number fixed          Mach number fixed         
  
 xtrf =   1.000 (top)        1.000 (bottom)  
 Mach =   0.050     Re =     0.200 e 6     Ncrit =   9.000
  
   alpha    CL        CD       CDp       CM     Top_Xtr  Bot_Xtr
  ------ -------- --------- --------- -------- -------- --------
  -2.000  -0.0734   0.01619   0.00991  -0.0629   0.9682   0.5455
  -1.500   0.0086   0.01604   0.00996  -0.0679   0.9557   0.5980
  -1.000   0.0872   0.01572   0.00982  -0.0720   0.9417   0.6467
  -0.500   0.1592   0.01524   0.00954  -0.0743   0.9248   0.6896
   0.000   0.2285   0.01465   0.00911  -0.0757   0.9067   0.7278
   0.500   0.2966   0.01392   0.00852  -0.0765   0.8878   0.7614
   1.000   0.3558   0.01313   0.00783  -0.0755   0.8620   0.7923
   1.500   0.4189   0.01224   0.00702  -0.0749   0.8293   0.8192
   2.000   0.5216   0.01130   0.00598  -0.0825   0.7878   0.8444
   2.500   0.5907   0.01136   0.00577  -0.0839   0.7232   0.8678
   3.000   0.6361   0.01166   0.00584  -0.0807   0.6649   0.8937
   3.500   0.6726   0.01187   0.00588  -0.0757   0.6117   0.9216
   4.000   0.7115   0.01207   0.00592  -0.0715   0.5600   0.9541
   4.500   0.7751   0.01253   0.00617  -0.0731   0.5017   0.9907
   5.000   0.8236   0.01312   0.00652  -0.0723   0.4473   1.0000
   5.500   0.8720   0.01389   0.00704  -0.0715   0.3924   1.0000
   6.000   0.9189   0.01477   0.00768  -0.0704   0.3371   1.0000
   6.500   0.9639   0.01576   0.00844  -0.0688   0.2820   1.0000
   7.000   1.0061   0.01693   0.00935  -0.0668   0.2303   1.0000
   7.500   1.0445   0.01830   0.01045  -0.0642   0.1866   1.0000
   8.000   1.0811   0.01972   0.01171  -0.0612   0.1527   1.0000
   9.000   1.1492   0.02300   0.01482  -0.0545   0.1104   1.0000
   9.500   1.1814   0.02479   0.01661  -0.0510   0.0971   1.0000
  10.000   1.2121   0.02677   0.01859  -0.0475   0.0871   1.0000
