  
       XFOIL         Version 6.99
  
 Calculated polar for: NACA 3630                                       
  
 1 1 Reynolds number fixed          Mach number fixed         
  
 xtrf =   1.000 (top)        1.000 (bottom)  
 Mach =   0.050     Re =     0.200 e 6     Ncrit =   9.000
  
   alpha    CL        CD       CDp       CM     Top_Xtr  Bot_Xtr
  ------ -------- --------- --------- -------- -------- --------
  -2.000   0.0930   0.01935   0.01144  -0.0819   0.6875   0.4226
  -1.500   0.1395   0.01922   0.01127  -0.0801   0.6715   0.4372
  -1.000   0.2011   0.01894   0.01095  -0.0811   0.6568   0.4524
  -0.500   0.2419   0.01888   0.01078  -0.0783   0.6405   0.4677
   0.000   0.2804   0.01888   0.01089  -0.0750   0.6243   0.4825
   0.500   0.3324   0.01887   0.01081  -0.0743   0.6097   0.4990
   1.000   0.3831   0.01895   0.01080  -0.0733   0.5948   0.5163
   1.500   0.4121   0.01910   0.01107  -0.0684   0.5798   0.5315
   2.000   0.4654   0.01929   0.01115  -0.0681   0.5663   0.5499
   2.500   0.5033   0.01953   0.01145  -0.0648   0.5523   0.5672
   3.000   0.5429   0.01988   0.01186  -0.0621   0.5389   0.5847
   3.500   0.6026   0.02017   0.01197  -0.0630   0.5262   0.6047
   4.000   0.6270   0.02068   0.01270  -0.0577   0.5131   0.6226
   4.500   0.6815   0.02099   0.01293  -0.0577   0.5014   0.6433
   5.000   0.7105   0.02157   0.01363  -0.0535   0.4888   0.6636
   5.500   0.7558   0.02202   0.01411  -0.0520   0.4775   0.6848
   6.000   0.7913   0.02256   0.01468  -0.0491   0.4657   0.7075
   6.500   0.8289   0.02322   0.01543  -0.0466   0.4546   0.7318
   7.000   0.8674   0.02371   0.01600  -0.0441   0.4437   0.7579
   7.500   0.8971   0.02455   0.01700  -0.0406   0.4329   0.7869
   8.000   0.9358   0.02507   0.01757  -0.0381   0.4226   0.8220
   8.500   0.9555   0.02612   0.01885  -0.0330   0.4123   0.8684
   9.000   0.9978   0.02677   0.01956  -0.0309   0.4024   0.9357
   9.500   1.0547   0.02855   0.02144  -0.0346   0.3907   1.0000
  10.000   1.1010   0.02891   0.02150  -0.0344   0.3815   1.0000
