  
       XFOIL         Version 6.99
  
 Calculated polar for: NACA 2518                                       
  
 1 1 Reynolds number fixed          Mach number fixed         
  
 xtrf =   1.000 (top)        1.000 (bottom)  
 Mach =   0.050     Re =     0.200 e 6     Ncrit =   9.000
  
   alpha    CL        CD       CDp       CM     Top_Xtr  Bot_Xtr
  ------ -------- --------- --------- -------- -------- --------
  -2.000   0.0322   0.01365   0.00676  -0.0644   0.8233   0.5000
  -1.500   0.0862   0.01328   0.00651  -0.0633   0.8043   0.5393
  -1.000   0.1404   0.01297   0.00630  -0.0622   0.7846   0.5804
  -0.500   0.1943   0.01271   0.00614  -0.0611   0.7643   0.6242
   0.000   0.2480   0.01251   0.00603  -0.0599   0.7433   0.6708
   0.500   0.3003   0.01238   0.00601  -0.0583   0.7213   0.7198
   1.000   0.3508   0.01232   0.00610  -0.0562   0.6982   0.7708
   1.500   0.4010   0.01237   0.00624  -0.0540   0.6748   0.8241
   2.000   0.4529   0.01254   0.00645  -0.0519   0.6511   0.8745
   2.500   0.5133   0.01286   0.00670  -0.0516   0.6269   0.9165
   3.000   0.5859   0.01329   0.00696  -0.0541   0.6019   0.9489
   3.500   0.6756   0.01370   0.00730  -0.0608   0.5725   0.9681
   4.000   0.7684   0.01407   0.00747  -0.0683   0.5433   0.9855
   4.500   0.8561   0.01437   0.00769  -0.0753   0.5120   1.0000
   5.000   0.8860   0.01462   0.00781  -0.0708   0.4877   1.0000
   5.500   0.9162   0.01499   0.00802  -0.0662   0.4639   1.0000
   6.000   0.9449   0.01540   0.00836  -0.0612   0.4394   1.0000
   6.500   0.9736   0.01587   0.00876  -0.0560   0.4148   1.0000
   7.000   1.0024   0.01642   0.00920  -0.0509   0.3907   1.0000
   7.500   1.0315   0.01709   0.00973  -0.0460   0.3668   1.0000
   8.000   1.0597   0.01776   0.01038  -0.0411   0.3422   1.0000
   8.500   1.0849   0.01855   0.01110  -0.0357   0.3185   1.0000
   9.000   1.1086   0.01954   0.01197  -0.0304   0.2958   1.0000
   9.500   1.1335   0.02065   0.01306  -0.0257   0.2729   1.0000
  10.000   1.1574   0.02196   0.01435  -0.0213   0.2505   1.0000
