  
       XFOIL         Version 6.99
  
 Calculated polar for: NACA 5522                                       
  
 1 1 Reynolds number fixed          Mach number fixed         
  
 xtrf =   1.000 (top)        1.000 (bottom)  
 Mach =   0.050     Re =     0.200 e 6     Ncrit =   9.000
  
   alpha    CL        CD       CDp       CM     Top_Xtr  Bot_Xtr
  ------ -------- --------- --------- -------- -------- --------
  -2.000   0.3579   0.01749   0.00968  -0.1391   0.7407   0.3442
  -1.500   0.4048   0.01744   0.00969  -0.1373   0.7274   0.3687
  -1.000   0.4765   0.01704   0.00922  -0.1401   0.7181   0.3995
  -0.500   0.5192   0.01706   0.00933  -0.1374   0.7039   0.4271
   0.000   0.5737   0.01695   0.00930  -0.1371   0.6918   0.4585
   0.500   0.6337   0.01675   0.00914  -0.1376   0.6801   0.4938
   1.000   0.6793   0.01686   0.00934  -0.1356   0.6664   0.5305
   1.500   0.7378   0.01675   0.00932  -0.1359   0.6548   0.5730
   2.000   0.7867   0.01672   0.00944  -0.1344   0.6415   0.6202
   2.500   0.8315   0.01681   0.00974  -0.1321   0.6282   0.6772
   3.500   0.9206   0.01671   0.01020  -0.1262   0.6028   0.8806
   4.000   0.9996   0.01706   0.01051  -0.1311   0.5888   1.0000
   4.500   1.0548   0.01734   0.01054  -0.1312   0.5765   1.0000
   5.000   1.0868   0.01779   0.01093  -0.1270   0.5626   1.0000
   5.500   1.1239   0.01831   0.01138  -0.1238   0.5493   1.0000
   6.000   1.1764   0.01873   0.01162  -0.1233   0.5368   1.0000
   6.500   1.2031   0.01934   0.01221  -0.1182   0.5231   1.0000
   7.000   1.2364   0.02006   0.01291  -0.1146   0.5096   1.0000
   7.500   1.2820   0.02066   0.01338  -0.1131   0.4968   1.0000
   8.000   1.3122   0.02145   0.01416  -0.1091   0.4833   1.0000
   8.500   1.3391   0.02247   0.01520  -0.1048   0.4696   1.0000
   9.000   1.3753   0.02336   0.01604  -0.1022   0.4566   1.0000
   9.500   1.4122   0.02423   0.01681  -0.0997   0.4432   1.0000
  10.000   1.4268   0.02576   0.01846  -0.0942   0.4293   1.0000
