  
       XFOIL         Version 6.99
  
 Calculated polar for: NACA 9834                                       
  
 1 1 Reynolds number fixed          Mach number fixed         
  
 xtrf =   1.000 (top)        1.000 (bottom)  
 Mach =   0.050     Re =     0.200 e 6     Ncrit =   9.000
  
   alpha    CL        CD       CDp       CM     Top_Xtr  Bot_Xtr
  ------ -------- --------- --------- -------- -------- --------
  -2.000   0.2877   0.03514   0.02792  -0.1985   0.7104   0.3160
  -1.500   0.4105   0.03308   0.02567  -0.2118   0.7065   0.3302
  -1.000   0.4391   0.03441   0.02714  -0.2083   0.6893   0.3385
  -0.500   0.5564   0.03281   0.02531  -0.2207   0.6829   0.3533
   0.000   0.5838   0.03417   0.02684  -0.2168   0.6673   0.3622
   0.500   0.6884   0.03328   0.02569  -0.2269   0.6585   0.3767
   1.000   0.7193   0.03441   0.02702  -0.2236   0.6447   0.3870
   1.500   0.7984   0.03424   0.02671  -0.2289   0.6341   0.4011
   2.000   0.8490   0.03496   0.02749  -0.2292   0.6223   0.4130
   2.500   0.9008   0.03564   0.02818  -0.2296   0.6104   0.4257
   3.000   0.9791   0.03553   0.02796  -0.2348   0.6006   0.4404
   3.500   0.9969   0.03744   0.03003  -0.2294   0.5876   0.4509
   4.000   1.0933   0.03675   0.02909  -0.2377   0.5787   0.4679
   4.500   1.0918   0.03944   0.03206  -0.2291   0.5659   0.4772
   5.000   1.1572   0.03969   0.03220  -0.2318   0.5564   0.4928
   5.500   1.1901   0.04134   0.03394  -0.2294   0.5456   0.5051
   6.000   1.2197   0.04282   0.03552  -0.2260   0.5351   0.5175
   6.500   1.3095   0.04227   0.03472  -0.2329   0.5267   0.5350
   7.000   1.2858   0.04624   0.03904  -0.2214   0.5149   0.5433
   7.500   1.3420   0.04651   0.03923  -0.2222   0.5066   0.5585
   8.000   1.3631   0.04930   0.04211  -0.2189   0.4962   0.5710
   8.500   1.3768   0.05135   0.04430  -0.2131   0.4867   0.5811
   9.000   1.4604   0.05028   0.04300  -0.2180   0.4793   0.5983
   9.500   1.4209   0.05674   0.04982  -0.2069   0.4675   0.6066
  10.000   1.4548   0.05712   0.05020  -0.2035   0.4601   0.6164
