  
       XFOIL         Version 6.99
  
 Calculated polar for: NACA 8530                                       
  
 1 1 Reynolds number fixed          Mach number fixed         
  
 xtrf =   1.000 (top)        1.000 (bottom)  
 Mach =   0.050     Re =     0.200 e 6     Ncrit =   9.000
  
   alpha    CL        CD       CDp       CM     Top_Xtr  Bot_Xtr
  ------ -------- --------- --------- -------- -------- --------
  -2.000   0.4109   0.02759   0.01925  -0.1597   0.6507   0.2591
  -1.500   0.5196   0.02607   0.01758  -0.1688   0.6478   0.2759
  -1.000   0.4763   0.02897   0.02067  -0.1539   0.6326   0.2808
  -0.500   0.5781   0.02738   0.01897  -0.1615   0.6298   0.2989
   0.000   0.5413   0.03080   0.02256  -0.1486   0.6148   0.3052
   0.500   0.6365   0.02919   0.02087  -0.1548   0.6117   0.3246
   1.000   0.7447   0.02763   0.01917  -0.1634   0.6088   0.3472
   1.500   0.6907   0.03166   0.02344  -0.1482   0.5935   0.3532
   2.000   0.7933   0.02989   0.02158  -0.1555   0.5909   0.3778
   3.000   0.7235   0.03923   0.03119  -0.1339   0.5619   0.3968
   3.500   0.9104   0.03249   0.02432  -0.1510   0.5678   0.4382
   4.000   0.8783   0.03671   0.02872  -0.1405   0.5543   0.4515
   4.500   0.9838   0.03444   0.02638  -0.1476   0.5522   0.4876
   5.000   0.9106   0.04162   0.03382  -0.1331   0.5355   0.4962
   5.500   1.0148   0.03879   0.03102  -0.1395   0.5340   0.5399
   6.000   1.1266   0.03620   0.02843  -0.1472   0.5319   0.5945
   6.500   1.0397   0.04421   0.03680  -0.1317   0.5154   0.6110
   7.000   1.1448   0.04102   0.03382  -0.1377   0.5140   0.7064
   8.000   1.1496   0.04653   0.03986  -0.1267   0.4956   1.0000
