  
       XFOIL         Version 6.99
  
 Calculated polar for: NACA 3210                                       
  
 1 1 Reynolds number fixed          Mach number fixed         
  
 xtrf =   1.000 (top)        1.000 (bottom)  
 Mach =   0.050     Re =     0.200 e 6     Ncrit =   9.000
  
   alpha    CL        CD       CDp       CM     Top_Xtr  Bot_Xtr
  ------ -------- --------- --------- -------- -------- --------
  -2.000   0.1057   0.01467   0.00713  -0.0612   0.9154   0.0752
  -1.500   0.1645   0.01331   0.00579  -0.0608   0.8894   0.0915
  -1.000   0.2189   0.01225   0.00473  -0.0595   0.8566   0.1176
  -0.500   0.2706   0.01116   0.00376  -0.0579   0.8172   0.1868
   0.000   0.3540   0.00881   0.00355  -0.0617   0.7704   1.0000
   0.500   0.4019   0.00898   0.00327  -0.0595   0.7131   1.0000
   1.000   0.4488   0.00930   0.00312  -0.0572   0.6455   1.0000
   1.500   0.4944   0.00981   0.00311  -0.0548   0.5652   1.0000
   2.000   0.5394   0.01053   0.00325  -0.0526   0.4828   1.0000
   2.500   0.5862   0.01130   0.00355  -0.0509   0.4236   1.0000
   3.000   0.6350   0.01205   0.00395  -0.0497   0.3897   1.0000
   3.500   0.6860   0.01270   0.00444  -0.0488   0.3686   1.0000
   4.000   0.7375   0.01338   0.00497  -0.0481   0.3532   1.0000
   4.500   0.7897   0.01412   0.00560  -0.0476   0.3417   1.0000
   5.000   0.8422   0.01478   0.00626  -0.0471   0.3313   1.0000
   5.500   0.8949   0.01556   0.00708  -0.0467   0.3226   1.0000
   6.000   0.9478   0.01639   0.00789  -0.0463   0.3141   1.0000
   6.500   0.9999   0.01721   0.00889  -0.0459   0.3061   1.0000
   7.000   1.0529   0.01824   0.00991  -0.0457   0.2981   1.0000
   7.500   1.1032   0.01903   0.01099  -0.0450   0.2892   1.0000
   8.000   1.1528   0.01986   0.01197  -0.0442   0.2777   1.0000
   8.500   1.1984   0.02017   0.01241  -0.0428   0.2601   1.0000
   9.000   1.2440   0.02065   0.01309  -0.0414   0.2451   1.0000
   9.500   1.2873   0.02098   0.01365  -0.0396   0.2285   1.0000
  10.000   1.3276   0.02120   0.01408  -0.0374   0.2079   1.0000
