  
       XFOIL         Version 6.99
  
 Calculated polar for: NACA 8234                                       
  
 1 1 Reynolds number fixed          Mach number fixed         
  
 xtrf =   1.000 (top)        1.000 (bottom)  
 Mach =   0.050     Re =     0.200 e 6     Ncrit =   9.000
  
   alpha    CL        CD       CDp       CM     Top_Xtr  Bot_Xtr
  ------ -------- --------- --------- -------- -------- --------
  -2.000   0.2694   0.03063   0.02072  -0.0541   0.4427   0.1117
  -1.500   0.2890   0.03089   0.02082  -0.0493   0.4258   0.1150
  -1.000   0.3085   0.03117   0.02096  -0.0447   0.4085   0.1176
  -0.500   0.3268   0.03173   0.02148  -0.0404   0.3909   0.1206
   0.000   0.3461   0.03260   0.02222  -0.0365   0.3744   0.1246
   0.500   0.3689   0.03341   0.02289  -0.0332   0.3599   0.1285
   1.000   0.3975   0.03413   0.02348  -0.0308   0.3479   0.1330
   1.500   0.4233   0.03529   0.02463  -0.0283   0.3379   0.1383
   2.000   0.4607   0.03569   0.02499  -0.0272   0.3304   0.1449
   2.500   0.4914   0.03672   0.02604  -0.0256   0.3239   0.1521
   3.000   0.5326   0.03725   0.02648  -0.0252   0.3185   0.1622
   3.500   0.5709   0.03811   0.02732  -0.0247   0.3140   0.1755
   4.500   0.6373   0.03875   0.03001  -0.0225   0.3067   0.6686
   5.000   0.6726   0.03935   0.03116  -0.0194   0.3040   0.8238
   5.500   0.7270   0.04047   0.03238  -0.0194   0.3013   0.9355
   6.000   0.7856   0.04388   0.03587  -0.0251   0.2988   0.9854
   6.500   0.8500   0.04723   0.03922  -0.0323   0.2962   1.0000
   7.000   0.8526   0.04890   0.04084  -0.0277   0.2944   1.0000
   7.500   0.8673   0.05081   0.04267  -0.0251   0.2924   1.0000
   8.000   0.8950   0.05253   0.04427  -0.0241   0.2906   1.0000
   8.500   0.9314   0.05415   0.04575  -0.0241   0.2891   1.0000
   9.000   0.9562   0.05698   0.04855  -0.0236   0.2876   1.0000
