  
       XFOIL         Version 6.99
  
 Calculated polar for: NACA 6620                                       
  
 1 1 Reynolds number fixed          Mach number fixed         
  
 xtrf =   1.000 (top)        1.000 (bottom)  
 Mach =   0.050     Re =     0.200 e 6     Ncrit =   9.000
  
   alpha    CL        CD       CDp       CM     Top_Xtr  Bot_Xtr
  ------ -------- --------- --------- -------- -------- --------
  -1.000   0.4269   0.02680   0.01958  -0.1596   0.7771   0.3665
   0.500   0.6462   0.02325   0.01628  -0.1666   0.7616   0.4657
   2.500   0.9218   0.01954   0.01291  -0.1731   0.7250   0.6002
   3.000   0.9713   0.01935   0.01276  -0.1715   0.7085   0.6319
   3.500   1.0247   0.01904   0.01251  -0.1706   0.6918   0.6628
   4.000   1.0793   0.01877   0.01228  -0.1699   0.6740   0.6964
   4.500   1.1317   0.01859   0.01214  -0.1690   0.6547   0.7314
   5.000   1.1828   0.01850   0.01210  -0.1678   0.6346   0.7731
   5.500   1.2285   0.01845   0.01215  -0.1655   0.6141   0.8416
   6.000   1.2743   0.01856   0.01220  -0.1636   0.5933   1.0000
   6.500   1.3243   0.01923   0.01266  -0.1629   0.5725   1.0000
   7.000   1.3669   0.02008   0.01334  -0.1610   0.5519   1.0000
   7.500   1.4031   0.02106   0.01422  -0.1579   0.5319   1.0000
   8.000   1.4346   0.02215   0.01523  -0.1542   0.5123   1.0000
   8.500   1.4629   0.02337   0.01640  -0.1500   0.4929   1.0000
   9.000   1.4886   0.02471   0.01771  -0.1456   0.4737   1.0000
   9.500   1.5124   0.02618   0.01916  -0.1411   0.4547   1.0000
  10.000   1.5346   0.02780   0.02076  -0.1366   0.4358   1.0000
