  
       XFOIL         Version 6.99
  
 Calculated polar for: NACA 2816                                       
  
 1 1 Reynolds number fixed          Mach number fixed         
  
 xtrf =   1.000 (top)        1.000 (bottom)  
 Mach =   0.050     Re =     0.200 e 6     Ncrit =   9.000
  
   alpha    CL        CD       CDp       CM     Top_Xtr  Bot_Xtr
  ------ -------- --------- --------- -------- -------- --------
  -2.000  -0.0393   0.01671   0.01032  -0.0692   0.9290   0.5308
  -1.500   0.0343   0.01610   0.00988  -0.0721   0.9144   0.5721
  -1.000   0.1060   0.01537   0.00933  -0.0744   0.8990   0.6118
  -0.500   0.1758   0.01455   0.00868  -0.0759   0.8826   0.6494
   0.000   0.2430   0.01362   0.00790  -0.0766   0.8649   0.6850
   0.500   0.3027   0.01291   0.00730  -0.0758   0.8364   0.7182
   1.000   0.3882   0.01212   0.00657  -0.0800   0.8079   0.7474
   1.500   0.4847   0.01187   0.00615  -0.0868   0.7648   0.7748
   2.000   0.5475   0.01224   0.00629  -0.0872   0.7142   0.7996
   2.500   0.5954   0.01263   0.00652  -0.0846   0.6676   0.8220
   3.000   0.6393   0.01298   0.00671  -0.0812   0.6246   0.8452
   3.500   0.6816   0.01330   0.00688  -0.0778   0.5835   0.8697
   4.000   0.7178   0.01351   0.00700  -0.0729   0.5443   0.8934
   5.000   0.7890   0.01391   0.00723  -0.0635   0.4683   0.9517
   5.500   0.8493   0.01437   0.00757  -0.0646   0.4252   0.9850
   6.000   0.8985   0.01494   0.00799  -0.0642   0.3847   1.0000
   6.500   0.9447   0.01568   0.00858  -0.0631   0.3451   1.0000
   7.000   0.9882   0.01654   0.00927  -0.0615   0.3067   1.0000
   7.500   1.0289   0.01752   0.01009  -0.0593   0.2700   1.0000
   8.000   1.0676   0.01865   0.01107  -0.0568   0.2358   1.0000
   8.500   1.1039   0.01993   0.01221  -0.0540   0.2053   1.0000
   9.000   1.1365   0.02143   0.01354  -0.0506   0.1795   1.0000
   9.500   1.1695   0.02291   0.01500  -0.0474   0.1573   1.0000
  10.000   1.1984   0.02464   0.01666  -0.0438   0.1398   1.0000
