  
       XFOIL         Version 6.99
  
 Calculated polar for: NACA 6434                                       
  
 1 1 Reynolds number fixed          Mach number fixed         
  
 xtrf =   1.000 (top)        1.000 (bottom)  
 Mach =   0.050     Re =     0.200 e 6     Ncrit =   9.000
  
   alpha    CL        CD       CDp       CM     Top_Xtr  Bot_Xtr
  ------ -------- --------- --------- -------- -------- --------
  -2.000   0.2894   0.02439   0.01501  -0.1047   0.5565   0.3035
  -1.500   0.2910   0.02473   0.01543  -0.0956   0.5493   0.3128
  -1.000   0.3251   0.02485   0.01566  -0.0925   0.5424   0.3258
  -0.500   0.3916   0.02469   0.01541  -0.0950   0.5369   0.3428
   0.000   0.4124   0.02541   0.01622  -0.0899   0.5305   0.3574
   0.500   0.4333   0.02594   0.01693  -0.0849   0.5238   0.3736
   1.000   0.4907   0.02593   0.01691  -0.0859   0.5186   0.3969
   1.500   0.5521   0.02613   0.01718  -0.0878   0.5133   0.4262
   2.000   0.5343   0.02781   0.01916  -0.0773   0.5064   0.4486
   2.500   0.5715   0.02830   0.01992  -0.0754   0.5009   0.4912
   3.000   0.6495   0.02788   0.01963  -0.0793   0.4965   0.5601
   3.500   0.6327   0.03031   0.02244  -0.0700   0.4898   0.6067
   4.000   0.6187   0.03294   0.02545  -0.0618   0.4825   0.6537
   4.500   0.6899   0.03243   0.02501  -0.0640   0.4786   0.7172
   5.000   0.7400   0.03311   0.02583  -0.0636   0.4741   0.7744
   5.500   0.5865   0.04359   0.03700  -0.0420   0.4599   0.8038
   6.000   0.6762   0.04106   0.03450  -0.0438   0.4586   0.8882
   6.500   0.8063   0.03906   0.03228  -0.0532   0.4569   0.9559
