  
       XFOIL         Version 6.99
  
 Calculated polar for: NACA 9514                                       
  
 1 1 Reynolds number fixed          Mach number fixed         
  
 xtrf =   1.000 (top)        1.000 (bottom)  
 Mach =   0.050     Re =     0.200 e 6     Ncrit =   9.000
  
   alpha    CL        CD       CDp       CM     Top_Xtr  Bot_Xtr
  ------ -------- --------- --------- -------- -------- --------
  -2.000   0.7891   0.02116   0.01352  -0.2482   0.7871   0.1398
  -1.500   0.8233   0.02159   0.01397  -0.2445   0.7752   0.1589
  -1.000   0.9053   0.02047   0.01281  -0.2496   0.7719   0.1931
  -0.500   0.9445   0.02089   0.01328  -0.2468   0.7610   0.2231
   0.000   1.0207   0.02010   0.01252  -0.2507   0.7563   0.2690
   0.500   1.0659   0.02043   0.01293  -0.2491   0.7465   0.3117
   1.500   1.1829   0.02015   0.01290  -0.2505   0.7310   0.4277
   2.000   1.2474   0.01976   0.01271  -0.2524   0.7237   0.5144
   2.500   1.2926   0.01972   0.01320  -0.2506   0.7141   0.7003
   3.000   1.3511   0.01925   0.01280  -0.2508   0.7066   1.0000
   3.500   1.3903   0.01997   0.01347  -0.2480   0.6958   1.0000
   4.000   1.4630   0.01972   0.01306  -0.2514   0.6889   1.0000
   4.500   1.4928   0.02063   0.01401  -0.2468   0.6770   1.0000
   5.000   1.5606   0.02060   0.01388  -0.2494   0.6693   1.0000
   5.500   1.5967   0.02126   0.01459  -0.2460   0.6579   1.0000
   6.000   1.6292   0.02206   0.01545  -0.2419   0.6467   1.0000
   6.500   1.7055   0.02186   0.01517  -0.2461   0.6385   1.0000
   7.000   1.7194   0.02298   0.01644  -0.2386   0.6256   1.0000
   7.500   1.7504   0.02388   0.01742  -0.2345   0.6139   1.0000
   8.000   1.8273   0.02360   0.01710  -0.2386   0.6047   1.0000
   8.500   1.8355   0.02495   0.01862  -0.2304   0.5911   1.0000
   9.000   1.8537   0.02625   0.02006  -0.2243   0.5777   1.0000
   9.500   1.8811   0.02730   0.02123  -0.2199   0.5644   1.0000
  10.000   1.8987   0.02836   0.02236  -0.2137   0.5469   1.0000
