  
       XFOIL         Version 6.99
  
 Calculated polar for: NACA 7506                                       
  
 1 1 Reynolds number fixed          Mach number fixed         
  
 xtrf =   1.000 (top)        1.000 (bottom)  
 Mach =   0.050     Re =     0.200 e 6     Ncrit =   9.000
  
   alpha    CL        CD       CDp       CM     Top_Xtr  Bot_Xtr
  ------ -------- --------- --------- -------- -------- --------
  -1.500   0.6417   0.01748   0.01019  -0.2082   0.8925   0.0870
  -0.500   0.7722   0.01585   0.00914  -0.2125   0.8791   0.3329
   0.000   0.8282   0.01531   0.00922  -0.2128   0.8694   0.5683
   0.500   0.8888   0.01420   0.00848  -0.2129   0.8645   1.0000
   1.000   0.9419   0.01436   0.00853  -0.2124   0.8533   1.0000
   1.500   0.9964   0.01447   0.00857  -0.2121   0.8426   1.0000
   2.000   1.0540   0.01442   0.00851  -0.2122   0.8333   1.0000
   2.500   1.1150   0.01420   0.00836  -0.2129   0.8248   1.0000
   3.000   1.1685   0.01432   0.00860  -0.2123   0.8125   1.0000
   3.500   1.2225   0.01444   0.00893  -0.2118   0.7998   1.0000
   4.000   1.2770   0.01389   0.00854  -0.2103   0.7780   1.0000
   4.500   1.3246   0.01262   0.00729  -0.2058   0.7209   1.0000
   5.000   1.3349   0.01382   0.00729  -0.1943   0.4902   1.0000
   5.500   1.2833   0.02058   0.01126  -0.1757   0.0625   1.0000
   6.000   1.2948   0.02347   0.01425  -0.1677   0.0365   1.0000
   6.500   1.2965   0.02732   0.01826  -0.1587   0.0307   1.0000
   7.000   1.3191   0.03010   0.02122  -0.1532   0.0258   1.0000
   7.500   1.3614   0.03393   0.02523  -0.1498   0.0234   1.0000
