  
       XFOIL         Version 6.99
  
 Calculated polar for: NACA 1134                                       
  
 1 1 Reynolds number fixed          Mach number fixed         
  
 xtrf =   1.000 (top)        1.000 (bottom)  
 Mach =   0.050     Re =     0.200 e 6     Ncrit =   9.000
  
   alpha    CL        CD       CDp       CM     Top_Xtr  Bot_Xtr
  ------ -------- --------- --------- -------- -------- --------
  -2.000  -0.0844   0.02117   0.01275  -0.0161   0.5705   0.4926
  -1.500  -0.0599   0.02114   0.01271  -0.0104   0.5567   0.5045
  -1.000  -0.0096   0.02109   0.01264  -0.0096   0.5439   0.5166
  -0.500   0.0170   0.02108   0.01264  -0.0043   0.5308   0.5293
   0.000   0.0664   0.02110   0.01264  -0.0034   0.5188   0.5421
   0.500   0.0920   0.02113   0.01269   0.0021   0.5064   0.5557
   1.000   0.1428   0.02121   0.01275   0.0028   0.4950   0.5693
   1.500   0.1643   0.02127   0.01284   0.0089   0.4834   0.5837
   2.000   0.2190   0.02142   0.01298   0.0088   0.4723   0.5984
   2.500   0.2320   0.02151   0.01311   0.0164   0.4615   0.6135
   3.000   0.2948   0.02174   0.01331   0.0148   0.4507   0.6297
   3.500   0.2970   0.02184   0.01357   0.0242   0.4409   0.6455
   4.000   0.3437   0.02205   0.01374   0.0255   0.4309   0.6629
   4.500   0.3671   0.02255   0.01442   0.0305   0.4209   0.6800
   5.000   0.4037   0.02287   0.01466   0.0333   0.4113   0.6992
   5.500   0.4372   0.02352   0.01548   0.0364   0.4016   0.7181
   6.000   0.4702   0.02400   0.01603   0.0395   0.3921   0.7377
   6.500   0.5054   0.02467   0.01672   0.0420   0.3830   0.7593
   7.000   0.5306   0.02546   0.01764   0.0460   0.3735   0.7809
   7.500   0.5713   0.02621   0.01842   0.0476   0.3648   0.8021
   8.000   0.5872   0.02736   0.01974   0.0524   0.3555   0.8250
   8.500   0.6311   0.02808   0.02038   0.0535   0.3472   0.8483
   9.000   0.6352   0.02981   0.02233   0.0593   0.3383   0.8734
   9.500   0.6896   0.03050   0.02287   0.0593   0.3302   0.8946
  10.000   0.6894   0.03322   0.02586   0.0642   0.3215   0.9170
  -2.000  -0.0844   0.02117   0.01275  -0.0161   0.5705   0.4926
  -1.500  -0.0599   0.02114   0.01271  -0.0104   0.5567   0.5045
  -1.000  -0.0096   0.02109   0.01264  -0.0096   0.5439   0.5166
  -0.500   0.0170   0.02108   0.01264  -0.0043   0.5308   0.5293
   0.000   0.0664   0.02110   0.01264  -0.0034   0.5188   0.5421
   0.500   0.0920   0.02113   0.01269   0.0021   0.5064   0.5557
   1.000   0.1428   0.02121   0.01275   0.0028   0.4950   0.5693
   1.500   0.1643   0.02127   0.01284   0.0089   0.4834   0.5837
   2.000   0.2190   0.02142   0.01298   0.0088   0.4723   0.5984
   2.500   0.2320   0.02151   0.01311   0.0164   0.4615   0.6135
   3.000   0.2948   0.02174   0.01331   0.0148   0.4507   0.6297
   3.500   0.2970   0.02184   0.01357   0.0242   0.4409   0.6455
   4.000   0.3437   0.02205   0.01374   0.0255   0.4309   0.6629
   4.500   0.3671   0.02255   0.01442   0.0305   0.4209   0.6800
   5.000   0.4037   0.02287   0.01466   0.0333   0.4113   0.6992
   5.500   0.4372   0.02352   0.01548   0.0364   0.4016   0.7181
   6.000   0.4702   0.02400   0.01603   0.0395   0.3921   0.7377
   6.500   0.5054   0.02467   0.01672   0.0420   0.3830   0.7593
   7.000   0.5306   0.02546   0.01764   0.0460   0.3735   0.7809
   7.500   0.5713   0.02621   0.01842   0.0476   0.3648   0.8021
   8.000   0.5872   0.02736   0.01974   0.0524   0.3555   0.8250
   8.500   0.6311   0.02808   0.02038   0.0535   0.3472   0.8483
   9.000   0.6352   0.02981   0.02233   0.0593   0.3383   0.8734
   9.500   0.6896   0.03050   0.02287   0.0593   0.3302   0.8946
  10.000   0.6894   0.03322   0.02586   0.0642   0.3215   0.9170
