  
       XFOIL         Version 6.99
  
 Calculated polar for: NACA 6738                                       
  
 1 1 Reynolds number fixed          Mach number fixed         
  
 xtrf =   1.000 (top)        1.000 (bottom)  
 Mach =   0.050     Re =     0.200 e 6     Ncrit =   9.000
  
   alpha    CL        CD       CDp       CM     Top_Xtr  Bot_Xtr
  ------ -------- --------- --------- -------- -------- --------
  -2.000   0.1080   0.02856   0.02046  -0.1176   0.6447   0.3588
  -1.500   0.1717   0.02838   0.02012  -0.1202   0.6340   0.3689
  -1.000   0.2143   0.02849   0.02029  -0.1191   0.6218   0.3775
  -0.500   0.2889   0.02825   0.01996  -0.1232   0.6125   0.3883
   0.000   0.3110   0.02899   0.02067  -0.1192   0.5994   0.3971
   0.500   0.4090   0.02824   0.01986  -0.1268   0.5917   0.4091
   1.000   0.4022   0.02992   0.02162  -0.1183   0.5783   0.4172
   1.500   0.4802   0.02939   0.02103  -0.1228   0.5702   0.4290
   2.000   0.4942   0.03090   0.02265  -0.1176   0.5587   0.4386
   2.500   0.5519   0.03093   0.02259  -0.1191   0.5495   0.4505
   3.000   0.6055   0.03146   0.02317  -0.1199   0.5409   0.4623
   3.500   0.6224   0.03297   0.02469  -0.1156   0.5300   0.4728
   4.000   0.7039   0.03241   0.02408  -0.1204   0.5230   0.4868
   4.500   0.6989   0.03491   0.02676  -0.1131   0.5121   0.4969
   5.000   0.7538   0.03516   0.02696  -0.1142   0.5040   0.5104
   5.500   0.8110   0.03571   0.02751  -0.1156   0.4966   0.5242
   6.000   0.8043   0.03860   0.03051  -0.1088   0.4859   0.5346
   6.500   0.8782   0.03810   0.03000  -0.1122   0.4797   0.5501
   7.000   0.8679   0.04165   0.03374  -0.1053   0.4697   0.5614
   7.500   0.9058   0.04281   0.03491  -0.1045   0.4617   0.5753
   8.000   0.9963   0.04172   0.03367  -0.1099   0.4564   0.5928
   8.500   0.9278   0.04873   0.04103  -0.0973   0.4443   0.6004
   9.000   0.9983   0.04803   0.04031  -0.0998   0.4388   0.6163
   9.500   0.9473   0.05534   0.04791  -0.0906   0.4275   0.6257
  10.000   0.9868   0.05670   0.04926  -0.0905   0.4206   0.6403
