  
       XFOIL         Version 6.99
  
 Calculated polar for: NACA 6716                                       
  
 1 1 Reynolds number fixed          Mach number fixed         
  
 xtrf =   1.000 (top)        1.000 (bottom)  
 Mach =   0.050     Re =     0.200 e 6     Ncrit =   9.000
  
   alpha    CL        CD       CDp       CM     Top_Xtr  Bot_Xtr
  ------ -------- --------- --------- -------- -------- --------
  -2.000   0.2587   0.03326   0.02631  -0.1700   0.8816   0.3177
  -1.500   0.3355   0.03303   0.02619  -0.1740   0.8735   0.3594
  -0.500   0.4820   0.03228   0.02567  -0.1801   0.8567   0.4429
   0.000   0.5410   0.03182   0.02535  -0.1805   0.8434   0.4813
   0.500   0.6226   0.03099   0.02466  -0.1845   0.8394   0.5239
   1.000   0.6812   0.03030   0.02408  -0.1844   0.8261   0.5612
   1.500   0.7382   0.02960   0.02354  -0.1838   0.8125   0.5958
   2.000   0.8156   0.02823   0.02231  -0.1864   0.8081   0.6300
   2.500   0.8720   0.02729   0.02147  -0.1854   0.7940   0.6602
   3.000   0.9267   0.02628   0.02057  -0.1839   0.7788   0.6863
   3.500   0.9806   0.02515   0.01955  -0.1822   0.7628   0.7120
   4.000   1.0402   0.02383   0.01830  -0.1816   0.7451   0.7384
   4.500   1.1032   0.02241   0.01696  -0.1815   0.7200   0.7627
   5.000   1.2024   0.01969   0.01413  -0.1876   0.6958   0.7902
   5.500   1.2889   0.01845   0.01264  -0.1923   0.6558   0.8155
   6.000   1.3375   0.01891   0.01293  -0.1906   0.6136   0.8407
   6.500   1.3718   0.01966   0.01358  -0.1864   0.5754   0.8684
   7.500   1.4247   0.02155   0.01530  -0.1758   0.5042   1.0000
   8.000   1.4530   0.02305   0.01667  -0.1715   0.4681   1.0000
   8.500   1.4788   0.02467   0.01817  -0.1669   0.4325   1.0000
   9.000   1.5025   0.02642   0.01981  -0.1620   0.3968   1.0000
   9.500   1.5236   0.02839   0.02166  -0.1569   0.3610   1.0000
  10.000   1.5424   0.03058   0.02374  -0.1517   0.3251   1.0000
