  
       XFOIL         Version 6.99
  
 Calculated polar for: NACA 1114                                       
  
 1 1 Reynolds number fixed          Mach number fixed         
  
 xtrf =   1.000 (top)        1.000 (bottom)  
 Mach =   0.050     Re =     0.200 e 6     Ncrit =   9.000
  
   alpha    CL        CD       CDp       CM     Top_Xtr  Bot_Xtr
  ------ -------- --------- --------- -------- -------- --------
  -2.000  -0.1280   0.01116   0.00575  -0.0170   0.9100   0.6993
  -1.500  -0.0679   0.01076   0.00551  -0.0160   0.8881   0.7617
  -1.000  -0.0154   0.01055   0.00538  -0.0136   0.8575   0.8087
  -0.500   0.0376   0.01046   0.00526  -0.0112   0.8243   0.8503
   0.000   0.0922   0.01056   0.00526  -0.0091   0.7870   0.8856
   0.500   0.1532   0.01080   0.00529  -0.0083   0.7397   0.9129
   1.000   0.2169   0.01114   0.00534  -0.0085   0.6893   0.9386
   1.500   0.2972   0.01154   0.00547  -0.0127   0.6381   0.9553
   2.000   0.3814   0.01190   0.00555  -0.0183   0.5842   0.9702
   2.500   0.4668   0.01222   0.00560  -0.0244   0.5273   0.9845
   3.000   0.5532   0.01252   0.00561  -0.0311   0.4650   0.9975
   3.500   0.6037   0.01285   0.00564  -0.0309   0.4082   1.0000
   4.000   0.6436   0.01331   0.00582  -0.0285   0.3531   1.0000
   4.500   0.6813   0.01398   0.00617  -0.0257   0.3014   1.0000
   5.000   0.7184   0.01473   0.00670  -0.0225   0.2629   1.0000
   5.500   0.7557   0.01555   0.00733  -0.0194   0.2392   1.0000
   6.000   0.7940   0.01637   0.00804  -0.0163   0.2229   1.0000
   6.500   0.8339   0.01724   0.00887  -0.0135   0.2109   1.0000
   7.000   0.8747   0.01826   0.00979  -0.0109   0.2012   1.0000
   7.500   0.9165   0.01911   0.01070  -0.0085   0.1925   1.0000
   8.000   0.9594   0.02029   0.01188  -0.0064   0.1847   1.0000
   8.500   1.0020   0.02124   0.01291  -0.0042   0.1769   1.0000
   9.000   1.0459   0.02261   0.01432  -0.0025   0.1696   1.0000
   9.500   1.0876   0.02362   0.01547  -0.0004   0.1618   1.0000
  10.000   1.1299   0.02512   0.01704   0.0013   0.1543   1.0000
  -2.000  -0.1280   0.01116   0.00575  -0.0170   0.9100   0.6993
  -1.500  -0.0679   0.01076   0.00551  -0.0160   0.8881   0.7617
  -1.000  -0.0154   0.01055   0.00538  -0.0136   0.8575   0.8087
  -0.500   0.0376   0.01046   0.00526  -0.0112   0.8243   0.8503
   0.000   0.0922   0.01056   0.00526  -0.0091   0.7870   0.8856
   1.000   0.2169   0.01114   0.00534  -0.0085   0.6893   0.9386
   1.500   0.2972   0.01154   0.00547  -0.0127   0.6381   0.9553
   2.000   0.3814   0.01190   0.00555  -0.0183   0.5842   0.9702
   2.500   0.4668   0.01222   0.00560  -0.0244   0.5273   0.9845
   3.000   0.5532   0.01252   0.00561  -0.0311   0.4650   0.9975
   3.500   0.6037   0.01285   0.00564  -0.0309   0.4082   1.0000
   4.000   0.6436   0.01331   0.00582  -0.0285   0.3531   1.0000
   4.500   0.6813   0.01398   0.00617  -0.0257   0.3014   1.0000
   5.000   0.7184   0.01473   0.00670  -0.0225   0.2629   1.0000
   5.500   0.7557   0.01555   0.00733  -0.0194   0.2392   1.0000
   6.000   0.7940   0.01637   0.00804  -0.0163   0.2229   1.0000
   6.500   0.8339   0.01724   0.00887  -0.0135   0.2109   1.0000
   7.000   0.8747   0.01826   0.00979  -0.0109   0.2012   1.0000
   7.500   0.9165   0.01911   0.01070  -0.0085   0.1925   1.0000
   8.000   0.9594   0.02029   0.01188  -0.0064   0.1847   1.0000
   8.500   1.0020   0.02124   0.01291  -0.0042   0.1769   1.0000
   9.000   1.0459   0.02261   0.01432  -0.0025   0.1696   1.0000
   9.500   1.0876   0.02362   0.01547  -0.0004   0.1618   1.0000
  10.000   1.1299   0.02512   0.01704   0.0013   0.1543   1.0000
