  
       XFOIL         Version 6.99
  
 Calculated polar for: NACA 1516                                       
  
 1 1 Reynolds number fixed          Mach number fixed         
  
 xtrf =   1.000 (top)        1.000 (bottom)  
 Mach =   0.050     Re =     0.200 e 6     Ncrit =   9.000
  
   alpha    CL        CD       CDp       CM     Top_Xtr  Bot_Xtr
  ------ -------- --------- --------- -------- -------- --------
  -2.000  -0.0947   0.01255   0.00625  -0.0359   0.8755   0.5761
  -1.500  -0.0383   0.01209   0.00591  -0.0350   0.8551   0.6223
  -1.000   0.0168   0.01169   0.00566  -0.0337   0.8327   0.6682
  -0.500   0.0716   0.01138   0.00545  -0.0322   0.8092   0.7159
   0.000   0.1229   0.01124   0.00541  -0.0301   0.7809   0.7633
   0.500   0.1762   0.01118   0.00541  -0.0282   0.7532   0.8089
   1.000   0.2286   0.01128   0.00554  -0.0261   0.7227   0.8522
   1.500   0.2850   0.01153   0.00569  -0.0247   0.6927   0.8897
   2.000   0.3463   0.01187   0.00594  -0.0245   0.6592   0.9211
   2.500   0.4209   0.01229   0.00622  -0.0274   0.6236   0.9436
   3.000   0.5054   0.01269   0.00645  -0.0328   0.5853   0.9610
   3.500   0.5903   0.01305   0.00663  -0.0386   0.5450   0.9778
   4.000   0.6772   0.01341   0.00678  -0.0451   0.5031   0.9928
   4.500   0.7459   0.01366   0.00688  -0.0484   0.4623   1.0000
   5.000   0.7818   0.01398   0.00704  -0.0451   0.4280   1.0000
   5.500   0.8159   0.01437   0.00733  -0.0413   0.3935   1.0000
   6.000   0.8486   0.01486   0.00771  -0.0372   0.3596   1.0000
   6.500   0.8800   0.01545   0.00818  -0.0327   0.3264   1.0000
   7.000   0.9101   0.01615   0.00874  -0.0281   0.2941   1.0000
   7.500   0.9389   0.01696   0.00941  -0.0232   0.2631   1.0000
   8.000   0.9666   0.01787   0.01018  -0.0183   0.2336   1.0000
   8.500   0.9954   0.01886   0.01110  -0.0137   0.2059   1.0000
   9.000   1.0218   0.02008   0.01219  -0.0090   0.1823   1.0000
   9.500   1.0464   0.02131   0.01338  -0.0041   0.1618   1.0000
  10.000   1.0694   0.02279   0.01480   0.0006   0.1449   1.0000
