  
       XFOIL         Version 6.99
  
 Calculated polar for: NACA 1734                                       
  
 1 1 Reynolds number fixed          Mach number fixed         
  
 xtrf =   1.000 (top)        1.000 (bottom)  
 Mach =   0.050     Re =     0.200 e 6     Ncrit =   9.000
  
   alpha    CL        CD       CDp       CM     Top_Xtr  Bot_Xtr
  ------ -------- --------- --------- -------- -------- --------
  -2.000  -0.0649   0.02122   0.01283  -0.0380   0.6048   0.4628
  -1.500  -0.0423   0.02121   0.01275  -0.0321   0.5902   0.4740
  -1.000   0.0159   0.02111   0.01264  -0.0328   0.5764   0.4859
  -0.500   0.0348   0.02111   0.01264  -0.0261   0.5628   0.4977
   0.000   0.0927   0.02110   0.01259  -0.0267   0.5499   0.5102
   0.500   0.1109   0.02111   0.01264  -0.0199   0.5371   0.5227
   1.000   0.1690   0.02116   0.01266  -0.0206   0.5250   0.5360
   1.500   0.1850   0.02121   0.01276  -0.0134   0.5129   0.5491
   2.000   0.2469   0.02134   0.01284  -0.0148   0.5013   0.5633
   2.500   0.2528   0.02141   0.01299  -0.0058   0.4903   0.5769
   3.000   0.3107   0.02154   0.01311  -0.0065   0.4793   0.5918
   3.500   0.3253   0.02183   0.01345   0.0005   0.4687   0.6066
   4.000   0.3742   0.02203   0.01371   0.0015   0.4583   0.6222
   4.500   0.4040   0.02252   0.01426   0.0054   0.4480   0.6384
   5.000   0.4444   0.02289   0.01468   0.0077   0.4380   0.6549
   5.500   0.4832   0.02343   0.01528   0.0100   0.4283   0.6717
   6.000   0.5153   0.02400   0.01590   0.0133   0.4185   0.6895
   6.500   0.5627   0.02451   0.01644   0.0142   0.4095   0.7069
   7.000   0.5835   0.02536   0.01737   0.0188   0.4000   0.7257
   7.500   0.6443   0.02569   0.01766   0.0177   0.3913   0.7445
   8.000   0.6492   0.02691   0.01911   0.0242   0.3824   0.7642
   8.500   0.6949   0.02741   0.01960   0.0252   0.3743   0.7848
   9.000   0.7120   0.02875   0.02114   0.0297   0.3659   0.8056
   9.500   0.7418   0.02966   0.02209   0.0324   0.3577   0.8284
  10.000   0.7748   0.03074   0.02323   0.0349   0.3502   0.8520
