  
       XFOIL         Version 6.99
  
 Calculated polar for: NACA 1130                                       
  
 1 1 Reynolds number fixed          Mach number fixed         
  
 xtrf =   1.000 (top)        1.000 (bottom)  
 Mach =   0.050     Re =     0.200 e 6     Ncrit =   9.000
  
   alpha    CL        CD       CDp       CM     Top_Xtr  Bot_Xtr
  ------ -------- --------- --------- -------- -------- --------
  -2.000  -0.1075   0.01861   0.01050  -0.0133   0.6068   0.5118
  -1.500  -0.0604   0.01853   0.01049  -0.0116   0.5898   0.5260
  -1.000  -0.0145   0.01850   0.01031  -0.0096   0.5743   0.5418
  -0.500   0.0290   0.01847   0.01036  -0.0072   0.5579   0.5574
   0.000   0.0744   0.01849   0.01041  -0.0052   0.5426   0.5733
   0.500   0.1208   0.01858   0.01031  -0.0033   0.5280   0.5907
   1.000   0.1621   0.01860   0.01053  -0.0005   0.5128   0.6074
   1.500   0.2092   0.01872   0.01063   0.0012   0.4990   0.6251
   2.000   0.2484   0.01880   0.01067   0.0043   0.4850   0.6441
   2.500   0.2921   0.01901   0.01099   0.0066   0.4712   0.6627
   3.000   0.3430   0.01922   0.01113   0.0075   0.4580   0.6819
   3.500   0.3733   0.01938   0.01143   0.0122   0.4449   0.7022
   4.000   0.4171   0.01969   0.01167   0.0143   0.4326   0.7238
   4.500   0.4488   0.01992   0.01205   0.0188   0.4199   0.7445
   5.000   0.4845   0.02030   0.01249   0.0223   0.4078   0.7659
   5.500   0.5195   0.02065   0.01285   0.0260   0.3958   0.7885
   6.000   0.5481   0.02126   0.01357   0.0305   0.3838   0.8121
   6.500   0.5919   0.02184   0.01404   0.0324   0.3723   0.8357
   7.000   0.6108   0.02266   0.01505   0.0383   0.3610   0.8608
   7.500   0.6479   0.02351   0.01587   0.0411   0.3504   0.8843
   8.000   0.6762   0.02463   0.01707   0.0450   0.3393   0.9070
   8.500   0.7211   0.02603   0.01848   0.0455   0.3282   0.9250
   9.000   0.7812   0.02733   0.01963   0.0432   0.3170   0.9397
   9.500   0.8254   0.02925   0.02168   0.0419   0.3054   0.9558
  10.000   0.8945   0.03118   0.02356   0.0360   0.2935   0.9636
  -2.000  -0.1075   0.01861   0.01050  -0.0133   0.6068   0.5118
  -1.500  -0.0604   0.01853   0.01049  -0.0116   0.5898   0.5260
  -1.000  -0.0145   0.01850   0.01031  -0.0096   0.5743   0.5418
  -0.500   0.0290   0.01847   0.01036  -0.0072   0.5579   0.5574
   0.000   0.0744   0.01849   0.01041  -0.0052   0.5426   0.5733
   0.500   0.1208   0.01858   0.01031  -0.0033   0.5280   0.5907
   1.000   0.1621   0.01860   0.01053  -0.0005   0.5128   0.6074
   1.500   0.2092   0.01872   0.01063   0.0012   0.4990   0.6251
   2.000   0.2484   0.01880   0.01067   0.0043   0.4850   0.6441
   2.500   0.2921   0.01901   0.01099   0.0066   0.4712   0.6627
   3.000   0.3430   0.01922   0.01113   0.0075   0.4580   0.6819
   3.500   0.3733   0.01938   0.01143   0.0122   0.4449   0.7022
   4.000   0.4171   0.01969   0.01167   0.0143   0.4326   0.7238
   4.500   0.4488   0.01992   0.01205   0.0188   0.4199   0.7445
   5.000   0.4845   0.02030   0.01249   0.0223   0.4078   0.7659
   5.500   0.5195   0.02065   0.01285   0.0260   0.3958   0.7885
   6.000   0.5481   0.02126   0.01357   0.0305   0.3838   0.8121
   6.500   0.5919   0.02184   0.01404   0.0324   0.3723   0.8357
   7.000   0.6108   0.02266   0.01505   0.0383   0.3610   0.8608
   7.500   0.6479   0.02351   0.01587   0.0411   0.3504   0.8843
   8.000   0.6762   0.02463   0.01707   0.0450   0.3393   0.9070
   8.500   0.7211   0.02603   0.01848   0.0455   0.3282   0.9250
   9.000   0.7812   0.02733   0.01963   0.0432   0.3170   0.9397
   9.500   0.8254   0.02925   0.02168   0.0419   0.3054   0.9558
  10.000   0.8945   0.03118   0.02356   0.0360   0.2935   0.9636
