  
       XFOIL         Version 6.99
  
 Calculated polar for: NACA 6818                                       
  
 1 1 Reynolds number fixed          Mach number fixed         
  
 xtrf =   1.000 (top)        1.000 (bottom)  
 Mach =   0.050     Re =     0.200 e 6     Ncrit =   9.000
  
   alpha    CL        CD       CDp       CM     Top_Xtr  Bot_Xtr
  ------ -------- --------- --------- -------- -------- --------
  -2.000   0.2711   0.03439   0.02774  -0.1805   0.8883   0.3633
  -1.000   0.4282   0.03320   0.02676  -0.1891   0.8720   0.4312
  -0.500   0.4979   0.03226   0.02592  -0.1915   0.8603   0.4643
   0.000   0.5625   0.03122   0.02502  -0.1928   0.8468   0.4953
   1.000   0.6892   0.02909   0.02314  -0.1943   0.8176   0.5568
   1.500   0.7524   0.02791   0.02208  -0.1946   0.8031   0.5861
   2.000   0.8190   0.02652   0.02082  -0.1952   0.7893   0.6135
   2.500   0.8962   0.02471   0.01909  -0.1977   0.7752   0.6406
   3.000   0.9857   0.02261   0.01698  -0.2024   0.7570   0.6660
   3.500   1.0802   0.02091   0.01515  -0.2084   0.7304   0.6884
   4.000   1.1465   0.02073   0.01482  -0.2094   0.6942   0.7071
   4.500   1.1994   0.02113   0.01506  -0.2082   0.6587   0.7253
   5.000   1.2426   0.02177   0.01553  -0.2051   0.6248   0.7414
   5.500   1.2738   0.02260   0.01631  -0.1997   0.5925   0.7546
   6.000   1.3114   0.02340   0.01697  -0.1958   0.5612   0.7703
   6.500   1.3450   0.02434   0.01786  -0.1915   0.5303   0.7863
   7.000   1.3784   0.02533   0.01875  -0.1872   0.5001   0.8021
   7.500   1.4103   0.02636   0.01972  -0.1828   0.4707   0.8173
   8.000   1.4392   0.02745   0.02077  -0.1779   0.4412   0.8320
   8.500   1.4671   0.02864   0.02186  -0.1731   0.4131   0.8461
   9.000   1.4932   0.02994   0.02318  -0.1682   0.3843   0.8599
   9.500   1.5170   0.03145   0.02464  -0.1631   0.3564   0.8732
  10.000   1.5404   0.03312   0.02629  -0.1582   0.3289   0.8861
