  
       XFOIL         Version 6.99
  
 Calculated polar for: NACA 4414                                       
  
 1 1 Reynolds number fixed          Mach number fixed         
  
 xtrf =   1.000 (top)        1.000 (bottom)  
 Mach =   0.050     Re =     0.200 e 6     Ncrit =   9.000
  
   alpha    CL        CD       CDp       CM     Top_Xtr  Bot_Xtr
  ------ -------- --------- --------- -------- -------- --------
  -2.000   0.2491   0.01308   0.00575  -0.1063   0.8119   0.2962
  -1.500   0.3040   0.01244   0.00531  -0.1057   0.7912   0.3718
  -0.500   0.3952   0.01085   0.00521  -0.0996   0.7450   0.8228
   0.000   0.4880   0.01082   0.00508  -0.1055   0.7220   0.9820
   0.500   0.5605   0.01096   0.00494  -0.1091   0.6975   1.0000
   1.000   0.6078   0.01120   0.00493  -0.1074   0.6746   1.0000
   1.500   0.6567   0.01149   0.00499  -0.1059   0.6539   1.0000
   2.000   0.7068   0.01184   0.00512  -0.1046   0.6346   1.0000
   2.500   0.7576   0.01222   0.00533  -0.1035   0.6165   1.0000
   3.000   0.8087   0.01263   0.00561  -0.1025   0.5992   1.0000
   3.500   0.8597   0.01305   0.00594  -0.1016   0.5826   1.0000
   4.000   0.9108   0.01349   0.00633  -0.1006   0.5666   1.0000
   4.500   0.9618   0.01396   0.00677  -0.0997   0.5508   1.0000
   5.000   1.0126   0.01445   0.00723  -0.0988   0.5351   1.0000
   5.500   1.0629   0.01496   0.00774  -0.0977   0.5192   1.0000
   6.000   1.1126   0.01547   0.00826  -0.0966   0.5029   1.0000
   6.500   1.1610   0.01597   0.00877  -0.0952   0.4857   1.0000
   7.000   1.2077   0.01646   0.00929  -0.0936   0.4672   1.0000
   7.500   1.2524   0.01693   0.00978  -0.0915   0.4473   1.0000
   8.000   1.2958   0.01747   0.01029  -0.0893   0.4266   1.0000
   8.500   1.3325   0.01798   0.01096  -0.0859   0.4035   1.0000
   9.000   1.3669   0.01858   0.01161  -0.0822   0.3791   1.0000
   9.500   1.3952   0.01933   0.01244  -0.0776   0.3519   1.0000
  10.000   1.4156   0.02037   0.01348  -0.0718   0.3227   1.0000
  -2.000   0.2491   0.01308   0.00575  -0.1063   0.8119   0.2962
  -1.500   0.3040   0.01244   0.00531  -0.1057   0.7912   0.3718
  -0.500   0.3952   0.01085   0.00521  -0.0996   0.7450   0.8228
   0.000   0.4880   0.01082   0.00508  -0.1055   0.7220   0.9820
   0.500   0.5605   0.01096   0.00494  -0.1091   0.6975   1.0000
   1.000   0.6078   0.01120   0.00493  -0.1074   0.6746   1.0000
   1.500   0.6567   0.01149   0.00499  -0.1059   0.6539   1.0000
   2.000   0.7068   0.01184   0.00512  -0.1046   0.6346   1.0000
   2.500   0.7576   0.01222   0.00533  -0.1035   0.6165   1.0000
   3.000   0.8087   0.01263   0.00561  -0.1025   0.5992   1.0000
   3.500   0.8597   0.01305   0.00594  -0.1016   0.5826   1.0000
   4.000   0.9108   0.01349   0.00633  -0.1006   0.5666   1.0000
   4.500   0.9618   0.01396   0.00677  -0.0997   0.5508   1.0000
   5.000   1.0126   0.01445   0.00723  -0.0988   0.5351   1.0000
   5.500   1.0629   0.01496   0.00774  -0.0977   0.5192   1.0000
   6.000   1.1126   0.01547   0.00826  -0.0966   0.5029   1.0000
   6.500   1.1610   0.01597   0.00877  -0.0952   0.4857   1.0000
   7.000   1.2077   0.01646   0.00929  -0.0936   0.4672   1.0000
   7.500   1.2524   0.01693   0.00978  -0.0915   0.4473   1.0000
   8.000   1.2958   0.01747   0.01029  -0.0893   0.4266   1.0000
   8.500   1.3325   0.01798   0.01096  -0.0859   0.4035   1.0000
   9.000   1.3669   0.01858   0.01161  -0.0822   0.3791   1.0000
   9.500   1.3952   0.01933   0.01244  -0.0776   0.3519   1.0000
  10.000   1.4156   0.02037   0.01348  -0.0718   0.3227   1.0000
  -2.000   0.2491   0.01308   0.00575  -0.1063   0.8119   0.2962
  -1.500   0.3040   0.01244   0.00531  -0.1057   0.7912   0.3718
  -0.500   0.3952   0.01085   0.00521  -0.0996   0.7450   0.8228
   0.000   0.4880   0.01082   0.00508  -0.1055   0.7220   0.9820
   0.500   0.5605   0.01096   0.00494  -0.1091   0.6975   1.0000
   1.000   0.6078   0.01120   0.00493  -0.1074   0.6746   1.0000
   1.500   0.6567   0.01149   0.00499  -0.1059   0.6539   1.0000
   2.000   0.7068   0.01184   0.00512  -0.1046   0.6346   1.0000
   2.500   0.7576   0.01222   0.00533  -0.1035   0.6165   1.0000
   3.000   0.8087   0.01263   0.00561  -0.1025   0.5992   1.0000
   3.500   0.8597   0.01305   0.00594  -0.1016   0.5826   1.0000
   4.000   0.9108   0.01349   0.00633  -0.1006   0.5666   1.0000
   4.500   0.9618   0.01396   0.00677  -0.0997   0.5508   1.0000
   5.000   1.0126   0.01445   0.00723  -0.0988   0.5351   1.0000
   5.500   1.0629   0.01496   0.00774  -0.0977   0.5192   1.0000
   6.000   1.1126   0.01547   0.00826  -0.0966   0.5029   1.0000
   6.500   1.1610   0.01597   0.00877  -0.0952   0.4857   1.0000
   7.000   1.2077   0.01646   0.00929  -0.0936   0.4672   1.0000
   7.500   1.2524   0.01693   0.00978  -0.0915   0.4473   1.0000
   8.000   1.2958   0.01747   0.01029  -0.0893   0.4266   1.0000
   8.500   1.3325   0.01798   0.01096  -0.0859   0.4035   1.0000
   9.000   1.3669   0.01858   0.01161  -0.0822   0.3791   1.0000
   9.500   1.3952   0.01933   0.01244  -0.0776   0.3519   1.0000
  10.000   1.4156   0.02037   0.01348  -0.0718   0.3227   1.0000
