  
       XFOIL         Version 6.99
  
 Calculated polar for: NACA 1604                                       
  
 1 1 Reynolds number fixed          Mach number fixed         
  
 xtrf =   1.000 (top)        1.000 (bottom)  
 Mach =   0.050     Re =     0.200 e 6     Ncrit =   9.000
  
   alpha    CL        CD       CDp       CM     Top_Xtr  Bot_Xtr
  ------ -------- --------- --------- -------- -------- --------
  -2.000  -0.1201   0.00763   0.00219  -0.0301   1.0000   0.6800
  -1.500  -0.0655   0.00683   0.00175  -0.0285   1.0000   1.0000
  -1.000  -0.0138   0.00685   0.00149  -0.0278   1.0000   1.0000
  -0.500   0.0379   0.00690   0.00133  -0.0272   1.0000   1.0000
   0.000   0.0897   0.00699   0.00133  -0.0267   1.0000   1.0000
   0.500   0.1415   0.00712   0.00146  -0.0262   1.0000   1.0000
   1.000   0.1933   0.00730   0.00173  -0.0258   1.0000   1.0000
   1.500   0.2448   0.00754   0.00213  -0.0255   1.0000   1.0000
   2.000   0.2960   0.00786   0.00272  -0.0253   1.0000   1.0000
   2.500   0.3953   0.01165   0.00328  -0.0314   0.0510   1.0000
   3.000   0.4450   0.01442   0.00618  -0.0295   0.0318   1.0000
