  
       XFOIL         Version 6.99
  
 Calculated polar for: NACA 2708                                       
  
 1 1 Reynolds number fixed          Mach number fixed         
  
 xtrf =   1.000 (top)        1.000 (bottom)  
 Mach =   0.050     Re =     0.200 e 6     Ncrit =   9.000
  
   alpha    CL        CD       CDp       CM     Top_Xtr  Bot_Xtr
  ------ -------- --------- --------- -------- -------- --------
  -2.000  -0.0587   0.01109   0.00523  -0.0580   1.0000   0.6242
  -1.500  -0.0077   0.01111   0.00548  -0.0569   1.0000   0.7201
  -1.000   0.0410   0.01111   0.00567  -0.0552   1.0000   0.7973
  -0.500   0.0809   0.01096   0.00580  -0.0514   1.0000   0.8980
   0.000   0.1244   0.01115   0.00595  -0.0500   1.0000   1.0000
   0.500   0.2051   0.01163   0.00634  -0.0560   0.9912   1.0000
   1.000   0.2939   0.01195   0.00664  -0.0633   0.9766   1.0000
   1.500   0.3839   0.01198   0.00674  -0.0704   0.9600   1.0000
   2.000   0.4714   0.01156   0.00648  -0.0761   0.9389   1.0000
   2.500   0.5592   0.01046   0.00559  -0.0807   0.9099   1.0000
   3.000   0.6264   0.00934   0.00463  -0.0805   0.8558   1.0000
   3.500   0.6924   0.00922   0.00382  -0.0798   0.6542   1.0000
   4.000   0.7276   0.01101   0.00448  -0.0753   0.4271   1.0000
   4.500   0.7591   0.01385   0.00574  -0.0715   0.1366   1.0000
   5.000   0.8003   0.01624   0.00769  -0.0689   0.0696   1.0000
   5.500   0.8456   0.01822   0.00972  -0.0668   0.0525   1.0000
   6.000   0.8918   0.02099   0.01254  -0.0648   0.0438   1.0000
   6.500   0.9409   0.02364   0.01534  -0.0633   0.0377   1.0000
   7.000   0.9886   0.02856   0.02078  -0.0615   0.0345   1.0000
   7.500   1.0298   0.03337   0.02639  -0.0583   0.0324   1.0000
   8.000   1.0555   0.04159   0.03557  -0.0535   0.0337   1.0000
