  
       XFOIL         Version 6.99
  
 Calculated polar for: NACA 7420                                       
  
 1 1 Reynolds number fixed          Mach number fixed         
  
 xtrf =   1.000 (top)        1.000 (bottom)  
 Mach =   0.050     Re =     0.200 e 6     Ncrit =   9.000
  
   alpha    CL        CD       CDp       CM     Top_Xtr  Bot_Xtr
  ------ -------- --------- --------- -------- -------- --------
  -2.000   0.5521   0.01775   0.00890  -0.1652   0.6482   0.1905
  -1.500   0.5999   0.01762   0.00879  -0.1637   0.6334   0.2090
  -1.000   0.6529   0.01761   0.00873  -0.1633   0.6210   0.2315
  -0.500   0.7091   0.01751   0.00859  -0.1635   0.6095   0.2585
   0.000   0.7570   0.01758   0.00878  -0.1622   0.5980   0.2890
   0.500   0.8166   0.01761   0.00878  -0.1632   0.5888   0.3309
   1.000   0.8611   0.01762   0.00907  -0.1614   0.5786   0.3865
   1.500   0.9114   0.01701   0.00941  -0.1606   0.5706   0.6675
   2.000   0.9680   0.01702   0.00992  -0.1601   0.5621   1.0000
   2.500   1.0197   0.01749   0.01016  -0.1596   0.5539   1.0000
   3.000   1.0749   0.01815   0.01062  -0.1599   0.5470   1.0000
   3.500   1.1171   0.01876   0.01120  -0.1578   0.5390   1.0000
   4.000   1.1744   0.01931   0.01155  -0.1585   0.5323   1.0000
   4.500   1.2195   0.02012   0.01234  -0.1571   0.5255   1.0000
   5.000   1.2623   0.02080   0.01301  -0.1552   0.5180   1.0000
   5.500   1.3236   0.02142   0.01346  -0.1568   0.5120   1.0000
   6.000   1.3568   0.02241   0.01454  -0.1534   0.5050   1.0000
   6.500   1.3978   0.02320   0.01535  -0.1513   0.4981   1.0000
   7.000   1.4647   0.02383   0.01580  -0.1540   0.4920   1.0000
   7.500   1.4790   0.02507   0.01725  -0.1474   0.4851   1.0000
   8.000   1.5147   0.02593   0.01814  -0.1446   0.4782   1.0000
   8.500   1.5933   0.02659   0.01862  -0.1495   0.4722   1.0000
   9.000   1.5776   0.02833   0.02068  -0.1382   0.4649   1.0000
   9.500   1.6164   0.02921   0.02158  -0.1362   0.4582   1.0000
  10.000   1.6738   0.03003   0.02234  -0.1374   0.4520   1.0000
