  
       XFOIL         Version 6.99
  
 Calculated polar for: NACA 6210                                       
  
 1 1 Reynolds number fixed          Mach number fixed         
  
 xtrf =   1.000 (top)        1.000 (bottom)  
 Mach =   0.050     Re =     0.200 e 6     Ncrit =   9.000
  
   alpha    CL        CD       CDp       CM     Top_Xtr  Bot_Xtr
  ------ -------- --------- --------- -------- -------- --------
  -2.000   0.3742   0.02924   0.02382  -0.1049   0.6956   0.0511
  -1.000   0.4724   0.02480   0.01774  -0.1019   0.5104   0.0689
  -0.500   0.5180   0.02342   0.01535  -0.1000   0.4074   0.0791
   1.500   0.7343   0.01840   0.00810  -0.0953   0.3303   0.0763
   2.000   0.7879   0.01794   0.00756  -0.0946   0.3238   0.0892
   2.500   0.8411   0.01781   0.00737  -0.0943   0.3179   0.1109
   3.000   0.8951   0.01803   0.00745  -0.0942   0.3129   0.1508
   3.500   0.9456   0.01682   0.00776  -0.0932   0.3089   1.0000
   4.000   0.9993   0.01756   0.00829  -0.0930   0.3050   1.0000
   4.500   1.0531   0.01841   0.00898  -0.0930   0.3017   1.0000
   5.000   1.1077   0.01955   0.00996  -0.0932   0.2986   1.0000
   5.500   1.1594   0.02032   0.01085  -0.0929   0.2955   1.0000
   6.000   1.2114   0.02127   0.01186  -0.0927   0.2926   1.0000
   6.500   1.2634   0.02232   0.01299  -0.0926   0.2900   1.0000
   7.000   1.3152   0.02347   0.01420  -0.0925   0.2876   1.0000
   7.500   1.3676   0.02486   0.01563  -0.0927   0.2851   1.0000
   8.000   1.4167   0.02646   0.01742  -0.0924   0.2826   1.0000
   8.500   1.4626   0.02793   0.01923  -0.0916   0.2806   1.0000
   9.000   1.5073   0.02962   0.02125  -0.0907   0.2784   1.0000
   9.500   1.5510   0.03140   0.02335  -0.0897   0.2759   1.0000
  10.000   1.5947   0.03319   0.02543  -0.0888   0.2733   1.0000
