  
       XFOIL         Version 6.99
  
 Calculated polar for: NACA 5828                                       
  
 1 1 Reynolds number fixed          Mach number fixed         
  
 xtrf =   1.000 (top)        1.000 (bottom)  
 Mach =   0.050     Re =     0.200 e 6     Ncrit =   9.000
  
   alpha    CL        CD       CDp       CM     Top_Xtr  Bot_Xtr
  ------ -------- --------- --------- -------- -------- --------
  -2.000   0.2188   0.02117   0.01394  -0.1443   0.7631   0.3971
  -1.500   0.3014   0.02045   0.01318  -0.1494   0.7460   0.4144
  -1.000   0.3874   0.01993   0.01252  -0.1553   0.7282   0.4327
  -0.500   0.4673   0.01962   0.01219  -0.1598   0.7096   0.4506
   0.000   0.5467   0.01942   0.01190  -0.1644   0.6908   0.4684
   0.500   0.5956   0.01978   0.01217  -0.1634   0.6698   0.4853
   1.000   0.6428   0.02014   0.01262  -0.1618   0.6503   0.5015
   1.500   0.7000   0.02040   0.01283  -0.1623   0.6322   0.5190
   2.000   0.7653   0.02067   0.01294  -0.1643   0.6150   0.5380
   2.500   0.8028   0.02117   0.01357  -0.1610   0.5974   0.5540
   3.000   0.8517   0.02167   0.01404  -0.1600   0.5806   0.5721
   3.500   0.9095   0.02209   0.01438  -0.1604   0.5651   0.5905
   4.000   0.9444   0.02273   0.01512  -0.1567   0.5490   0.6068
   4.500   0.9924   0.02341   0.01575  -0.1556   0.5339   0.6258
   5.000   1.0416   0.02392   0.01624  -0.1542   0.5195   0.6418
   5.500   1.0725   0.02482   0.01724  -0.1502   0.5048   0.6592
   6.000   1.1175   0.02554   0.01794  -0.1481   0.4915   0.6749
   6.500   1.1489   0.02645   0.01891  -0.1441   0.4776   0.6905
   7.000   1.1849   0.02743   0.01991  -0.1408   0.4647   0.7058
   7.500   1.2212   0.02830   0.02075  -0.1375   0.4518   0.7197
   8.000   1.2485   0.02955   0.02209  -0.1331   0.4392   0.7347
   8.500   1.2905   0.03034   0.02277  -0.1308   0.4272   0.7471
   9.000   1.3089   0.03196   0.02454  -0.1255   0.4150   0.7627
   9.500   1.3467   0.03279   0.02527  -0.1225   0.4037   0.7738
  10.000   1.3611   0.03463   0.02728  -0.1170   0.3920   0.7882
