  
       XFOIL         Version 6.99
  
 Calculated polar for: NACA 1420                                       
  
 1 1 Reynolds number fixed          Mach number fixed         
  
 xtrf =   1.000 (top)        1.000 (bottom)  
 Mach =   0.050     Re =     0.200 e 6     Ncrit =   9.000
  
   alpha    CL        CD       CDp       CM     Top_Xtr  Bot_Xtr
  ------ -------- --------- --------- -------- -------- --------
  -2.000  -0.0978   0.01338   0.00652  -0.0295   0.7694   0.5485
  -1.500  -0.0454   0.01316   0.00634  -0.0281   0.7451   0.5845
  -1.000   0.0062   0.01306   0.00622  -0.0265   0.7202   0.6219
  -0.500   0.0573   0.01299   0.00624  -0.0249   0.6946   0.6578
   0.000   0.1088   0.01298   0.00627  -0.0233   0.6698   0.6935
   0.500   0.1604   0.01305   0.00635  -0.0218   0.6457   0.7293
   1.000   0.2128   0.01317   0.00650  -0.0203   0.6224   0.7629
   1.500   0.2645   0.01337   0.00670  -0.0186   0.5998   0.7968
   2.000   0.3171   0.01364   0.00698  -0.0171   0.5778   0.8279
   2.500   0.3708   0.01401   0.00734  -0.0157   0.5562   0.8565
   3.000   0.4248   0.01445   0.00772  -0.0145   0.5349   0.8839
   3.500   0.4805   0.01493   0.00814  -0.0136   0.5137   0.9087
   4.000   0.5465   0.01551   0.00864  -0.0150   0.4918   0.9280
   4.500   0.6301   0.01615   0.00917  -0.0202   0.4682   0.9398
   5.000   0.7139   0.01674   0.00961  -0.0257   0.4446   0.9525
   5.500   0.7924   0.01723   0.01004  -0.0305   0.4205   0.9666
   6.000   0.8711   0.01767   0.01045  -0.0356   0.3958   0.9801
   6.500   0.9517   0.01811   0.01083  -0.0412   0.3707   0.9922
   7.000   1.0210   0.01856   0.01115  -0.0449   0.3471   1.0000
   7.500   1.0408   0.01896   0.01151  -0.0391   0.3294   1.0000
   8.000   1.0563   0.01942   0.01195  -0.0323   0.3123   1.0000
   8.500   1.0676   0.01995   0.01245  -0.0246   0.2961   1.0000
   9.000   1.0750   0.02055   0.01302  -0.0161   0.2809   1.0000
   9.500   1.0757   0.02119   0.01360  -0.0065   0.2670   1.0000
  10.000   1.0836   0.02205   0.01438   0.0013   0.2527   1.0000
