  
       XFOIL         Version 6.99
  
 Calculated polar for: NACA 6438                                       
  
 1 1 Reynolds number fixed          Mach number fixed         
  
 xtrf =   1.000 (top)        1.000 (bottom)  
 Mach =   0.050     Re =     0.200 e 6     Ncrit =   9.000
  
   alpha    CL        CD       CDp       CM     Top_Xtr  Bot_Xtr
  ------ -------- --------- --------- -------- -------- --------
  -2.000   0.1797   0.02777   0.01835  -0.0832   0.5393   0.3122
  -1.500   0.1603   0.02891   0.01955  -0.0718   0.5324   0.3185
  -1.000   0.1976   0.02892   0.01969  -0.0698   0.5264   0.3297
  -0.500   0.2717   0.02867   0.01923  -0.0735   0.5218   0.3438
   0.000   0.2648   0.03001   0.02085  -0.0650   0.5157   0.3538
   0.500   0.2582   0.03164   0.02258  -0.0571   0.5086   0.3642
   1.000   0.3196   0.03135   0.02233  -0.0589   0.5042   0.3817
   1.500   0.4130   0.03072   0.02161  -0.0654   0.5004   0.4052
   2.000   0.2461   0.03890   0.03026  -0.0385   0.4875   0.4017
   2.500   0.3206   0.03795   0.02936  -0.0416   0.4846   0.4281
   3.000   0.4221   0.03605   0.02753  -0.0480   0.4824   0.4663
   3.500   0.2110   0.05209   0.04392  -0.0233   0.4625   0.4528
