  
       XFOIL         Version 6.99
  
 Calculated polar for: NACA 6608                                       
  
 1 1 Reynolds number fixed          Mach number fixed         
  
 xtrf =   1.000 (top)        1.000 (bottom)  
 Mach =   0.050     Re =     0.200 e 6     Ncrit =   9.000
  
   alpha    CL        CD       CDp       CM     Top_Xtr  Bot_Xtr
  ------ -------- --------- --------- -------- -------- --------
  -1.500   0.4429   0.02368   0.01675  -0.1827   0.9216   0.2662
  -1.000   0.5198   0.02358   0.01696  -0.1873   0.9183   0.3948
  -0.500   0.5648   0.02396   0.01760  -0.1859   0.9087   0.4950
   0.000   0.6383   0.02396   0.01783  -0.1893   0.9048   0.6046
   0.500   0.6836   0.02432   0.01839  -0.1876   0.8944   0.6853
   1.000   0.7505   0.02344   0.01803  -0.1890   0.8905   1.0000
   1.500   0.7999   0.02390   0.01841  -0.1882   0.8789   1.0000
   2.000   0.8541   0.02421   0.01869  -0.1881   0.8680   1.0000
   2.500   0.9332   0.02364   0.01816  -0.1920   0.8635   1.0000
   3.000   0.9881   0.02357   0.01819  -0.1916   0.8513   1.0000
   4.000   1.1641   0.01886   0.01390  -0.1995   0.8352   1.0000
   4.500   1.2377   0.01486   0.01005  -0.1982   0.7991   1.0000
   5.000   1.2885   0.01348   0.00880  -0.1947   0.7411   1.0000
   5.500   1.3101   0.01471   0.00850  -0.1857   0.4839   1.0000
   6.000   1.2761   0.01917   0.01125  -0.1694   0.2124   1.0000
   6.500   1.2713   0.02353   0.01455  -0.1594   0.0666   1.0000
   7.000   1.2906   0.02620   0.01730  -0.1532   0.0496   1.0000
   7.500   1.3107   0.02916   0.02034  -0.1473   0.0411   1.0000
   8.000   1.3401   0.03231   0.02350  -0.1429   0.0352   1.0000
   8.500   1.3916   0.03561   0.02708  -0.1415   0.0306   1.0000
   9.000   1.4600   0.04005   0.03186  -0.1429   0.0276   1.0000
   9.500   1.5303   0.04801   0.04042  -0.1455   0.0260   1.0000
  10.000   1.5518   0.05678   0.04997  -0.1404   0.0256   1.0000
