  
       XFOIL         Version 6.99
  
 Calculated polar for: NACA 2620                                       
  
 1 1 Reynolds number fixed          Mach number fixed         
  
 xtrf =   1.000 (top)        1.000 (bottom)  
 Mach =   0.050     Re =     0.200 e 6     Ncrit =   9.000
  
   alpha    CL        CD       CDp       CM     Top_Xtr  Bot_Xtr
  ------ -------- --------- --------- -------- -------- --------
  -2.000   0.0230   0.01526   0.00835  -0.0679   0.8247   0.4899
  -1.500   0.0837   0.01474   0.00793  -0.0680   0.8087   0.5190
  -1.000   0.1447   0.01429   0.00751  -0.0681   0.7911   0.5493
  -0.500   0.2029   0.01394   0.00719  -0.0678   0.7707   0.5789
   0.000   0.2588   0.01368   0.00699  -0.0669   0.7479   0.6077
   0.500   0.3138   0.01350   0.00683  -0.0660   0.7234   0.6375
   1.000   0.3689   0.01339   0.00667  -0.0651   0.6982   0.6681
   1.500   0.4217   0.01336   0.00663  -0.0638   0.6718   0.6982
   2.000   0.4708   0.01339   0.00672  -0.0618   0.6439   0.7290
   2.500   0.5208   0.01349   0.00680  -0.0600   0.6171   0.7625
   3.000   0.5707   0.01368   0.00695  -0.0581   0.5914   0.7970
   3.500   0.6150   0.01391   0.00725  -0.0552   0.5653   0.8361
   4.000   0.6592   0.01421   0.00760  -0.0520   0.5401   0.8780
   4.500   0.7100   0.01464   0.00800  -0.0502   0.5150   0.9226
   5.000   0.7825   0.01529   0.00849  -0.0533   0.4886   0.9579
   5.500   0.8698   0.01597   0.00911  -0.0600   0.4594   0.9815
   6.000   0.9630   0.01670   0.00968  -0.0682   0.4299   0.9999
   6.500   0.9683   0.01690   0.00977  -0.0594   0.4110   1.0000
   7.000   0.9858   0.01734   0.01009  -0.0524   0.3911   1.0000
   7.500   1.0075   0.01790   0.01055  -0.0462   0.3712   1.0000
   8.000   1.0322   0.01860   0.01114  -0.0407   0.3512   1.0000
   8.500   1.0599   0.01944   0.01189  -0.0361   0.3312   1.0000
   9.000   1.0885   0.02043   0.01278  -0.0319   0.3115   1.0000
   9.500   1.1159   0.02153   0.01384  -0.0278   0.2923   1.0000
  10.000   1.1424   0.02279   0.01508  -0.0239   0.2737   1.0000
