  
       XFOIL         Version 6.99
  
 Calculated polar for: NACA 6212                                       
  
 1 1 Reynolds number fixed          Mach number fixed         
  
 xtrf =   1.000 (top)        1.000 (bottom)  
 Mach =   0.050     Re =     0.200 e 6     Ncrit =   9.000
  
   alpha    CL        CD       CDp       CM     Top_Xtr  Bot_Xtr
  ------ -------- --------- --------- -------- -------- --------
  -2.000   0.3870   0.02877   0.02257  -0.1044   0.6520   0.0681
  -1.500   0.4363   0.02757   0.02060  -0.1025   0.5840   0.0800
  -1.000   0.4762   0.02413   0.01662  -0.1008   0.4909   0.0875
  -0.500   0.5198   0.02310   0.01470  -0.0984   0.4067   0.1027
   0.000   0.5676   0.02180   0.01279  -0.0970   0.3695   0.1279
   0.500   0.6258   0.02017   0.01037  -0.0945   0.3518   0.0763
   1.000   0.6784   0.01934   0.00907  -0.0932   0.3399   0.0785
   1.500   0.7310   0.01859   0.00826  -0.0925   0.3309   0.0881
   2.000   0.7832   0.01848   0.00796  -0.0918   0.3236   0.1028
   2.500   0.8361   0.01833   0.00785  -0.0914   0.3180   0.1249
   3.000   0.8898   0.01846   0.00789  -0.0912   0.3132   0.1704
   3.500   0.9424   0.01754   0.00840  -0.0906   0.3091   1.0000
   4.000   0.9959   0.01831   0.00903  -0.0904   0.3060   1.0000
   4.500   1.0485   0.01905   0.00972  -0.0902   0.3022   1.0000
   5.000   1.1012   0.01986   0.01044  -0.0900   0.2986   1.0000
   5.500   1.1548   0.02081   0.01130  -0.0901   0.2958   1.0000
   6.000   1.2095   0.02208   0.01246  -0.0905   0.2931   1.0000
   6.500   1.2609   0.02322   0.01371  -0.0904   0.2910   1.0000
   7.000   1.3102   0.02428   0.01491  -0.0899   0.2886   1.0000
   7.500   1.3589   0.02544   0.01622  -0.0893   0.2858   1.0000
   8.000   1.4073   0.02675   0.01769  -0.0889   0.2835   1.0000
   8.500   1.4553   0.02816   0.01923  -0.0885   0.2813   1.0000
   9.000   1.5036   0.02974   0.02093  -0.0882   0.2793   1.0000
   9.500   1.5529   0.03209   0.02336  -0.0885   0.2767   1.0000
  10.000   1.5887   0.03391   0.02558  -0.0864   0.2750   1.0000
