  
       XFOIL         Version 6.99
  
 Calculated polar for: NACA 6606                                       
  
 1 1 Reynolds number fixed          Mach number fixed         
  
 xtrf =   1.000 (top)        1.000 (bottom)  
 Mach =   0.050     Re =     0.200 e 6     Ncrit =   9.000
  
   alpha    CL        CD       CDp       CM     Top_Xtr  Bot_Xtr
  ------ -------- --------- --------- -------- -------- --------
  -2.000   0.3766   0.02294   0.01554  -0.1791   0.9471   0.0733
  -1.500   0.4571   0.02201   0.01505  -0.1853   0.9458   0.2069
  -1.000   0.5125   0.02216   0.01564  -0.1864   0.9411   0.3836
  -0.500   0.5720   0.02235   0.01621  -0.1878   0.9351   0.5464
   0.000   0.6476   0.02238   0.01648  -0.1919   0.9315   0.6855
   0.500   0.6838   0.02223   0.01676  -0.1881   0.9213   1.0000
   1.000   0.7394   0.02283   0.01725  -0.1886   0.9132   1.0000
   1.500   0.8064   0.02312   0.01750  -0.1912   0.9069   1.0000
   2.000   0.8576   0.02365   0.01807  -0.1907   0.8965   1.0000
   2.500   0.9355   0.02349   0.01807  -0.1949   0.8920   1.0000
   3.000   0.9888   0.02367   0.01842  -0.1944   0.8801   1.0000
   3.500   1.1392   0.01535   0.01051  -0.2046   0.8521   1.0000
   4.000   1.1868   0.01240   0.00622  -0.1958   0.5433   1.0000
   4.500   1.1452   0.01888   0.00967  -0.1779   0.0642   1.0000
   5.000   1.1645   0.02180   0.01269  -0.1706   0.0396   1.0000
   5.500   1.1950   0.02417   0.01518  -0.1655   0.0314   1.0000
   6.000   1.2591   0.02935   0.02048  -0.1662   0.0271   1.0000
   6.500   1.3325   0.03485   0.02659  -0.1675   0.0251   1.0000
