  
       XFOIL         Version 6.99
  
 Calculated polar for: NACA 4512                                       
  
 1 1 Reynolds number fixed          Mach number fixed         
  
 xtrf =   1.000 (top)        1.000 (bottom)  
 Mach =   0.050     Re =     0.200 e 6     Ncrit =   9.000
  
   alpha    CL        CD       CDp       CM     Top_Xtr  Bot_Xtr
  ------ -------- --------- --------- -------- -------- --------
  -2.000   0.2579   0.01446   0.00759  -0.1235   0.8840   0.3660
  -1.500   0.3177   0.01391   0.00730  -0.1240   0.8725   0.4466
  -1.000   0.3846   0.01308   0.00677  -0.1254   0.8647   0.5454
  -0.500   0.4373   0.01246   0.00659  -0.1240   0.8506   0.6691
   0.000   0.4971   0.01155   0.00635  -0.1229   0.8370   0.9753
   0.500   0.5582   0.01143   0.00602  -0.1236   0.8219   1.0000
   1.000   0.6160   0.01137   0.00579  -0.1236   0.8059   1.0000
   1.500   0.6734   0.01134   0.00563  -0.1234   0.7887   1.0000
   2.000   0.7305   0.01136   0.00553  -0.1231   0.7706   1.0000
   2.500   0.7864   0.01144   0.00550  -0.1226   0.7512   1.0000
   3.000   0.8391   0.01161   0.00563  -0.1216   0.7284   1.0000
   3.500   0.8939   0.01176   0.00570  -0.1209   0.7058   1.0000
   4.000   0.9455   0.01201   0.00591  -0.1197   0.6798   1.0000
   4.500   0.9973   0.01227   0.00610  -0.1184   0.6522   1.0000
   5.000   1.0463   0.01258   0.00636  -0.1167   0.6199   1.0000
   5.500   1.0928   0.01296   0.00669  -0.1144   0.5827   1.0000
   6.000   1.1376   0.01346   0.00708  -0.1120   0.5429   1.0000
   6.500   1.1788   0.01408   0.00763  -0.1090   0.4982   1.0000
   7.000   1.2164   0.01488   0.00831  -0.1055   0.4484   1.0000
   7.500   1.2487   0.01590   0.00917  -0.1012   0.3906   1.0000
   8.000   1.2731   0.01727   0.01027  -0.0957   0.3235   1.0000
   8.500   1.2861   0.01911   0.01175  -0.0887   0.2495   1.0000
   9.000   1.2942   0.02163   0.01384  -0.0818   0.1747   1.0000
   9.500   1.3011   0.02458   0.01644  -0.0754   0.1245   1.0000
  10.000   1.3105   0.02761   0.01933  -0.0698   0.0979   1.0000
  -2.000   0.2579   0.01446   0.00759  -0.1235   0.8840   0.3660
  -1.500   0.3177   0.01391   0.00730  -0.1240   0.8725   0.4466
  -1.000   0.3846   0.01308   0.00677  -0.1254   0.8647   0.5454
  -0.500   0.4373   0.01246   0.00659  -0.1240   0.8506   0.6691
   0.000   0.4971   0.01155   0.00635  -0.1229   0.8370   0.9753
   0.500   0.5582   0.01143   0.00602  -0.1236   0.8219   1.0000
   1.000   0.6160   0.01137   0.00579  -0.1236   0.8059   1.0000
   1.500   0.6734   0.01134   0.00563  -0.1234   0.7887   1.0000
   2.000   0.7305   0.01136   0.00553  -0.1231   0.7706   1.0000
   2.500   0.7864   0.01144   0.00550  -0.1226   0.7512   1.0000
   3.000   0.8391   0.01161   0.00563  -0.1216   0.7284   1.0000
   3.500   0.8939   0.01176   0.00570  -0.1209   0.7058   1.0000
   4.000   0.9455   0.01201   0.00591  -0.1197   0.6798   1.0000
   4.500   0.9973   0.01227   0.00610  -0.1184   0.6522   1.0000
   5.000   1.0463   0.01258   0.00636  -0.1167   0.6199   1.0000
   5.500   1.0928   0.01296   0.00669  -0.1144   0.5827   1.0000
   6.000   1.1376   0.01346   0.00708  -0.1120   0.5429   1.0000
   6.500   1.1788   0.01408   0.00763  -0.1090   0.4982   1.0000
   7.000   1.2164   0.01488   0.00831  -0.1055   0.4484   1.0000
   7.500   1.2487   0.01590   0.00917  -0.1012   0.3906   1.0000
   8.000   1.2731   0.01727   0.01027  -0.0957   0.3235   1.0000
   8.500   1.2861   0.01911   0.01175  -0.0887   0.2495   1.0000
   9.000   1.2942   0.02163   0.01384  -0.0818   0.1747   1.0000
   9.500   1.3011   0.02458   0.01644  -0.0754   0.1245   1.0000
  10.000   1.3105   0.02761   0.01933  -0.0698   0.0979   1.0000
  -2.000   0.2579   0.01446   0.00759  -0.1235   0.8840   0.3660
  -1.500   0.3177   0.01391   0.00730  -0.1240   0.8725   0.4466
  -1.000   0.3846   0.01308   0.00677  -0.1254   0.8647   0.5454
  -0.500   0.4373   0.01246   0.00659  -0.1240   0.8506   0.6691
   0.000   0.4971   0.01155   0.00635  -0.1229   0.8370   0.9753
   0.500   0.5582   0.01143   0.00602  -0.1236   0.8219   1.0000
   1.000   0.6160   0.01137   0.00579  -0.1236   0.8059   1.0000
   1.500   0.6734   0.01134   0.00563  -0.1234   0.7887   1.0000
   2.000   0.7305   0.01136   0.00553  -0.1231   0.7706   1.0000
   2.500   0.7864   0.01144   0.00550  -0.1226   0.7512   1.0000
   3.000   0.8391   0.01161   0.00563  -0.1216   0.7284   1.0000
   3.500   0.8939   0.01176   0.00570  -0.1209   0.7058   1.0000
   4.000   0.9455   0.01201   0.00591  -0.1197   0.6798   1.0000
   4.500   0.9973   0.01227   0.00610  -0.1184   0.6522   1.0000
   5.000   1.0463   0.01258   0.00636  -0.1167   0.6199   1.0000
   5.500   1.0928   0.01296   0.00669  -0.1144   0.5827   1.0000
   6.000   1.1376   0.01346   0.00708  -0.1120   0.5429   1.0000
   6.500   1.1788   0.01408   0.00763  -0.1090   0.4982   1.0000
   7.000   1.2164   0.01488   0.00831  -0.1055   0.4484   1.0000
   7.500   1.2487   0.01590   0.00917  -0.1012   0.3906   1.0000
   8.000   1.2731   0.01727   0.01027  -0.0957   0.3235   1.0000
   8.500   1.2861   0.01911   0.01175  -0.0887   0.2495   1.0000
   9.000   1.2942   0.02163   0.01384  -0.0818   0.1747   1.0000
   9.500   1.3011   0.02458   0.01644  -0.0754   0.1245   1.0000
  10.000   1.3105   0.02761   0.01933  -0.0698   0.0979   1.0000
