  
       XFOIL         Version 6.99
  
 Calculated polar for: NACA 1410                                       
  
 1 1 Reynolds number fixed          Mach number fixed         
  
 xtrf =   1.000 (top)        1.000 (bottom)  
 Mach =   0.050     Re =     0.200 e 6     Ncrit =   9.000
  
   alpha    CL        CD       CDp       CM     Top_Xtr  Bot_Xtr
  ------ -------- --------- --------- -------- -------- --------
  -2.000  -0.2034   0.00998   0.00475  -0.0114   0.9920   0.7253
  -1.500  -0.1299   0.00981   0.00498  -0.0136   0.9776   0.8680
  -1.000  -0.0357   0.00998   0.00514  -0.0201   0.9673   0.9540
  -0.500   0.0859   0.00998   0.00504  -0.0331   0.9610   0.9873
   0.000   0.1950   0.00964   0.00464  -0.0439   0.9452   1.0000
   0.500   0.2609   0.00923   0.00417  -0.0456   0.9104   1.0000
   1.000   0.3097   0.00898   0.00382  -0.0433   0.8656   1.0000
   1.500   0.3560   0.00891   0.00360  -0.0406   0.8158   1.0000
   2.000   0.4030   0.00900   0.00350  -0.0381   0.7619   1.0000
   2.500   0.4502   0.00923   0.00352  -0.0358   0.7052   1.0000
   3.000   0.4972   0.00957   0.00364  -0.0335   0.6461   1.0000
   3.500   0.5438   0.01000   0.00383  -0.0313   0.5848   1.0000
   4.000   0.5900   0.01049   0.00413  -0.0291   0.5203   1.0000
   4.500   0.6357   0.01109   0.00449  -0.0270   0.4499   1.0000
   5.000   0.6806   0.01183   0.00497  -0.0248   0.3636   1.0000
   5.500   0.7227   0.01303   0.00566  -0.0226   0.2498   1.0000
   6.000   0.7620   0.01486   0.00687  -0.0202   0.1377   1.0000
   6.500   0.8017   0.01683   0.00851  -0.0178   0.0920   1.0000
   7.000   0.8442   0.01852   0.01022  -0.0156   0.0719   1.0000
   7.500   0.8859   0.02050   0.01223  -0.0133   0.0602   1.0000
   8.000   0.9281   0.02284   0.01466  -0.0113   0.0520   1.0000
   8.500   0.9708   0.02623   0.01804  -0.0096   0.0462   1.0000
   9.000   1.0132   0.02841   0.02065  -0.0075   0.0418   1.0000
   9.500   1.0531   0.03177   0.02421  -0.0057   0.0387   1.0000
  10.000   1.0813   0.03712   0.03022  -0.0027   0.0367   1.0000
