  
       XFOIL         Version 6.99
  
 Calculated polar for: NACA 4626                                       
  
 1 1 Reynolds number fixed          Mach number fixed         
  
 xtrf =   1.000 (top)        1.000 (bottom)  
 Mach =   0.050     Re =     0.200 e 6     Ncrit =   9.000
  
   alpha    CL        CD       CDp       CM     Top_Xtr  Bot_Xtr
  ------ -------- --------- --------- -------- -------- --------
  -2.000   0.1932   0.01921   0.01169  -0.1116   0.7521   0.3995
  -1.500   0.2329   0.01892   0.01138  -0.1082   0.7359   0.4169
  -1.000   0.2997   0.01845   0.01087  -0.1099   0.7231   0.4373
  -0.500   0.3785   0.01782   0.01026  -0.1139   0.7106   0.4595
   0.000   0.4215   0.01765   0.01015  -0.1111   0.6929   0.4782
   0.500   0.4688   0.01751   0.01003  -0.1093   0.6756   0.4982
   1.000   0.5210   0.01744   0.00993  -0.1083   0.6586   0.5197
   1.500   0.5763   0.01745   0.00986  -0.1080   0.6418   0.5420
   2.000   0.6354   0.01751   0.00986  -0.1085   0.6252   0.5647
   2.500   0.6799   0.01769   0.01006  -0.1062   0.6078   0.5860
   3.000   0.7182   0.01803   0.01044  -0.1029   0.5905   0.6073
   3.500   0.7640   0.01841   0.01082  -0.1011   0.5741   0.6301
   4.000   0.8146   0.01877   0.01112  -0.1002   0.5587   0.6542
   4.500   0.8651   0.01912   0.01142  -0.0993   0.5434   0.6790
   5.000   0.8958   0.01972   0.01213  -0.0950   0.5279   0.7038
   5.500   0.9381   0.02020   0.01266  -0.0928   0.5135   0.7311
   6.000   0.9909   0.02051   0.01293  -0.0923   0.4996   0.7613
   6.500   1.0106   0.02121   0.01389  -0.0863   0.4854   0.7955
   7.000   1.0446   0.02174   0.01457  -0.0826   0.4722   0.8438
   7.500   1.0893   0.02203   0.01495  -0.0804   0.4591   0.9618
   8.000   1.1184   0.02309   0.01600  -0.0777   0.4451   1.0000
   8.500   1.1583   0.02406   0.01684  -0.0762   0.4323   1.0000
   9.000   1.1981   0.02498   0.01761  -0.0746   0.4196   1.0000
   9.500   1.2199   0.02645   0.01912  -0.0706   0.4067   1.0000
  10.000   1.2573   0.02758   0.02013  -0.0688   0.3948   1.0000
  -2.000   0.1932   0.01921   0.01169  -0.1116   0.7521   0.3995
  -1.500   0.2329   0.01892   0.01138  -0.1082   0.7359   0.4169
  -1.000   0.2997   0.01845   0.01087  -0.1099   0.7231   0.4373
  -0.500   0.3785   0.01782   0.01026  -0.1139   0.7106   0.4595
   0.000   0.4215   0.01765   0.01015  -0.1111   0.6929   0.4782
   0.500   0.4688   0.01751   0.01003  -0.1093   0.6756   0.4982
   1.000   0.5210   0.01744   0.00993  -0.1083   0.6586   0.5197
   1.500   0.5763   0.01745   0.00986  -0.1080   0.6418   0.5420
   2.000   0.6354   0.01751   0.00986  -0.1085   0.6252   0.5647
   2.500   0.6799   0.01769   0.01006  -0.1062   0.6078   0.5860
   3.000   0.7182   0.01803   0.01044  -0.1029   0.5905   0.6073
   3.500   0.7640   0.01841   0.01082  -0.1011   0.5741   0.6301
   4.000   0.8146   0.01877   0.01112  -0.1002   0.5587   0.6542
   4.500   0.8651   0.01912   0.01142  -0.0993   0.5434   0.6790
   5.000   0.8958   0.01972   0.01213  -0.0950   0.5279   0.7038
   5.500   0.9381   0.02020   0.01266  -0.0928   0.5135   0.7311
   6.000   0.9909   0.02051   0.01293  -0.0923   0.4996   0.7613
   6.500   1.0106   0.02121   0.01389  -0.0863   0.4854   0.7955
   7.000   1.0446   0.02174   0.01457  -0.0826   0.4722   0.8438
   7.500   1.0893   0.02203   0.01495  -0.0804   0.4591   0.9618
   8.000   1.1184   0.02309   0.01600  -0.0777   0.4451   1.0000
   8.500   1.1583   0.02406   0.01684  -0.0762   0.4323   1.0000
   9.000   1.1981   0.02498   0.01761  -0.0746   0.4196   1.0000
   9.500   1.2199   0.02645   0.01912  -0.0706   0.4067   1.0000
  10.000   1.2573   0.02758   0.02013  -0.0688   0.3948   1.0000
