  
       XFOIL         Version 6.99
  
 Calculated polar for: NACA 1520                                       
  
 1 1 Reynolds number fixed          Mach number fixed         
  
 xtrf =   1.000 (top)        1.000 (bottom)  
 Mach =   0.050     Re =     0.200 e 6     Ncrit =   9.000
  
   alpha    CL        CD       CDp       CM     Top_Xtr  Bot_Xtr
  ------ -------- --------- --------- -------- -------- --------
  -2.000  -0.0888   0.01379   0.00687  -0.0345   0.7924   0.5304
  -1.500  -0.0353   0.01351   0.00665  -0.0333   0.7700   0.5608
  -1.000   0.0180   0.01332   0.00644  -0.0321   0.7470   0.5933
  -0.500   0.0715   0.01316   0.00633  -0.0309   0.7236   0.6250
   0.000   0.1228   0.01308   0.00630  -0.0294   0.6989   0.6591
   0.500   0.1744   0.01304   0.00633  -0.0279   0.6740   0.6928
   1.000   0.2256   0.01306   0.00639  -0.0262   0.6492   0.7288
   1.500   0.2773   0.01314   0.00653  -0.0246   0.6245   0.7633
   2.000   0.3278   0.01330   0.00668  -0.0227   0.6002   0.8001
   2.500   0.3803   0.01357   0.00696  -0.0211   0.5760   0.8327
   3.000   0.4307   0.01392   0.00725  -0.0191   0.5523   0.8667
   3.500   0.4867   0.01440   0.00771  -0.0181   0.5275   0.8933
   4.000   0.5478   0.01495   0.00821  -0.0184   0.5019   0.9171
   4.500   0.6182   0.01555   0.00872  -0.0208   0.4756   0.9363
   5.000   0.6986   0.01620   0.00919  -0.0256   0.4487   0.9512
   5.500   0.7790   0.01678   0.00971  -0.0307   0.4209   0.9660
   6.000   0.8601   0.01735   0.01017  -0.0362   0.3930   0.9801
   6.500   0.9430   0.01797   0.01064  -0.0424   0.3655   0.9928
   7.000   1.0046   0.01844   0.01108  -0.0446   0.3402   1.0000
   7.500   1.0203   0.01887   0.01145  -0.0380   0.3220   1.0000
   8.000   1.0321   0.01937   0.01188  -0.0304   0.3048   1.0000
   8.500   1.0404   0.01995   0.01238  -0.0221   0.2887   1.0000
   9.000   1.0437   0.02056   0.01289  -0.0128   0.2737   1.0000
   9.500   1.0494   0.02128   0.01357  -0.0043   0.2586   1.0000
  10.000   1.0646   0.02227   0.01453   0.0020   0.2430   1.0000
