  
       XFOIL         Version 6.99
  
 Calculated polar for: NACA 1216                                       
  
 1 1 Reynolds number fixed          Mach number fixed         
  
 xtrf =   1.000 (top)        1.000 (bottom)  
 Mach =   0.050     Re =     0.200 e 6     Ncrit =   9.000
  
   alpha    CL        CD       CDp       CM     Top_Xtr  Bot_Xtr
  ------ -------- --------- --------- -------- -------- --------
  -2.000  -0.1176   0.01162   0.00578  -0.0210   0.8546   0.6587
  -1.500  -0.0633   0.01129   0.00547  -0.0193   0.8264   0.7036
  -1.000  -0.0125   0.01114   0.00541  -0.0168   0.7931   0.7496
  -0.500   0.0398   0.01111   0.00539  -0.0146   0.7597   0.7914
   0.000   0.0930   0.01118   0.00538  -0.0128   0.7263   0.8269
   0.500   0.1457   0.01138   0.00545  -0.0109   0.6908   0.8606
   1.000   0.2027   0.01172   0.00566  -0.0098   0.6529   0.8878
   1.500   0.2631   0.01214   0.00590  -0.0096   0.6143   0.9130
   2.000   0.3269   0.01262   0.00615  -0.0104   0.5739   0.9356
   2.500   0.4082   0.01314   0.00647  -0.0151   0.5294   0.9497
   3.000   0.4923   0.01365   0.00674  -0.0208   0.4853   0.9628
   3.500   0.5742   0.01414   0.00698  -0.0263   0.4448   0.9767
   4.000   0.6579   0.01459   0.00723  -0.0325   0.4088   0.9896
   4.500   0.7409   0.01501   0.00749  -0.0387   0.3788   1.0000
   5.000   0.7799   0.01536   0.00775  -0.0362   0.3585   1.0000
   5.500   0.8183   0.01577   0.00809  -0.0335   0.3404   1.0000
   6.000   0.8557   0.01626   0.00853  -0.0304   0.3239   1.0000
   6.500   0.8925   0.01682   0.00903  -0.0271   0.3084   1.0000
   7.000   0.9287   0.01743   0.00957  -0.0237   0.2932   1.0000
   7.500   0.9640   0.01803   0.01015  -0.0201   0.2780   1.0000
   8.000   0.9980   0.01860   0.01078  -0.0163   0.2629   1.0000
   8.500   1.0316   0.01926   0.01148  -0.0124   0.2477   1.0000
   9.000   1.0639   0.01998   0.01223  -0.0083   0.2324   1.0000
   9.500   1.0951   0.02074   0.01303  -0.0042   0.2168   1.0000
  10.000   1.1248   0.02157   0.01389  -0.0001   0.2008   1.0000
