  
       XFOIL         Version 6.99
  
 Calculated polar for: NACA 7318                                       
  
 1 1 Reynolds number fixed          Mach number fixed         
  
 xtrf =   1.000 (top)        1.000 (bottom)  
 Mach =   0.050     Re =     0.200 e 6     Ncrit =   9.000
  
   alpha    CL        CD       CDp       CM     Top_Xtr  Bot_Xtr
  ------ -------- --------- --------- -------- -------- --------
  -2.000   0.4995   0.01903   0.00998  -0.1355   0.5641   0.1050
  -1.500   0.5469   0.01872   0.00931  -0.1337   0.5372   0.1140
  -1.000   0.5949   0.01857   0.00898  -0.1322   0.5147   0.1245
  -0.500   0.6446   0.01845   0.00872  -0.1311   0.4975   0.1374
   0.000   0.6966   0.01847   0.00856  -0.1305   0.4839   0.1535
   0.500   0.7462   0.01833   0.00850  -0.1295   0.4721   0.1735
   1.000   0.7998   0.01846   0.00857  -0.1294   0.4627   0.2011
   1.500   0.8507   0.01845   0.00870  -0.1288   0.4545   0.2420
   2.000   0.9107   0.01704   0.00910  -0.1296   0.4477   1.0000
   2.500   0.9622   0.01769   0.00953  -0.1290   0.4417   1.0000
   3.000   1.0122   0.01828   0.00996  -0.1283   0.4354   1.0000
   3.500   1.0664   0.01896   0.01043  -0.1284   0.4304   1.0000
   4.000   1.1225   0.01985   0.01116  -0.1290   0.4259   1.0000
   4.500   1.1690   0.02057   0.01191  -0.1278   0.4213   1.0000
   5.000   1.2184   0.02131   0.01260  -0.1272   0.4164   1.0000
   5.500   1.2725   0.02213   0.01331  -0.1276   0.4124   1.0000
   6.000   1.3311   0.02334   0.01439  -0.1290   0.4085   1.0000
   6.500   1.3701   0.02424   0.01545  -0.1267   0.4048   1.0000
   7.000   1.4118   0.02523   0.01654  -0.1250   0.4005   1.0000
   7.500   1.4584   0.02626   0.01758  -0.1243   0.3968   1.0000
   8.000   1.5117   0.02731   0.01859  -0.1248   0.3933   1.0000
   8.500   1.5603   0.02882   0.02014  -0.1248   0.3895   1.0000
   9.000   1.5860   0.03026   0.02181  -0.1208   0.3860   1.0000
   9.500   1.6132   0.03179   0.02354  -0.1173   0.3822   1.0000
  10.000   1.6445   0.03311   0.02495  -0.1144   0.3783   1.0000
