  
       XFOIL         Version 6.99
  
 Calculated polar for: NACA 7640                                       
  
 1 1 Reynolds number fixed          Mach number fixed         
  
 xtrf =   1.000 (top)        1.000 (bottom)  
 Mach =   0.050     Re =     0.200 e 6     Ncrit =   9.000
  
   alpha    CL        CD       CDp       CM     Top_Xtr  Bot_Xtr
  ------ -------- --------- --------- -------- -------- --------
  -2.000  -0.1047   0.04172   0.03359  -0.0854   0.6003   0.3189
  -1.500  -0.0087   0.03913   0.03085  -0.0917   0.5994   0.3289
  -1.000   0.0941   0.03688   0.02859  -0.0988   0.5980   0.3392
  -0.500   0.2073   0.03441   0.02594  -0.1080   0.5959   0.3507
   0.000   0.1669   0.03832   0.03003  -0.0965   0.5790   0.3551
   0.500   0.2769   0.03611   0.02761  -0.1049   0.5770   0.3674
   1.500   0.2617   0.04226   0.03402  -0.0919   0.5513   0.3805
   2.500   0.3752   0.04226   0.03396  -0.0950   0.5381   0.4020
   3.000   0.4860   0.03994   0.03147  -0.1031   0.5360   0.4166
   4.000   0.4633   0.04759   0.03941  -0.0907   0.5129   0.4319
   5.500   0.6283   0.04865   0.04042  -0.0951   0.4951   0.4708
   6.500   0.6358   0.05590   0.04787  -0.0878   0.4760   0.4914
