  
       XFOIL         Version 6.99
  
 Calculated polar for: NACA 6536                                       
  
 1 1 Reynolds number fixed          Mach number fixed         
  
 xtrf =   1.000 (top)        1.000 (bottom)  
 Mach =   0.050     Re =     0.200 e 6     Ncrit =   9.000
  
   alpha    CL        CD       CDp       CM     Top_Xtr  Bot_Xtr
  ------ -------- --------- --------- -------- -------- --------
  -2.000   0.1671   0.02743   0.01865  -0.1004   0.6122   0.3270
  -1.500   0.1423   0.02920   0.02066  -0.0888   0.6000   0.3332
  -1.000   0.2136   0.02859   0.01997  -0.0917   0.5939   0.3455
  -0.500   0.3199   0.02727   0.01856  -0.1003   0.5896   0.3600
   0.000   0.2619   0.03026   0.02175  -0.0840   0.5758   0.3652
   0.500   0.3584   0.02886   0.02022  -0.0906   0.5715   0.3807
   1.000   0.3151   0.03230   0.02387  -0.0778   0.5583   0.3871
   1.500   0.3963   0.03129   0.02272  -0.0820   0.5534   0.4029
   2.000   0.5042   0.02973   0.02109  -0.0901   0.5498   0.4219
   3.000   0.1019   0.06196   0.05403  -0.0403   0.4805   0.4095
   3.500   0.1642   0.06127   0.05331  -0.0415   0.4781   0.4259
   4.000   0.2332   0.05966   0.05179  -0.0432   0.4769   0.4441
   4.500   0.3101   0.05752   0.04963  -0.0455   0.4763   0.4644
   5.000   0.3929   0.05506   0.04719  -0.0484   0.4760   0.4869
   5.500   0.4797   0.05243   0.04463  -0.0518   0.4756   0.5119
   6.000   0.5751   0.04942   0.04162  -0.0561   0.4752   0.5401
   6.500   0.6816   0.04600   0.03818  -0.0618   0.4745   0.5729
   7.000   0.7949   0.04275   0.03489  -0.0686   0.4731   0.6111
