  
       XFOIL         Version 6.99
  
 Calculated polar for: NACA 2810                                       
  
 1 1 Reynolds number fixed          Mach number fixed         
  
 xtrf =   1.000 (top)        1.000 (bottom)  
 Mach =   0.050     Re =     0.200 e 6     Ncrit =   9.000
  
   alpha    CL        CD       CDp       CM     Top_Xtr  Bot_Xtr
  ------ -------- --------- --------- -------- -------- --------
  -2.000  -0.0631   0.01256   0.00657  -0.0619   1.0000   0.6100
  -1.500  -0.0106   0.01269   0.00693  -0.0611   1.0000   0.6814
  -1.000   0.0384   0.01298   0.00741  -0.0596   1.0000   0.7397
  -0.500   0.0851   0.01341   0.00796  -0.0576   1.0000   0.7882
   0.000   0.1383   0.01386   0.00852  -0.0573   0.9972   0.8308
   0.500   0.2234   0.01409   0.00886  -0.0630   0.9827   0.8707
   1.000   0.2968   0.01374   0.00866  -0.0658   0.9632   0.9096
   1.500   0.3676   0.01293   0.00801  -0.0676   0.9424   0.9626
   2.000   0.4532   0.01197   0.00716  -0.0730   0.9183   1.0000
   2.500   0.5204   0.01096   0.00627  -0.0742   0.8780   1.0000
   3.000   0.6198   0.00942   0.00471  -0.0809   0.7968   1.0000
   3.500   0.7116   0.00994   0.00446  -0.0871   0.6420   1.0000
   4.000   0.7575   0.01102   0.00495  -0.0850   0.5179   1.0000
   4.500   0.8006   0.01225   0.00558  -0.0827   0.3870   1.0000
   5.000   0.8423   0.01386   0.00644  -0.0805   0.2399   1.0000
   5.500   0.8838   0.01593   0.00778  -0.0784   0.1257   1.0000
   6.000   0.9277   0.01776   0.00939  -0.0764   0.0864   1.0000
   6.500   0.9706   0.01984   0.01139  -0.0741   0.0685   1.0000
   7.000   1.0151   0.02216   0.01370  -0.0722   0.0577   1.0000
   7.500   1.0620   0.02406   0.01572  -0.0706   0.0501   1.0000
   8.000   1.1094   0.02722   0.01913  -0.0691   0.0448   1.0000
   8.500   1.1542   0.02993   0.02200  -0.0674   0.0404   1.0000
   9.000   1.1935   0.03502   0.02763  -0.0649   0.0380   1.0000
   9.500   1.2219   0.03915   0.03247  -0.0605   0.0354   1.0000
  10.000   1.2387   0.04472   0.03871  -0.0553   0.0341   1.0000
