  
       XFOIL         Version 6.99
  
 Calculated polar for: NACA 3822                                       
  
 1 1 Reynolds number fixed          Mach number fixed         
  
 xtrf =   1.000 (top)        1.000 (bottom)  
 Mach =   0.050     Re =     0.200 e 6     Ncrit =   9.000
  
   alpha    CL        CD       CDp       CM     Top_Xtr  Bot_Xtr
  ------ -------- --------- --------- -------- -------- --------
  -2.000   0.0564   0.01809   0.01130  -0.0952   0.8287   0.4581
  -1.500   0.1251   0.01708   0.01036  -0.0968   0.8128   0.4827
  -1.000   0.2069   0.01593   0.00927  -0.1009   0.7973   0.5091
  -0.500   0.3034   0.01482   0.00815  -0.1079   0.7784   0.5372
   0.000   0.4068   0.01426   0.00746  -0.1167   0.7525   0.5658
   0.500   0.4771   0.01439   0.00753  -0.1192   0.7203   0.5907
   2.000   0.6464   0.01533   0.00830  -0.1182   0.6345   0.6597
   2.500   0.6907   0.01571   0.00866  -0.1153   0.6085   0.6810
   3.000   0.7344   0.01613   0.00906  -0.1124   0.5836   0.7016
   3.500   0.7773   0.01659   0.00949  -0.1094   0.5597   0.7218
   4.000   0.8196   0.01711   0.00995  -0.1063   0.5366   0.7418
   4.500   0.8621   0.01768   0.01048  -0.1033   0.5142   0.7617
   5.000   0.9010   0.01828   0.01106  -0.0996   0.4927   0.7790
   5.500   0.9397   0.01887   0.01162  -0.0959   0.4718   0.7968
   6.000   0.9777   0.01944   0.01216  -0.0923   0.4513   0.8152
   6.500   1.0142   0.02000   0.01269  -0.0885   0.4315   0.8338
   7.000   1.0492   0.02056   0.01322  -0.0845   0.4122   0.8527
   7.500   1.0824   0.02113   0.01375  -0.0804   0.3935   0.8722
   8.000   1.1141   0.02172   0.01430  -0.0760   0.3753   0.8924
   8.500   1.1395   0.02228   0.01490  -0.0707   0.3578   0.9140
   9.000   1.1605   0.02282   0.01553  -0.0646   0.3411   0.9403
   9.500   1.1854   0.02333   0.01610  -0.0598   0.3243   0.9998
  10.000   1.2264   0.02473   0.01745  -0.0592   0.3065   1.0000
