  
       XFOIL         Version 6.99
  
 Calculated polar for: NACA 4310                                       
  
 1 1 Reynolds number fixed          Mach number fixed         
  
 xtrf =   1.000 (top)        1.000 (bottom)  
 Mach =   0.050     Re =     0.200 e 6     Ncrit =   9.000
  
   alpha    CL        CD       CDp       CM     Top_Xtr  Bot_Xtr
  ------ -------- --------- --------- -------- -------- --------
  -2.000   0.2268   0.01358   0.00606  -0.0933   0.8801   0.0999
  -1.500   0.2817   0.01260   0.00509  -0.0922   0.8535   0.1300
  -1.000   0.3353   0.01180   0.00439  -0.0911   0.8231   0.1825
  -0.500   0.3775   0.00961   0.00397  -0.0882   0.7888   0.7014
   0.500   0.5010   0.00937   0.00336  -0.0883   0.7004   1.0000
   1.000   0.5512   0.00973   0.00330  -0.0868   0.6501   1.0000
   1.500   0.6014   0.01019   0.00337  -0.0854   0.6031   1.0000
   2.000   0.6521   0.01073   0.00355  -0.0843   0.5639   1.0000
   2.500   0.7038   0.01128   0.00384  -0.0835   0.5341   1.0000
   3.000   0.7562   0.01184   0.00420  -0.0828   0.5110   1.0000
   3.500   0.8091   0.01240   0.00464  -0.0824   0.4925   1.0000
   4.000   0.8623   0.01298   0.00515  -0.0820   0.4770   1.0000
   4.500   0.9156   0.01359   0.00572  -0.0816   0.4634   1.0000
   5.000   0.9690   0.01424   0.00636  -0.0813   0.4513   1.0000
   5.500   1.0224   0.01491   0.00703  -0.0810   0.4394   1.0000
   6.000   1.0746   0.01554   0.00781  -0.0806   0.4272   1.0000
   6.500   1.1264   0.01624   0.00865  -0.0800   0.4149   1.0000
   7.000   1.1761   0.01679   0.00929  -0.0791   0.3980   1.0000
   7.500   1.2217   0.01712   0.00969  -0.0773   0.3737   1.0000
   8.000   1.2673   0.01753   0.01027  -0.0756   0.3523   1.0000
   8.500   1.3106   0.01794   0.01087  -0.0736   0.3281   1.0000
   9.000   1.3509   0.01831   0.01147  -0.0711   0.2931   1.0000
   9.500   1.3772   0.01958   0.01250  -0.0667   0.2038   1.0000
  10.000   1.3651   0.02402   0.01602  -0.0579   0.0865   1.0000
  -2.000   0.2268   0.01358   0.00606  -0.0933   0.8801   0.0999
  -1.500   0.2817   0.01260   0.00509  -0.0922   0.8535   0.1300
  -1.000   0.3353   0.01180   0.00439  -0.0911   0.8231   0.1825
  -0.500   0.3775   0.00961   0.00397  -0.0882   0.7888   0.7014
   0.500   0.5010   0.00937   0.00336  -0.0883   0.7004   1.0000
   1.000   0.5512   0.00973   0.00330  -0.0868   0.6501   1.0000
   1.500   0.6014   0.01019   0.00337  -0.0854   0.6031   1.0000
   2.000   0.6521   0.01073   0.00355  -0.0843   0.5639   1.0000
   2.500   0.7038   0.01128   0.00384  -0.0835   0.5341   1.0000
   3.000   0.7562   0.01184   0.00420  -0.0828   0.5110   1.0000
   3.500   0.8091   0.01240   0.00464  -0.0824   0.4925   1.0000
   4.000   0.8623   0.01298   0.00515  -0.0820   0.4770   1.0000
   4.500   0.9156   0.01359   0.00572  -0.0816   0.4634   1.0000
   5.000   0.9690   0.01424   0.00636  -0.0813   0.4513   1.0000
   5.500   1.0224   0.01491   0.00703  -0.0810   0.4394   1.0000
   6.000   1.0746   0.01554   0.00781  -0.0806   0.4272   1.0000
   6.500   1.1264   0.01624   0.00865  -0.0800   0.4149   1.0000
   7.000   1.1761   0.01679   0.00929  -0.0791   0.3980   1.0000
   7.500   1.2217   0.01712   0.00969  -0.0773   0.3737   1.0000
   8.000   1.2673   0.01753   0.01027  -0.0756   0.3523   1.0000
   8.500   1.3106   0.01794   0.01087  -0.0736   0.3281   1.0000
   9.000   1.3509   0.01831   0.01147  -0.0711   0.2931   1.0000
   9.500   1.3772   0.01958   0.01250  -0.0667   0.2038   1.0000
  10.000   1.3651   0.02402   0.01602  -0.0579   0.0865   1.0000
  -2.000   0.2268   0.01358   0.00606  -0.0933   0.8801   0.0999
  -1.500   0.2817   0.01260   0.00509  -0.0922   0.8535   0.1300
  -1.000   0.3353   0.01180   0.00439  -0.0911   0.8231   0.1825
  -0.500   0.3775   0.00961   0.00397  -0.0882   0.7888   0.7014
   0.500   0.5010   0.00937   0.00336  -0.0883   0.7004   1.0000
   1.000   0.5512   0.00973   0.00330  -0.0868   0.6501   1.0000
   1.500   0.6014   0.01019   0.00337  -0.0854   0.6031   1.0000
   2.000   0.6521   0.01073   0.00355  -0.0843   0.5639   1.0000
   2.500   0.7038   0.01128   0.00384  -0.0835   0.5341   1.0000
   3.000   0.7562   0.01184   0.00420  -0.0828   0.5110   1.0000
   3.500   0.8091   0.01240   0.00464  -0.0824   0.4925   1.0000
   4.000   0.8623   0.01298   0.00515  -0.0820   0.4770   1.0000
   4.500   0.9156   0.01359   0.00572  -0.0816   0.4634   1.0000
   5.000   0.9690   0.01424   0.00636  -0.0813   0.4513   1.0000
   5.500   1.0224   0.01491   0.00703  -0.0810   0.4394   1.0000
   6.000   1.0746   0.01554   0.00781  -0.0806   0.4272   1.0000
   6.500   1.1264   0.01624   0.00865  -0.0800   0.4149   1.0000
   7.000   1.1761   0.01679   0.00929  -0.0791   0.3980   1.0000
   7.500   1.2217   0.01712   0.00969  -0.0773   0.3737   1.0000
   8.000   1.2673   0.01753   0.01027  -0.0756   0.3523   1.0000
   8.500   1.3106   0.01794   0.01087  -0.0736   0.3281   1.0000
   9.000   1.3509   0.01831   0.01147  -0.0711   0.2931   1.0000
   9.500   1.3772   0.01958   0.01250  -0.0667   0.2038   1.0000
  10.000   1.3651   0.02402   0.01602  -0.0579   0.0865   1.0000
