  
       XFOIL         Version 6.99
  
 Calculated polar for: NACA 9616                                       
  
 1 1 Reynolds number fixed          Mach number fixed         
  
 xtrf =   1.000 (top)        1.000 (bottom)  
 Mach =   0.050     Re =     0.200 e 6     Ncrit =   9.000
  
   alpha    CL        CD       CDp       CM     Top_Xtr  Bot_Xtr
  ------ -------- --------- --------- -------- -------- --------
  -2.000   0.4641   0.04510   0.03775  -0.2219   0.7911   0.1598
  -1.500   0.5354   0.04481   0.03756  -0.2251   0.7866   0.1842
  -0.500   0.6306   0.04569   0.03851  -0.2238   0.7650   0.2355
   0.000   0.6977   0.04531   0.03816  -0.2259   0.7595   0.2712
   0.500   0.7742   0.04444   0.03737  -0.2291   0.7571   0.3126
   1.000   0.8531   0.04339   0.03642  -0.2327   0.7557   0.3573
   2.000   0.9228   0.04504   0.03833  -0.2269   0.7274   0.4268
   2.500   0.9962   0.04377   0.03717  -0.2292   0.7250   0.4755
   3.000   1.0708   0.04228   0.03579  -0.2315   0.7233   0.5245
   4.000   1.1701   0.04184   0.03558  -0.2290   0.7049   0.6049
   5.500   1.3674   0.03702   0.03113  -0.2318   0.6906   0.7415
