  
       XFOIL         Version 6.99
  
 Calculated polar for: NACA 9238                                       
  
 1 1 Reynolds number fixed          Mach number fixed         
  
 xtrf =   1.000 (top)        1.000 (bottom)  
 Mach =   0.050     Re =     0.200 e 6     Ncrit =   9.000
  
   alpha    CL        CD       CDp       CM     Top_Xtr  Bot_Xtr
  ------ -------- --------- --------- -------- -------- --------
  -2.000   0.1997   0.03748   0.02759  -0.0403   0.4243   0.1100
  -1.500   0.2166   0.03796   0.02793  -0.0362   0.4101   0.1123
  -1.000   0.2338   0.03863   0.02838  -0.0324   0.3953   0.1143
  -0.500   0.2510   0.03937   0.02898  -0.0289   0.3804   0.1164
   0.000   0.2689   0.04041   0.02996  -0.0260   0.3659   0.1191
   0.500   0.2851   0.04187   0.03133  -0.0230   0.3527   0.1222
   1.000   0.3052   0.04341   0.03277  -0.0205   0.3415   0.1250
   1.500   0.3373   0.04408   0.03339  -0.0194   0.3331   0.1285
   2.000   0.3625   0.04553   0.03486  -0.0179   0.3256   0.1329
   2.500   0.4074   0.04586   0.03499  -0.0180   0.3200   0.1378
   3.000   0.4289   0.04766   0.03697  -0.0165   0.3150   0.1425
   3.500   0.4635   0.04888   0.03814  -0.0161   0.3108   0.1488
   4.000   0.5136   0.04895   0.03814  -0.0171   0.3073   0.1572
   4.500   0.5397   0.05088   0.04015  -0.0165   0.3042   0.1657
   5.000   0.5597   0.05342   0.04276  -0.0156   0.3011   0.1761
   6.000   0.6213   0.05555   0.04685  -0.0154   0.2963   0.6439
   6.500   0.6560   0.05622   0.04822  -0.0130   0.2944   0.8141
   7.000   0.7003   0.05814   0.05038  -0.0129   0.2926   0.9430
   7.500   0.6970   0.06629   0.05889  -0.0151   0.2908   0.9845
