  
       XFOIL         Version 6.99
  
 Calculated polar for: NACA 1312                                       
  
 1 1 Reynolds number fixed          Mach number fixed         
  
 xtrf =   1.000 (top)        1.000 (bottom)  
 Mach =   0.050     Re =     0.200 e 6     Ncrit =   9.000
  
   alpha    CL        CD       CDp       CM     Top_Xtr  Bot_Xtr
  ------ -------- --------- --------- -------- -------- --------
  -2.000  -0.1484   0.01062   0.00537  -0.0202   0.9478   0.7329
  -1.500  -0.0773   0.01030   0.00526  -0.0218   0.9311   0.8104
  -1.000  -0.0113   0.01012   0.00517  -0.0219   0.9112   0.8701
  -0.500   0.0533   0.01010   0.00513  -0.0216   0.8852   0.9141
   0.000   0.1280   0.01015   0.00507  -0.0235   0.8545   0.9455
   0.500   0.2171   0.01025   0.00501  -0.0290   0.8150   0.9706
   1.000   0.3094   0.01026   0.00479  -0.0358   0.7656   0.9889
   1.500   0.3852   0.01026   0.00451  -0.0400   0.7105   1.0000
   2.000   0.4314   0.01035   0.00433  -0.0383   0.6575   1.0000
   2.500   0.4777   0.01056   0.00430  -0.0366   0.6070   1.0000
   3.000   0.5234   0.01088   0.00438  -0.0347   0.5606   1.0000
   3.500   0.5688   0.01123   0.00457  -0.0327   0.5175   1.0000
   4.000   0.6137   0.01166   0.00482  -0.0306   0.4783   1.0000
   4.500   0.6585   0.01210   0.00515  -0.0285   0.4401   1.0000
   5.000   0.7029   0.01257   0.00554  -0.0263   0.4019   1.0000
   5.500   0.7467   0.01312   0.00597  -0.0239   0.3631   1.0000
   6.000   0.7901   0.01367   0.00647  -0.0216   0.3194   1.0000
   6.500   0.8322   0.01437   0.00704  -0.0191   0.2684   1.0000
   7.000   0.8722   0.01540   0.00783  -0.0165   0.2081   1.0000
   7.500   0.9098   0.01683   0.00899  -0.0137   0.1527   1.0000
   8.000   0.9451   0.01858   0.01049  -0.0107   0.1165   1.0000
   8.500   0.9814   0.02025   0.01211  -0.0078   0.0944   1.0000
   9.000   1.0143   0.02234   0.01411  -0.0047   0.0801   1.0000
   9.500   1.0495   0.02418   0.01602  -0.0019   0.0701   1.0000
  10.000   1.0841   0.02618   0.01816   0.0009   0.0627   1.0000
