  
       XFOIL         Version 6.99
  
 Calculated polar for: NACA 1128                                       
  
 1 1 Reynolds number fixed          Mach number fixed         
  
 xtrf =   1.000 (top)        1.000 (bottom)  
 Mach =   0.050     Re =     0.200 e 6     Ncrit =   9.000
  
   alpha    CL        CD       CDp       CM     Top_Xtr  Bot_Xtr
  ------ -------- --------- --------- -------- -------- --------
  -2.000  -0.1101   0.01743   0.00961  -0.0135   0.6288   0.5232
  -1.500  -0.0616   0.01734   0.00947  -0.0119   0.6107   0.5397
  -1.000  -0.0141   0.01733   0.00930  -0.0101   0.5930   0.5576
  -0.500   0.0316   0.01728   0.00937  -0.0080   0.5747   0.5749
   0.000   0.0793   0.01729   0.00942  -0.0062   0.5574   0.5928
   0.500   0.1278   0.01735   0.00939  -0.0047   0.5411   0.6119
   1.000   0.1714   0.01742   0.00944  -0.0022   0.5245   0.6318
   1.500   0.2182   0.01753   0.00966  -0.0003   0.5080   0.6513
   2.000   0.2667   0.01769   0.00981   0.0013   0.4927   0.6714
   2.500   0.3120   0.01782   0.00994   0.0034   0.4772   0.6925
   3.000   0.3528   0.01802   0.01021   0.0063   0.4619   0.7145
   3.500   0.3971   0.01830   0.01045   0.0086   0.4475   0.7373
   4.000   0.4407   0.01856   0.01075   0.0111   0.4326   0.7595
   4.500   0.4780   0.01889   0.01121   0.0146   0.4178   0.7819
   5.000   0.5188   0.01931   0.01164   0.0175   0.4039   0.8046
   5.500   0.5528   0.01971   0.01204   0.0217   0.3904   0.8279
   6.000   0.5817   0.02028   0.01272   0.0266   0.3772   0.8519
   6.500   0.6207   0.02102   0.01341   0.0296   0.3647   0.8749
   7.000   0.6544   0.02185   0.01427   0.0334   0.3520   0.8979
   7.500   0.6938   0.02291   0.01536   0.0356   0.3392   0.9192
   8.000   0.7439   0.02407   0.01643   0.0356   0.3263   0.9380
   8.500   0.8121   0.02549   0.01775   0.0315   0.3121   0.9492
   9.500   0.9303   0.02869   0.02098   0.0247   0.2856   0.9748
  10.000   0.9983   0.03035   0.02256   0.0192   0.2730   0.9832
  -2.000  -0.1101   0.01743   0.00961  -0.0135   0.6288   0.5232
  -1.500  -0.0616   0.01734   0.00947  -0.0119   0.6107   0.5397
  -1.000  -0.0141   0.01733   0.00930  -0.0101   0.5930   0.5576
  -0.500   0.0316   0.01728   0.00937  -0.0080   0.5747   0.5749
   0.000   0.0793   0.01729   0.00942  -0.0062   0.5574   0.5928
   0.500   0.1278   0.01735   0.00939  -0.0047   0.5411   0.6119
   1.000   0.1714   0.01742   0.00944  -0.0022   0.5245   0.6318
   1.500   0.2182   0.01753   0.00966  -0.0003   0.5080   0.6513
   2.000   0.2667   0.01769   0.00981   0.0013   0.4927   0.6714
   2.500   0.3120   0.01782   0.00994   0.0034   0.4772   0.6925
   3.000   0.3528   0.01802   0.01021   0.0063   0.4619   0.7145
   3.500   0.3971   0.01830   0.01045   0.0086   0.4475   0.7373
   4.000   0.4407   0.01856   0.01075   0.0111   0.4326   0.7595
   4.500   0.4780   0.01889   0.01121   0.0146   0.4178   0.7819
   5.000   0.5188   0.01931   0.01164   0.0175   0.4039   0.8046
   5.500   0.5528   0.01971   0.01204   0.0217   0.3904   0.8279
   6.000   0.5817   0.02028   0.01272   0.0266   0.3772   0.8519
   6.500   0.6207   0.02102   0.01341   0.0296   0.3647   0.8749
   7.000   0.6544   0.02185   0.01427   0.0334   0.3520   0.8979
   7.500   0.6938   0.02291   0.01536   0.0356   0.3392   0.9192
   8.000   0.7439   0.02407   0.01643   0.0356   0.3263   0.9380
   8.500   0.8121   0.02549   0.01775   0.0315   0.3121   0.9492
   9.500   0.9303   0.02869   0.02098   0.0247   0.2856   0.9748
  10.000   0.9983   0.03035   0.02256   0.0192   0.2730   0.9832
