  
       XFOIL         Version 6.99
  
 Calculated polar for: NACA 6120                                       
  
 1 1 Reynolds number fixed          Mach number fixed         
  
 xtrf =   1.000 (top)        1.000 (bottom)  
 Mach =   0.050     Re =     0.200 e 6     Ncrit =   9.000
  
   alpha    CL        CD       CDp       CM     Top_Xtr  Bot_Xtr
  ------ -------- --------- --------- -------- -------- --------
  -2.000   0.3794   0.02860   0.02085  -0.0746   0.5499   0.0462
  -1.000   0.4656   0.02604   0.01753  -0.0687   0.4867   0.0542
   0.000   0.5431   0.02363   0.01444  -0.0616   0.4038   0.0660
   0.500   0.5702   0.02313   0.01346  -0.0563   0.3380   0.0773
   1.000   0.5803   0.02290   0.01265  -0.0487   0.2457   0.0998
   1.500   0.5991   0.02298   0.01243  -0.0425   0.2077   0.1180
   2.000   0.6293   0.02284   0.01236  -0.0384   0.1949   0.1291
   2.500   0.6621   0.02316   0.01270  -0.0349   0.1876   0.1353
   3.000   0.6981   0.02402   0.01343  -0.0318   0.1829   0.1301
   3.500   0.7371   0.02515   0.01443  -0.0291   0.1793   0.1127
   4.000   0.7757   0.02651   0.01562  -0.0265   0.1763   0.0946
   4.500   0.8151   0.02751   0.01648  -0.0246   0.1738   0.0870
   5.000   0.8613   0.02858   0.01731  -0.0237   0.1714   0.0858
   5.500   0.9051   0.02949   0.01812  -0.0226   0.1702   0.0902
   6.000   0.9492   0.03054   0.01907  -0.0217   0.1689   0.0977
   6.500   0.9923   0.02975   0.02050  -0.0204   0.1676   1.0000
   7.000   1.0348   0.03113   0.02178  -0.0194   0.1665   1.0000
   7.500   1.0756   0.03259   0.02315  -0.0184   0.1652   1.0000
   8.000   1.1155   0.03414   0.02462  -0.0175   0.1639   1.0000
   8.500   1.1556   0.03580   0.02624  -0.0168   0.1629   1.0000
   9.000   1.1952   0.03760   0.02804  -0.0161   0.1621   1.0000
   9.500   1.2332   0.03957   0.03003  -0.0154   0.1615   1.0000
  10.000   1.2690   0.04176   0.03226  -0.0146   0.1610   1.0000
