  
       XFOIL         Version 6.99
  
 Calculated polar for: NACA 4822                                       
  
 1 1 Reynolds number fixed          Mach number fixed         
  
 xtrf =   1.000 (top)        1.000 (bottom)  
 Mach =   0.050     Re =     0.200 e 6     Ncrit =   9.000
  
   alpha    CL        CD       CDp       CM     Top_Xtr  Bot_Xtr
  ------ -------- --------- --------- -------- -------- --------
  -2.000   0.1229   0.02199   0.01518  -0.1219   0.8276   0.4269
  -1.500   0.1919   0.02095   0.01424  -0.1237   0.8149   0.4513
  -1.000   0.2713   0.01952   0.01289  -0.1272   0.8070   0.4773
  -0.500   0.3495   0.01830   0.01173  -0.1305   0.7927   0.5034
   0.000   0.4418   0.01696   0.01041  -0.1365   0.7769   0.5312
   0.500   0.5428   0.01591   0.00928  -0.1445   0.7551   0.5596
   1.000   0.6380   0.01548   0.00870  -0.1517   0.7277   0.5867
   1.500   0.6943   0.01579   0.00899  -0.1513   0.6964   0.6094
   2.000   0.7505   0.01614   0.00928  -0.1509   0.6676   0.6317
   2.500   0.8035   0.01657   0.00963  -0.1499   0.6408   0.6529
   3.000   0.8537   0.01706   0.01004  -0.1483   0.6152   0.6735
   3.500   0.8981   0.01763   0.01055  -0.1457   0.5905   0.6936
   4.000   0.9411   0.01824   0.01111  -0.1429   0.5667   0.7137
   4.500   0.9803   0.01891   0.01177  -0.1391   0.5440   0.7307
   5.000   1.0189   0.01959   0.01241  -0.1353   0.5220   0.7466
   5.500   1.0585   0.02028   0.01305  -0.1319   0.5004   0.7638
   6.000   1.0980   0.02102   0.01371  -0.1287   0.4794   0.7816
   6.500   1.1329   0.02176   0.01444  -0.1246   0.4589   0.7985
   7.000   1.1649   0.02247   0.01517  -0.1201   0.4392   0.8145
   7.500   1.1968   0.02321   0.01592  -0.1158   0.4198   0.8311
   8.000   1.2286   0.02397   0.01670  -0.1116   0.4009   0.8479
   8.500   1.2587   0.02479   0.01753  -0.1073   0.3825   0.8648
   9.000   1.2879   0.02566   0.01840  -0.1030   0.3647   0.8818
   9.500   1.3150   0.02663   0.01936  -0.0985   0.3475   0.8991
  10.000   1.3402   0.02765   0.02035  -0.0939   0.3308   0.9171
