  
       XFOIL         Version 6.99
  
 Calculated polar for: NACA 9026                                       
  
 1 1 Reynolds number fixed          Mach number fixed         
  
 xtrf =   1.000 (top)        1.000 (bottom)  
 Mach =   0.050     Re =     0.200 e 6     Ncrit =   9.000
  
   alpha    CL        CD       CDp       CM     Top_Xtr  Bot_Xtr
  ------ -------- --------- --------- -------- -------- --------
  -2.000   0.5433   0.01708   0.00952  -0.0357   0.5115   0.7128
  -1.500   0.5904   0.01728   0.00976  -0.0339   0.4962   0.7443
  -1.000   0.6291   0.01755   0.01019  -0.0306   0.4809   0.7781
  -0.500   0.6720   0.01791   0.01059  -0.0282   0.4666   0.8145
   0.000   0.7200   0.01835   0.01102  -0.0265   0.4524   0.8492
   0.500   0.7475   0.01881   0.01166  -0.0211   0.4383   0.8887
   1.500   0.8636   0.02051   0.01322  -0.0228   0.4096   0.9474
   2.000   0.9374   0.02152   0.01420  -0.0279   0.3939   0.9669
   2.500   1.0152   0.02258   0.01526  -0.0343   0.3780   0.9829
   3.000   1.0949   0.02363   0.01626  -0.0415   0.3627   0.9966
   3.500   1.1172   0.02410   0.01656  -0.0379   0.3518   1.0003
   4.000   1.0921   0.02456   0.01710  -0.0257   0.3425   1.0003
   4.500   1.1083   0.02527   0.01765  -0.0206   0.3324   1.0003
   5.000   1.1129   0.02637   0.01880  -0.0143   0.3217   1.0003
   5.500   1.1350   0.02762   0.02000  -0.0111   0.3112   1.0003
   6.000   1.1589   0.02892   0.02123  -0.0086   0.3007   1.0003
   6.500   1.1738   0.03080   0.02319  -0.0055   0.2902   1.0003
   7.000   1.2040   0.03227   0.02454  -0.0045   0.2803   1.0003
   7.500   1.2136   0.03466   0.02706  -0.0017   0.2704   1.0003
   8.000   1.2342   0.03684   0.02923  -0.0003   0.2610   1.0003
   8.500   1.2532   0.03915   0.03152   0.0009   0.2517   1.0003
   9.000   1.2628   0.04231   0.03480   0.0023   0.2426   1.0003
   9.500   1.2937   0.04414   0.03646   0.0022   0.2340   1.0003
  10.000   1.2880   0.04872   0.04130   0.0038   0.2255   1.0003
  -2.000   0.5433   0.01708   0.00952  -0.0357   0.5115   0.7128
  -1.500   0.5904   0.01728   0.00976  -0.0339   0.4962   0.7443
  -1.000   0.6291   0.01755   0.01019  -0.0306   0.4809   0.7781
  -0.500   0.6720   0.01791   0.01059  -0.0282   0.4666   0.8145
   0.000   0.7200   0.01835   0.01102  -0.0265   0.4524   0.8492
   0.500   0.7475   0.01881   0.01166  -0.0211   0.4383   0.8887
   1.500   0.8636   0.02051   0.01322  -0.0228   0.4096   0.9474
   2.000   0.9374   0.02152   0.01420  -0.0279   0.3939   0.9669
   2.500   1.0152   0.02258   0.01526  -0.0343   0.3780   0.9829
   3.000   1.0949   0.02363   0.01626  -0.0415   0.3627   0.9966
   3.500   1.1172   0.02410   0.01656  -0.0379   0.3518   1.0003
   4.000   1.0921   0.02456   0.01710  -0.0257   0.3425   1.0003
   4.500   1.1083   0.02527   0.01765  -0.0206   0.3324   1.0003
   5.000   1.1129   0.02637   0.01880  -0.0143   0.3217   1.0003
   5.500   1.1350   0.02762   0.02000  -0.0111   0.3112   1.0003
   6.000   1.1589   0.02892   0.02123  -0.0086   0.3007   1.0003
   6.500   1.1738   0.03080   0.02319  -0.0055   0.2902   1.0003
   7.000   1.2040   0.03227   0.02454  -0.0045   0.2803   1.0003
   7.500   1.2136   0.03466   0.02706  -0.0017   0.2704   1.0003
   8.000   1.2342   0.03684   0.02923  -0.0003   0.2610   1.0003
   8.500   1.2532   0.03915   0.03152   0.0009   0.2517   1.0003
   9.000   1.2628   0.04231   0.03480   0.0023   0.2426   1.0003
   9.500   1.2937   0.04414   0.03646   0.0022   0.2340   1.0003
  10.000   1.2880   0.04872   0.04130   0.0038   0.2255   1.0003
