  
       XFOIL         Version 6.99
  
 Calculated polar for: NACA 3118                                       
  
 1 1 Reynolds number fixed          Mach number fixed         
  
 xtrf =   1.000 (top)        1.000 (bottom)  
 Mach =   0.050     Re =     0.200 e 6     Ncrit =   9.000
  
   alpha    CL        CD       CDp       CM     Top_Xtr  Bot_Xtr
  ------ -------- --------- --------- -------- -------- --------
  -2.000   0.1255   0.01631   0.00792  -0.0468   0.7255   0.0792
  -1.500   0.1697   0.01547   0.00694  -0.0440   0.6906   0.0863
  -1.000   0.2158   0.01487   0.00608  -0.0415   0.6528   0.0961
  -0.500   0.2519   0.01328   0.00538  -0.0380   0.6194   0.3703
   0.000   0.2852   0.01227   0.00552  -0.0329   0.5891   0.6644
   0.500   0.3281   0.01226   0.00584  -0.0287   0.5575   0.8000
   1.000   0.3760   0.01266   0.00623  -0.0255   0.5246   0.8720
   1.500   0.4333   0.01332   0.00670  -0.0243   0.4894   0.9176
   2.000   0.5107   0.01421   0.00732  -0.0274   0.4474   0.9504
   2.500   0.6001   0.01498   0.00771  -0.0342   0.3965   0.9665
   3.000   0.6816   0.01576   0.00807  -0.0401   0.3329   0.9809
   3.500   0.7607   0.01696   0.00868  -0.0462   0.2586   0.9941
   4.000   0.8116   0.01792   0.00928  -0.0468   0.2266   1.0000
   4.500   0.8292   0.01863   0.00979  -0.0407   0.2140   1.0000
   5.000   0.8496   0.01921   0.01030  -0.0347   0.2057   1.0000
   5.500   0.8695   0.02011   0.01099  -0.0287   0.1996   1.0000
   6.000   0.8957   0.02077   0.01165  -0.0236   0.1952   1.0000
   6.500   0.9251   0.02156   0.01239  -0.0191   0.1912   1.0000
   7.000   0.9586   0.02251   0.01323  -0.0156   0.1878   1.0000
   7.500   1.0058   0.02388   0.01445  -0.0148   0.1846   1.0000
   8.000   1.0420   0.02483   0.01548  -0.0118   0.1823   1.0000
   8.500   1.0815   0.02594   0.01666  -0.0097   0.1800   1.0000
   9.000   1.1239   0.02721   0.01797  -0.0082   0.1779   1.0000
   9.500   1.1673   0.02858   0.01939  -0.0070   0.1761   1.0000
  10.000   1.2119   0.03008   0.02094  -0.0062   0.1744   1.0000
