  
       XFOIL         Version 6.99
  
 Calculated polar for: NACA 2704                                       
  
 1 1 Reynolds number fixed          Mach number fixed         
  
 xtrf =   1.000 (top)        1.000 (bottom)  
 Mach =   0.050     Re =     0.200 e 6     Ncrit =   9.000
  
   alpha    CL        CD       CDp       CM     Top_Xtr  Bot_Xtr
  ------ -------- --------- --------- -------- -------- --------
  -2.000   0.0093   0.00880   0.00313  -0.0704   1.0000   0.6255
  -1.500   0.0417   0.00784   0.00288  -0.0639   1.0000   1.0000
  -1.000   0.0983   0.00797   0.00262  -0.0645   1.0000   1.0000
  -0.500   0.1534   0.00815   0.00258  -0.0648   1.0000   1.0000
   0.000   0.2077   0.00836   0.00268  -0.0650   1.0000   1.0000
   0.500   0.2613   0.00861   0.00292  -0.0650   1.0000   1.0000
   1.000   0.3143   0.00891   0.00329  -0.0649   1.0000   1.0000
   1.500   0.3668   0.00926   0.00379  -0.0648   1.0000   1.0000
   2.000   0.4188   0.00968   0.00448  -0.0645   1.0000   1.0000
   2.500   0.5468   0.01329   0.00482  -0.0752   0.0364   1.0000
   3.000   0.5759   0.00670  -0.00139  -0.0686   0.0229   1.0000
