  
       XFOIL         Version 6.99
  
 Calculated polar for: NACA 7120                                       
  
 1 1 Reynolds number fixed          Mach number fixed         
  
 xtrf =   1.000 (top)        1.000 (bottom)  
 Mach =   0.050     Re =     0.200 e 6     Ncrit =   9.000
  
   alpha    CL        CD       CDp       CM     Top_Xtr  Bot_Xtr
  ------ -------- --------- --------- -------- -------- --------
  -2.000   0.4595   0.03358   0.02631  -0.0817   0.4853   0.0314
  -1.500   0.4910   0.03074   0.02315  -0.0780   0.4431   0.0332
  -0.500   0.5269   0.02992   0.02096  -0.0639   0.2731   0.0357
   0.000   0.5315   0.03004   0.02046  -0.0552   0.2091   0.0372
   0.500   0.5568   0.03056   0.02057  -0.0494   0.1931   0.0390
   1.000   0.5868   0.02971   0.01953  -0.0457   0.1850   0.0414
   1.500   0.6217   0.02973   0.01933  -0.0425   0.1798   0.0441
   2.000   0.6609   0.02982   0.01924  -0.0400   0.1761   0.0481
   2.500   0.6999   0.02989   0.01917  -0.0378   0.1732   0.0537
   3.000   0.7387   0.03021   0.01932  -0.0358   0.1708   0.0636
   3.500   0.7822   0.03053   0.01945  -0.0344   0.1686   0.0843
