  
       XFOIL         Version 6.99
  
 Calculated polar for: NACA 4504                                       
  
 1 1 Reynolds number fixed          Mach number fixed         
  
 xtrf =   1.000 (top)        1.000 (bottom)  
 Mach =   0.050     Re =     0.200 e 6     Ncrit =   9.000
  
   alpha    CL        CD       CDp       CM     Top_Xtr  Bot_Xtr
  ------ -------- --------- --------- -------- -------- --------
  -2.000   0.1218   0.01821   0.01141  -0.0978   0.9918   0.0285
  -1.500   0.2039   0.01451   0.00709  -0.1028   0.9899   0.0426
   0.000   0.4322   0.01077   0.00520  -0.1170   0.9708   1.0000
   0.500   0.5039   0.01096   0.00530  -0.1207   0.9592   1.0000
   1.000   0.5750   0.01106   0.00539  -0.1242   0.9470   1.0000
   1.500   0.6458   0.01107   0.00552  -0.1274   0.9347   1.0000
   2.000   0.7126   0.01098   0.00576  -0.1293   0.9208   1.0000
   2.500   0.7736   0.00972   0.00477  -0.1269   0.8827   1.0000
   3.000   0.7905   0.01089   0.00359  -0.1135   0.3720   1.0000
   3.500   0.8179   0.01574   0.00685  -0.1088   0.0271   1.0000
  -2.000   0.1218   0.01821   0.01141  -0.0978   0.9918   0.0285
  -1.500   0.2039   0.01451   0.00709  -0.1028   0.9899   0.0426
   0.000   0.4322   0.01077   0.00520  -0.1170   0.9708   1.0000
   0.500   0.5039   0.01096   0.00530  -0.1207   0.9592   1.0000
   1.000   0.5750   0.01106   0.00539  -0.1242   0.9470   1.0000
   1.500   0.6458   0.01107   0.00552  -0.1274   0.9347   1.0000
   2.000   0.7126   0.01098   0.00576  -0.1293   0.9208   1.0000
   2.500   0.7736   0.00972   0.00477  -0.1269   0.8827   1.0000
   3.000   0.7905   0.01089   0.00359  -0.1135   0.3720   1.0000
   3.500   0.8179   0.01574   0.00685  -0.1088   0.0271   1.0000
  -2.000   0.1218   0.01821   0.01141  -0.0978   0.9918   0.0285
  -1.500   0.2039   0.01451   0.00709  -0.1028   0.9899   0.0426
   0.000   0.4322   0.01077   0.00520  -0.1170   0.9708   1.0000
   0.500   0.5039   0.01096   0.00530  -0.1207   0.9592   1.0000
   1.000   0.5750   0.01106   0.00539  -0.1242   0.9470   1.0000
   1.500   0.6458   0.01107   0.00552  -0.1274   0.9347   1.0000
   2.000   0.7126   0.01098   0.00576  -0.1293   0.9208   1.0000
   2.500   0.7736   0.00972   0.00477  -0.1269   0.8827   1.0000
   3.000   0.7905   0.01089   0.00359  -0.1135   0.3720   1.0000
   3.500   0.8179   0.01574   0.00685  -0.1088   0.0271   1.0000
