  
       XFOIL         Version 6.99
  
 Calculated polar for: NACA 9704                                       
  
 1 1 Reynolds number fixed          Mach number fixed         
  
 xtrf =   1.000 (top)        1.000 (bottom)  
 Mach =   0.050     Re =     0.200 e 6     Ncrit =   9.000
  
   alpha    CL        CD       CDp       CM     Top_Xtr  Bot_Xtr
  ------ -------- --------- --------- -------- -------- --------
  -2.000  -0.1044   0.07711   0.07393  -0.0850   0.9550   0.0293
  -1.500  -0.0104   0.06982   0.06648  -0.1035   0.9537   0.0357
   0.000   0.7121   0.04905   0.04277  -0.2527   0.9775   0.2899
   0.500   0.7687   0.05038   0.04439  -0.2541   0.9760   0.4645
   1.000   0.8223   0.05200   0.04623  -0.2545   0.9744   0.5778
   1.500   0.8765   0.05418   0.04851  -0.2549   0.9731   0.6501
   2.000   0.8961   0.05461   0.04906  -0.2485   0.9644   0.6896
   2.500   0.9538   0.05668   0.05128  -0.2499   0.9619   0.7340
   3.000   0.9851   0.05767   0.05256  -0.2463   0.9522   0.7675
   3.500   1.0529   0.06012   0.05530  -0.2500   0.9495   0.8076
   4.000   1.2474   0.03529   0.02637  -0.2537   0.0163   0.8606
   4.500   1.2777   0.03039   0.02221  -0.2378   0.0161   0.8827
   5.500   1.6455   0.05916   0.05225  -0.2832   0.0293   1.0000
