  
       XFOIL         Version 6.99
  
 Calculated polar for: NACA 6302                                       
  
 1 1 Reynolds number fixed          Mach number fixed         
  
 xtrf =   1.000 (top)        1.000 (bottom)  
 Mach =   0.050     Re =     0.200 e 6     Ncrit =   9.000
  
   alpha    CL        CD       CDp       CM     Top_Xtr  Bot_Xtr
  ------ -------- --------- --------- -------- -------- --------
  -2.000   0.2899   0.03717   0.03286  -0.1112   0.9578   0.0252
  -1.500   0.3742   0.02808   0.02363  -0.1219   0.9477   0.0322
  -1.000   0.4656   0.02312   0.01823  -0.1292   0.9339   0.0420
  -0.500   0.5440   0.01909   0.01374  -0.1331   0.9149   0.0581
   0.000   0.6126   0.01582   0.00990  -0.1341   0.8872   0.0788
   0.500   0.6781   0.01177   0.00492  -0.1327   0.8533   0.0215
   1.000   0.7329   0.01003   0.00292  -0.1313   0.8029   0.0896
   1.500   0.7793   0.00846   0.00237  -0.1289   0.7322   1.0000
   2.000   0.8266   0.00912   0.00230  -0.1270   0.6371   1.0000
   2.500   0.8747   0.00996   0.00257  -0.1258   0.5657   1.0000
   3.000   0.9245   0.01074   0.00308  -0.1252   0.5259   1.0000
   3.500   0.9710   0.01145   0.00349  -0.1239   0.4504   1.0000
   4.000   1.0033   0.01540   0.00547  -0.1206   0.0245   1.0000
