  
       XFOIL         Version 6.99
  
 Calculated polar for: NACA 1414                                       
  
 1 1 Reynolds number fixed          Mach number fixed         
  
 xtrf =   1.000 (top)        1.000 (bottom)  
 Mach =   0.050     Re =     0.200 e 6     Ncrit =   9.000
  
   alpha    CL        CD       CDp       CM     Top_Xtr  Bot_Xtr
  ------ -------- --------- --------- -------- -------- --------
  -2.000  -0.1086   0.01143   0.00565  -0.0310   0.9088   0.6478
  -1.500  -0.0489   0.01093   0.00538  -0.0303   0.8890   0.7141
  -1.000   0.0033   0.01063   0.00524  -0.0280   0.8625   0.7739
  -0.500   0.0577   0.01044   0.00512  -0.0259   0.8362   0.8270
   0.000   0.1111   0.01048   0.00516  -0.0236   0.8044   0.8723
   0.500   0.1703   0.01068   0.00525  -0.0225   0.7710   0.9090
   1.000   0.2367   0.01097   0.00538  -0.0233   0.7355   0.9387
   1.500   0.3209   0.01129   0.00550  -0.0281   0.6971   0.9572
   2.000   0.4089   0.01157   0.00555  -0.0343   0.6571   0.9740
   2.500   0.4974   0.01177   0.00559  -0.0410   0.6146   0.9910
   3.000   0.5720   0.01189   0.00554  -0.0452   0.5736   1.0000
   3.500   0.6157   0.01205   0.00555  -0.0433   0.5377   1.0000
   4.000   0.6583   0.01230   0.00566  -0.0410   0.5018   1.0000
   4.500   0.6999   0.01262   0.00586  -0.0384   0.4655   1.0000
   5.000   0.7403   0.01302   0.00613  -0.0356   0.4282   1.0000
   5.500   0.7796   0.01349   0.00648  -0.0325   0.3892   1.0000
   6.000   0.8180   0.01403   0.00692  -0.0292   0.3473   1.0000
   6.500   0.8545   0.01475   0.00745  -0.0256   0.3046   1.0000
   7.000   0.8902   0.01558   0.00813  -0.0220   0.2602   1.0000
   7.500   0.9244   0.01659   0.00897  -0.0183   0.2178   1.0000
   8.000   0.9575   0.01781   0.01000  -0.0146   0.1801   1.0000
   8.500   0.9897   0.01918   0.01122  -0.0109   0.1500   1.0000
   9.000   1.0213   0.02067   0.01264  -0.0073   0.1272   1.0000
   9.500   1.0507   0.02227   0.01418  -0.0035   0.1105   1.0000
  10.000   1.0769   0.02398   0.01587   0.0007   0.0980   1.0000
