  
       XFOIL         Version 6.99
  
 Calculated polar for: NACA 6512                                       
  
 1 1 Reynolds number fixed          Mach number fixed         
  
 xtrf =   1.000 (top)        1.000 (bottom)  
 Mach =   0.050     Re =     0.200 e 6     Ncrit =   9.000
  
   alpha    CL        CD       CDp       CM     Top_Xtr  Bot_Xtr
  ------ -------- --------- --------- -------- -------- --------
  -2.000   0.4843   0.01673   0.00937  -0.1773   0.8483   0.2205
  -1.500   0.5454   0.01617   0.00894  -0.1782   0.8391   0.2774
  -1.000   0.6034   0.01579   0.00873  -0.1785   0.8290   0.3418
  -0.500   0.6703   0.01509   0.00821  -0.1803   0.8217   0.4221
   0.000   0.7241   0.01481   0.00822  -0.1797   0.8096   0.5139
   0.500   0.7797   0.01415   0.00809  -0.1792   0.7992   0.6780
   1.000   0.8379   0.01334   0.00758  -0.1785   0.7895   1.0000
   1.500   0.8927   0.01348   0.00758  -0.1782   0.7760   1.0000
   2.000   0.9486   0.01361   0.00760  -0.1780   0.7626   1.0000
   2.500   1.0052   0.01372   0.00762  -0.1780   0.7492   1.0000
   3.000   1.0619   0.01384   0.00767  -0.1779   0.7353   1.0000
   3.500   1.1178   0.01399   0.00777  -0.1777   0.7207   1.0000
   4.000   1.1721   0.01420   0.00796  -0.1772   0.7050   1.0000
   4.500   1.2247   0.01445   0.00820  -0.1764   0.6882   1.0000
   5.000   1.2760   0.01473   0.00851  -0.1753   0.6701   1.0000
   5.500   1.3266   0.01502   0.00881  -0.1741   0.6509   1.0000
   6.000   1.3778   0.01528   0.00905  -0.1729   0.6299   1.0000
   6.500   1.4173   0.01559   0.00939  -0.1693   0.6003   1.0000
   7.000   1.4545   0.01601   0.00979  -0.1655   0.5682   1.0000
   7.500   1.4885   0.01662   0.01041  -0.1611   0.5360   1.0000
   8.000   1.5162   0.01740   0.01115  -0.1557   0.5014   1.0000
   8.500   1.5338   0.01844   0.01221  -0.1487   0.4626   1.0000
   9.000   1.5472   0.01991   0.01358  -0.1414   0.4178   1.0000
   9.500   1.5532   0.02198   0.01550  -0.1337   0.3638   1.0000
  10.000   1.5494   0.02499   0.01824  -0.1254   0.2987   1.0000
