  
       XFOIL         Version 6.99
  
 Calculated polar for: NACA 4718                                       
  
 1 1 Reynolds number fixed          Mach number fixed         
  
 xtrf =   1.000 (top)        1.000 (bottom)  
 Mach =   0.050     Re =     0.200 e 6     Ncrit =   9.000
  
   alpha    CL        CD       CDp       CM     Top_Xtr  Bot_Xtr
  ------ -------- --------- --------- -------- -------- --------
  -2.000   0.1237   0.02355   0.01664  -0.1188   0.8657   0.4154
  -1.500   0.2062   0.02273   0.01597  -0.1232   0.8602   0.4520
  -1.000   0.2677   0.02216   0.01548  -0.1238   0.8462   0.4861
  -0.500   0.3428   0.02122   0.01471  -0.1265   0.8385   0.5216
   0.000   0.4110   0.02026   0.01389  -0.1278   0.8271   0.5557
   1.000   0.5522   0.01785   0.01174  -0.1305   0.8077   0.6219
   1.500   0.6128   0.01692   0.01092  -0.1300   0.7907   0.6510
   2.000   0.6727   0.01617   0.01023  -0.1295   0.7677   0.6796
   2.500   0.7447   0.01524   0.00930  -0.1312   0.7404   0.7066
   3.000   0.8246   0.01448   0.00841  -0.1346   0.7065   0.7323
   3.500   0.8982   0.01445   0.00816  -0.1373   0.6681   0.7578
   4.000   0.9529   0.01487   0.00841  -0.1367   0.6314   0.7825
   4.500   0.9993   0.01530   0.00871  -0.1344   0.5984   0.8063
   5.000   1.0324   0.01573   0.00915  -0.1297   0.5666   0.8322
   5.500   1.0711   0.01622   0.00953  -0.1261   0.5371   0.8614
   6.000   1.0991   0.01662   0.01002  -0.1204   0.5080   0.9005
   6.500   1.1337   0.01706   0.01041  -0.1164   0.4794   1.0000
   7.000   1.1752   0.01800   0.01122  -0.1146   0.4496   1.0000
   7.500   1.2127   0.01902   0.01209  -0.1119   0.4207   1.0000
   8.000   1.2472   0.02013   0.01308  -0.1087   0.3927   1.0000
   8.500   1.2787   0.02134   0.01420  -0.1050   0.3647   1.0000
   9.000   1.3080   0.02271   0.01543  -0.1011   0.3380   1.0000
   9.500   1.3354   0.02418   0.01687  -0.0971   0.3110   1.0000
  10.000   1.3594   0.02590   0.01847  -0.0928   0.2858   1.0000
