  
       XFOIL         Version 6.99
  
 Calculated polar for: NACA 6838                                       
  
 1 1 Reynolds number fixed          Mach number fixed         
  
 xtrf =   1.000 (top)        1.000 (bottom)  
 Mach =   0.050     Re =     0.200 e 6     Ncrit =   9.000
  
   alpha    CL        CD       CDp       CM     Top_Xtr  Bot_Xtr
  ------ -------- --------- --------- -------- -------- --------
  -2.000   0.1477   0.02808   0.02006  -0.1338   0.6452   0.3708
  -1.500   0.2054   0.02802   0.01995  -0.1353   0.6331   0.3805
  -1.000   0.2693   0.02783   0.01965  -0.1383   0.6217   0.3903
  -0.500   0.3058   0.02830   0.02023  -0.1360   0.6092   0.3988
   0.000   0.4004   0.02788   0.01951  -0.1443   0.5992   0.4107
   0.500   0.4087   0.02876   0.02064  -0.1373   0.5867   0.4189
   1.000   0.4804   0.02868   0.02047  -0.1410   0.5769   0.4303
   1.500   0.5175   0.02941   0.02119  -0.1396   0.5656   0.4405
   2.000   0.5619   0.02986   0.02175  -0.1386   0.5554   0.4506
   2.500   0.6386   0.02998   0.02167  -0.1435   0.5460   0.4636
   3.000   0.6508   0.03121   0.02311  -0.1377   0.5351   0.4731
   3.500   0.7148   0.03138   0.02323  -0.1401   0.5264   0.4856
   4.000   0.7503   0.03259   0.02442  -0.1386   0.5165   0.4968
   4.500   0.7817   0.03355   0.02555  -0.1358   0.5069   0.5080
   5.000   0.8678   0.03338   0.02515  -0.1418   0.4989   0.5232
   5.500   0.8590   0.03580   0.02786  -0.1336   0.4889   0.5328
   6.000   0.9035   0.03659   0.02870  -0.1330   0.4807   0.5455
   6.500   0.9679   0.03718   0.02912  -0.1360   0.4728   0.5595
   7.000   0.9563   0.04012   0.03240  -0.1278   0.4631   0.5700
   7.500   1.0126   0.04055   0.03277  -0.1290   0.4559   0.5847
   8.000   1.0385   0.04266   0.03494  -0.1269   0.4476   0.5973
   8.500   1.0364   0.04585   0.03837  -0.1208   0.4386   0.6080
   9.000   1.1079   0.04561   0.03796  -0.1240   0.4324   0.6242
   9.500   1.0795   0.05087   0.04354  -0.1161   0.4227   0.6337
  10.000   1.0969   0.05338   0.04617  -0.1129   0.4150   0.6454
