  
       XFOIL         Version 6.99
  
 Calculated polar for: NACA 9738                                       
  
 1 1 Reynolds number fixed          Mach number fixed         
  
 xtrf =   1.000 (top)        1.000 (bottom)  
 Mach =   0.050     Re =     0.200 e 6     Ncrit =   9.000
  
   alpha    CL        CD       CDp       CM     Top_Xtr  Bot_Xtr
  ------ -------- --------- --------- -------- -------- --------
  -1.500   0.2439   0.04030   0.03255  -0.1701   0.6474   0.3130
  -1.000   0.3527   0.03806   0.03028  -0.1791   0.6452   0.3239
   0.000   0.4539   0.03899   0.03119  -0.1810   0.6248   0.3414
   1.500   0.5477   0.04389   0.03620  -0.1759   0.5907   0.3673
   2.000   0.6180   0.04369   0.03582  -0.1798   0.5837   0.3787
   2.500   0.7178   0.04169   0.03383  -0.1873   0.5798   0.3921
   3.500   0.7739   0.04553   0.03773  -0.1831   0.5594   0.4122
   4.000   0.8783   0.04356   0.03563  -0.1912   0.5553   0.4274
   4.500   0.8159   0.05063   0.04295  -0.1773   0.5390   0.4322
   5.000   0.9125   0.04858   0.04084  -0.1841   0.5354   0.4473
   6.000   0.9354   0.05517   0.04753  -0.1765   0.5150   0.4677
   6.500   1.0360   0.05263   0.04496  -0.1833   0.5119   0.4846
   7.500   0.8306   0.07798   0.07095  -0.1535   0.4720   0.4893
   8.000   0.9268   0.07458   0.06748  -0.1587   0.4715   0.5071
   8.500   1.0246   0.07116   0.06397  -0.1639   0.4706   0.5254
   9.000   1.1286   0.06760   0.06029  -0.1703   0.4691   0.5439
