  
       XFOIL         Version 6.99
  
 Calculated polar for: NACA 0328                                       
  
 1 1 Reynolds number fixed          Mach number fixed         
  
 xtrf =   1.000 (top)        1.000 (bottom)  
 Mach =   0.050     Re =     0.200 e 6     Ncrit =   9.000
  
   alpha    CL        CD       CDp       CM     Top_Xtr  Bot_Xtr
  ------ -------- --------- --------- -------- -------- --------
  -2.000  -0.1892   0.01753   0.00965  -0.0072   0.6493   0.5079
  -1.500  -0.1402   0.01740   0.00951  -0.0058   0.6303   0.5236
  -1.000  -0.0926   0.01733   0.00931  -0.0040   0.6117   0.5407
  -0.500  -0.0485   0.01729   0.00933  -0.0016   0.5927   0.5577
   0.000  -0.0000   0.01727   0.00937   0.0000   0.5746   0.5746
   0.500   0.0485   0.01729   0.00933   0.0016   0.5577   0.5927
   1.000   0.0926   0.01733   0.00931   0.0040   0.5407   0.6117
   1.500   0.1402   0.01740   0.00951   0.0058   0.5236   0.6303
   2.000   0.1892   0.01753   0.00965   0.0072   0.5079   0.6493
   2.500   0.2368   0.01764   0.00974   0.0090   0.4922   0.6694
   3.000   0.2783   0.01780   0.00997   0.0118   0.4766   0.6903
   3.500   0.3260   0.01807   0.01024   0.0135   0.4622   0.7114
   4.000   0.3729   0.01830   0.01052   0.0154   0.4475   0.7320
   4.500   0.4154   0.01861   0.01095   0.0181   0.4332   0.7530
   5.000   0.4629   0.01901   0.01132   0.0198   0.4198   0.7746
   5.500   0.5006   0.01933   0.01173   0.0233   0.4064   0.7971
   6.000   0.5401   0.01983   0.01227   0.0264   0.3936   0.8197
   6.500   0.5862   0.02039   0.01274   0.0283   0.3811   0.8416
   7.000   0.6125   0.02097   0.01351   0.0339   0.3690   0.8631
   7.500   0.6585   0.02181   0.01431   0.0357   0.3573   0.8820
   8.000   0.6938   0.02267   0.01522   0.0392   0.3455   0.9022
   8.500   0.7388   0.02375   0.01632   0.0406   0.3338   0.9207
   9.500   0.8592   0.02627   0.01881   0.0362   0.3094   0.9474
  10.000   0.9210   0.02764   0.02016   0.0330   0.2978   0.9597
