  
       XFOIL         Version 6.99
  
 Calculated polar for: NACA 3612                                       
  
 1 1 Reynolds number fixed          Mach number fixed         
  
 xtrf =   1.000 (top)        1.000 (bottom)  
 Mach =   0.050     Re =     0.200 e 6     Ncrit =   9.000
  
   alpha    CL        CD       CDp       CM     Top_Xtr  Bot_Xtr
  ------ -------- --------- --------- -------- -------- --------
  -2.000   0.0852   0.01609   0.00956  -0.0945   0.9301   0.4746
  -1.500   0.1479   0.01589   0.00958  -0.0958   0.9190   0.5433
  -1.000   0.2274   0.01546   0.00935  -0.0999   0.9128   0.6133
  -0.500   0.2882   0.01514   0.00922  -0.1003   0.9002   0.6735
   0.500   0.4247   0.01364   0.00826  -0.1028   0.8819   0.8108
   1.000   0.4902   0.01281   0.00775  -0.1029   0.8685   0.9804
   1.500   0.5597   0.01224   0.00709  -0.1050   0.8538   1.0000
   2.000   0.6257   0.01167   0.00646  -0.1060   0.8367   1.0000
   2.500   0.6893   0.01116   0.00590  -0.1065   0.8156   1.0000
   3.000   0.7467   0.01084   0.00554  -0.1057   0.7858   1.0000
   3.500   0.8001   0.01073   0.00536  -0.1042   0.7450   1.0000
   4.000   0.8529   0.01079   0.00525  -0.1026   0.6925   1.0000
   4.500   0.9013   0.01119   0.00537  -0.1004   0.6267   1.0000
   5.000   0.9455   0.01193   0.00576  -0.0976   0.5585   1.0000
   5.500   0.9864   0.01280   0.00635  -0.0945   0.4905   1.0000
   6.000   1.0244   0.01378   0.00705  -0.0910   0.4195   1.0000
   6.500   1.0586   0.01497   0.00790  -0.0871   0.3436   1.0000
   7.000   1.0894   0.01642   0.00896  -0.0828   0.2617   1.0000
   7.500   1.1166   0.01822   0.01031  -0.0782   0.1836   1.0000
   8.000   1.1401   0.02019   0.01193  -0.0730   0.1320   1.0000
   8.500   1.1643   0.02226   0.01381  -0.0682   0.1035   1.0000
   9.000   1.1907   0.02429   0.01585  -0.0638   0.0862   1.0000
   9.500   1.2165   0.02649   0.01807  -0.0596   0.0746   1.0000
