  
       XFOIL         Version 6.99
  
 Calculated polar for: NACA 5212                                       
  
 1 1 Reynolds number fixed          Mach number fixed         
  
 xtrf =   1.000 (top)        1.000 (bottom)  
 Mach =   0.050     Re =     0.200 e 6     Ncrit =   9.000
  
   alpha    CL        CD       CDp       CM     Top_Xtr  Bot_Xtr
  ------ -------- --------- --------- -------- -------- --------
  -2.000   0.2957   0.02391   0.01763  -0.0922   0.7371   0.0977
  -1.500   0.3471   0.02200   0.01509  -0.0907   0.6925   0.1232
  -1.000   0.4062   0.01805   0.01019  -0.0876   0.6443   0.0710
  -0.500   0.4566   0.01658   0.00811  -0.0854   0.5796   0.0739
   0.000   0.5027   0.01584   0.00677  -0.0829   0.4956   0.0813
   0.500   0.5474   0.01587   0.00622  -0.0806   0.4197   0.0927
   1.000   0.5949   0.01576   0.00587  -0.0790   0.3801   0.1098
   1.500   0.6446   0.01580   0.00573  -0.0780   0.3596   0.1367
   2.000   0.7012   0.01389   0.00577  -0.0781   0.3458   1.0000
   2.500   0.7524   0.01457   0.00604  -0.0772   0.3359   1.0000
   3.000   0.8045   0.01520   0.00643  -0.0766   0.3282   1.0000
   3.500   0.8574   0.01600   0.00699  -0.0763   0.3223   1.0000
   4.000   0.9102   0.01665   0.00757  -0.0759   0.3171   1.0000
   4.500   0.9631   0.01737   0.00818  -0.0756   0.3119   1.0000
   5.000   1.0176   0.01841   0.00904  -0.0758   0.3075   1.0000
   5.500   1.0696   0.01916   0.00988  -0.0754   0.3041   1.0000
   6.000   1.1218   0.02003   0.01082  -0.0752   0.3005   1.0000
   6.500   1.1741   0.02095   0.01174  -0.0750   0.2967   1.0000
   7.000   1.2277   0.02210   0.01285  -0.0752   0.2931   1.0000
   7.500   1.2792   0.02345   0.01433  -0.0752   0.2904   1.0000
   8.000   1.3276   0.02461   0.01573  -0.0745   0.2876   1.0000
   8.500   1.3751   0.02582   0.01715  -0.0738   0.2839   1.0000
   9.000   1.4231   0.02716   0.01868  -0.0733   0.2808   1.0000
   9.500   1.4723   0.02872   0.02035  -0.0731   0.2781   1.0000
  10.000   1.5184   0.03085   0.02268  -0.0726   0.2751   1.0000
