  
       XFOIL         Version 6.99
  
 Calculated polar for: NACA 8226                                       
  
 1 1 Reynolds number fixed          Mach number fixed         
  
 xtrf =   1.000 (top)        1.000 (bottom)  
 Mach =   0.050     Re =     0.200 e 6     Ncrit =   9.000
  
   alpha    CL        CD       CDp       CM     Top_Xtr  Bot_Xtr
  ------ -------- --------- --------- -------- -------- --------
  -2.000   0.3922   0.03357   0.02548  -0.0855   0.4296   0.1233
  -1.500   0.4056   0.03318   0.02460  -0.0789   0.4001   0.1332
  -1.000   0.4273   0.03264   0.02370  -0.0742   0.3734   0.1443
  -0.500   0.4575   0.03148   0.02228  -0.0713   0.3542   0.1578
   0.000   0.5092   0.02988   0.01957  -0.0672   0.3415   0.0936
   0.500   0.5484   0.02963   0.01924  -0.0655   0.3315   0.0970
   1.000   0.5934   0.02956   0.01892  -0.0641   0.3242   0.1002
   1.500   0.6374   0.02951   0.01878  -0.0629   0.3182   0.1043
   2.000   0.6862   0.02970   0.01878  -0.0624   0.3133   0.1099
   2.500   0.7361   0.02988   0.01895  -0.0622   0.3093   0.1165
   3.000   0.7790   0.03027   0.01938  -0.0612   0.3056   0.1236
   3.500   0.8242   0.03074   0.01987  -0.0606   0.3022   0.1333
   4.000   0.8723   0.03118   0.02032  -0.0605   0.2995   0.1456
   4.500   0.9276   0.03169   0.02071  -0.0615   0.2969   0.1643
   5.000   0.9838   0.03106   0.02153  -0.0629   0.2947   0.6707
   5.500   1.0236   0.03178   0.02297  -0.0610   0.2932   1.0000
   6.000   1.0594   0.03324   0.02436  -0.0597   0.2916   1.0000
   6.500   1.0948   0.03483   0.02591  -0.0585   0.2899   1.0000
   7.000   1.1279   0.03654   0.02760  -0.0572   0.2881   1.0000
   7.500   1.1602   0.03832   0.02935  -0.0560   0.2863   1.0000
   8.000   1.1938   0.04018   0.03119  -0.0551   0.2847   1.0000
   8.500   1.2277   0.04216   0.03314  -0.0544   0.2834   1.0000
   9.000   1.2633   0.04423   0.03518  -0.0540   0.2821   1.0000
   9.500   1.2997   0.04659   0.03751  -0.0539   0.2809   1.0000
  10.000   1.3198   0.05022   0.04124  -0.0526   0.2797   1.0000
