  
       XFOIL         Version 6.99
  
 Calculated polar for: NACA 8438                                       
  
 1 1 Reynolds number fixed          Mach number fixed         
  
 xtrf =   1.000 (top)        1.000 (bottom)  
 Mach =   0.050     Re =     0.200 e 6     Ncrit =   9.000
  
   alpha    CL        CD       CDp       CM     Top_Xtr  Bot_Xtr
  ------ -------- --------- --------- -------- -------- --------
  -2.000   0.2618   0.03144   0.02192  -0.1044   0.5307   0.2517
  -1.500   0.2777   0.03268   0.02323  -0.0997   0.5256   0.2587
  -1.000   0.2404   0.03555   0.02624  -0.0880   0.5183   0.2628
  -0.500   0.2967   0.03533   0.02604  -0.0892   0.5140   0.2724
   0.000   0.3873   0.03457   0.02505  -0.0951   0.5109   0.2852
   1.000   0.2022   0.04940   0.04043  -0.0639   0.4904   0.2873
   1.500   0.3228   0.04546   0.03644  -0.0716   0.4907   0.3049
   3.000  -0.2307   0.11258   0.10437  -0.0291   0.4269   0.2798
   3.500  -0.1907   0.11550   0.10729  -0.0299   0.4255   0.2899
   4.000  -0.1728   0.12026   0.11217  -0.0297   0.4222   0.2988
   5.000  -0.0687   0.12179   0.11374  -0.0319   0.4077   0.3279
   5.500  -0.0514   0.12779   0.11977  -0.0323   0.4079   0.3394
   6.000  -0.0860   0.13635   0.12853  -0.0308   0.4098   0.3453
   6.500  -0.0965   0.14183   0.13411  -0.0301   0.4027   0.3551
   7.000  -0.0553   0.14402   0.13641  -0.0313   0.3970   0.3763
   7.500  -0.0010   0.14634   0.13892  -0.0331   0.3949   0.4078
   8.000  -0.0104   0.15154   0.14432  -0.0329   0.3862   0.4310
   8.500   0.0322   0.15380   0.14712  -0.0343   0.3822   0.5175
   9.000   0.0814   0.15610   0.15029  -0.0348   0.3805   0.6867
   9.500   0.1379   0.15846   0.15351  -0.0337   0.3795   1.0000
  10.000   0.1076   0.16209   0.15713  -0.0330   0.3680   1.0000
