  
       XFOIL         Version 6.99
  
 Calculated polar for: NACA 6312                                       
  
 1 1 Reynolds number fixed          Mach number fixed         
  
 xtrf =   1.000 (top)        1.000 (bottom)  
 Mach =   0.050     Re =     0.200 e 6     Ncrit =   9.000
  
   alpha    CL        CD       CDp       CM     Top_Xtr  Bot_Xtr
  ------ -------- --------- --------- -------- -------- --------
  -2.000   0.4272   0.01669   0.00900  -0.1285   0.7334   0.0753
  -1.500   0.4802   0.01558   0.00747  -0.1273   0.6965   0.0855
  -1.000   0.5321   0.01497   0.00653  -0.1260   0.6560   0.0987
  -0.500   0.5822   0.01443   0.00578  -0.1246   0.6124   0.1166
   0.000   0.6321   0.01433   0.00542  -0.1232   0.5725   0.1417
   0.500   0.6827   0.01432   0.00523  -0.1222   0.5405   0.1784
   1.000   0.7341   0.01417   0.00518  -0.1216   0.5160   0.2461
   1.500   0.7847   0.01283   0.00530  -0.1203   0.4976   1.0000
   2.000   0.8379   0.01340   0.00554  -0.1199   0.4834   1.0000
   2.500   0.8918   0.01401   0.00588  -0.1196   0.4722   1.0000
   3.000   0.9452   0.01456   0.00626  -0.1194   0.4618   1.0000
   3.500   0.9992   0.01520   0.00678  -0.1193   0.4534   1.0000
   4.000   1.0531   0.01582   0.00729  -0.1192   0.4457   1.0000
   4.500   1.1068   0.01653   0.00795  -0.1191   0.4387   1.0000
   5.000   1.1599   0.01719   0.00863  -0.1190   0.4321   1.0000
   5.500   1.2155   0.01806   0.00937  -0.1194   0.4261   1.0000
   6.000   1.2654   0.01876   0.01026  -0.1188   0.4199   1.0000
   6.500   1.3181   0.01955   0.01108  -0.1187   0.4141   1.0000
   7.000   1.3716   0.02054   0.01211  -0.1189   0.4086   1.0000
   7.500   1.4192   0.02143   0.01324  -0.1180   0.4026   1.0000
   8.000   1.4711   0.02232   0.01420  -0.1178   0.3969   1.0000
   8.500   1.5209   0.02350   0.01554  -0.1175   0.3914   1.0000
   9.000   1.5650   0.02454   0.01688  -0.1162   0.3850   1.0000
   9.500   1.6177   0.02557   0.01797  -0.1163   0.3791   1.0000
  10.000   1.6564   0.02684   0.01960  -0.1142   0.3720   1.0000
