  
       XFOIL         Version 6.99
  
 Calculated polar for: NACA 8830                                       
  
 1 1 Reynolds number fixed          Mach number fixed         
  
 xtrf =   1.000 (top)        1.000 (bottom)  
 Mach =   0.050     Re =     0.200 e 6     Ncrit =   9.000
  
   alpha    CL        CD       CDp       CM     Top_Xtr  Bot_Xtr
  ------ -------- --------- --------- -------- -------- --------
  -2.000   0.3150   0.03220   0.02509  -0.1973   0.7490   0.3304
  -1.500   0.4232   0.03027   0.02311  -0.2070   0.7457   0.3468
  -1.000   0.4854   0.03021   0.02311  -0.2089   0.7301   0.3600
  -0.500   0.6009   0.02840   0.02113  -0.2203   0.7237   0.3783
   0.000   0.6511   0.02887   0.02170  -0.2199   0.7061   0.3915
   0.500   0.7372   0.02829   0.02101  -0.2261   0.6937   0.4084
   1.000   0.8024   0.02839   0.02108  -0.2283   0.6786   0.4238
   1.500   0.8549   0.02894   0.02165  -0.2285   0.6625   0.4384
   2.000   0.9428   0.02849   0.02102  -0.2349   0.6502   0.4567
   2.500   0.9700   0.02971   0.02238  -0.2304   0.6333   0.4696
   3.000   1.0436   0.02979   0.02232  -0.2342   0.6207   0.4874
   3.500   1.0767   0.03078   0.02343  -0.2307   0.6054   0.5011
   4.000   1.1336   0.03141   0.02398  -0.2316   0.5924   0.5183
   4.500   1.1751   0.03215   0.02478  -0.2295   0.5787   0.5327
   5.000   1.2207   0.03312   0.02575  -0.2284   0.5659   0.5491
   5.500   1.2634   0.03387   0.02651  -0.2266   0.5531   0.5638
   6.000   1.2995   0.03507   0.02777  -0.2237   0.5407   0.5789
   6.500   1.3416   0.03599   0.02866  -0.2220   0.5285   0.5940
   7.000   1.3711   0.03725   0.03001  -0.2178   0.5169   0.6069
   7.500   1.4112   0.03854   0.03125  -0.2163   0.5049   0.6231
   8.000   1.4364   0.03973   0.03253  -0.2111   0.4941   0.6334
   8.500   1.4613   0.04144   0.03430  -0.2069   0.4825   0.6475
   9.000   1.5005   0.04247   0.03529  -0.2047   0.4721   0.6599
   9.500   1.5041   0.04475   0.03774  -0.1968   0.4609   0.6682
  10.000   1.5637   0.04549   0.03830  -0.1988   0.4508   0.6862
