  
       XFOIL         Version 6.99
  
 Calculated polar for: NACA 1512                                       
  
 1 1 Reynolds number fixed          Mach number fixed         
  
 xtrf =   1.000 (top)        1.000 (bottom)  
 Mach =   0.050     Re =     0.200 e 6     Ncrit =   9.000
  
   alpha    CL        CD       CDp       CM     Top_Xtr  Bot_Xtr
  ------ -------- --------- --------- -------- -------- --------
  -2.000  -0.1438   0.01151   0.00573  -0.0278   0.9552   0.6426
  -1.500  -0.0678   0.01103   0.00558  -0.0311   0.9419   0.7288
  -1.000   0.0002   0.01062   0.00544  -0.0321   0.9262   0.8077
  -0.500   0.0627   0.01037   0.00533  -0.0315   0.9076   0.8747
   0.000   0.1285   0.01028   0.00527  -0.0315   0.8846   0.9255
   0.500   0.2105   0.01019   0.00511  -0.0352   0.8607   0.9580
   1.000   0.3023   0.01010   0.00493  -0.0415   0.8283   0.9805
   1.500   0.3965   0.00998   0.00468  -0.0490   0.7860   1.0000
   2.000   0.4421   0.00991   0.00442  -0.0469   0.7401   1.0000
   2.500   0.4874   0.01001   0.00431  -0.0446   0.6912   1.0000
   3.000   0.5325   0.01023   0.00432  -0.0423   0.6390   1.0000
   3.500   0.5768   0.01056   0.00444  -0.0398   0.5840   1.0000
   4.000   0.6204   0.01100   0.00465  -0.0371   0.5267   1.0000
   4.500   0.6631   0.01153   0.00496  -0.0344   0.4656   1.0000
   5.000   0.7048   0.01219   0.00537  -0.0316   0.4008   1.0000
   5.500   0.7453   0.01300   0.00590  -0.0288   0.3320   1.0000
   6.000   0.7853   0.01401   0.00660  -0.0260   0.2585   1.0000
   6.500   0.8238   0.01531   0.00754  -0.0232   0.1898   1.0000
   7.000   0.8623   0.01677   0.00873  -0.0204   0.1393   1.0000
   7.500   0.9007   0.01833   0.01014  -0.0177   0.1092   1.0000
   8.000   0.9374   0.02014   0.01182  -0.0148   0.0906   1.0000
   8.500   0.9757   0.02189   0.01360  -0.0122   0.0778   1.0000
   9.000   1.0135   0.02398   0.01564  -0.0097   0.0685   1.0000
   9.500   1.0526   0.02571   0.01752  -0.0073   0.0614   1.0000
  10.000   1.0907   0.02823   0.02019  -0.0051   0.0558   1.0000
