  
       XFOIL         Version 6.99
  
 Calculated polar for: NACA 6336                                       
  
 1 1 Reynolds number fixed          Mach number fixed         
  
 xtrf =   1.000 (top)        1.000 (bottom)  
 Mach =   0.050     Re =     0.200 e 6     Ncrit =   9.000
  
   alpha    CL        CD       CDp       CM     Top_Xtr  Bot_Xtr
  ------ -------- --------- --------- -------- -------- --------
  -2.000   0.1646   0.02510   0.01532  -0.0616   0.4759   0.2740
  -1.500   0.1886   0.02516   0.01545  -0.0570   0.4678   0.2905
  -1.000   0.2131   0.02499   0.01547  -0.0526   0.4604   0.3153
  -0.500   0.2620   0.02443   0.01526  -0.0523   0.4542   0.3970
   0.000   0.2733   0.02483   0.01620  -0.0458   0.4486   0.4913
   0.500   0.3054   0.02539   0.01695  -0.0427   0.4429   0.5473
   1.000   0.3562   0.02582   0.01733  -0.0425   0.4377   0.5875
   1.500   0.4037   0.02661   0.01814  -0.0420   0.4331   0.6182
   2.000   0.4229   0.02780   0.01956  -0.0375   0.4286   0.6421
   2.500   0.4566   0.02878   0.02061  -0.0353   0.4242   0.6670
   3.000   0.5076   0.02935   0.02113  -0.0355   0.4202   0.6946
   3.500   0.5753   0.02998   0.02166  -0.0381   0.4164   0.7208
   4.000   0.5667   0.03216   0.02422  -0.0306   0.4130   0.7436
   4.500   0.5615   0.03474   0.02708  -0.0243   0.4089   0.7695
   5.000   0.5791   0.03662   0.02911  -0.0209   0.4049   0.7993
   5.500   0.6281   0.03727   0.02978  -0.0205   0.4019   0.8348
   6.000   0.6942   0.03782   0.03027  -0.0220   0.3991   0.8728
   7.000  -0.1288   0.12973   0.12460   0.0175   0.3687   0.8399
   7.500  -0.0785   0.13224   0.12724   0.0187   0.3670   0.9061
   8.000   0.0059   0.13728   0.13224   0.0135   0.3659   0.9601
   8.500  -0.0179   0.14337   0.13842   0.0097   0.3526   0.9850
   9.000   0.0795   0.14939   0.14433  -0.0012   0.3510   0.9986
   9.500   0.1288   0.15219   0.14691  -0.0009   0.3502   1.0000
  10.000   0.0706   0.15411   0.14882   0.0026   0.3373   1.0000
