  
       XFOIL         Version 6.99
  
 Calculated polar for: NACA 9338                                       
  
 1 1 Reynolds number fixed          Mach number fixed         
  
 xtrf =   1.000 (top)        1.000 (bottom)  
 Mach =   0.050     Re =     0.200 e 6     Ncrit =   9.000
  
   alpha    CL        CD       CDp       CM     Top_Xtr  Bot_Xtr
  ------ -------- --------- --------- -------- -------- --------
  -2.000   0.2320   0.03446   0.02420  -0.0754   0.4392   0.1718
  -1.500   0.2833   0.03458   0.02408  -0.0758   0.4346   0.1780
  -1.000   0.3275   0.03474   0.02431  -0.0755   0.4301   0.1838
  -0.500   0.3458   0.03586   0.02553  -0.0719   0.4256   0.1894
   0.000   0.3815   0.03651   0.02613  -0.0706   0.4217   0.1960
   0.500   0.4323   0.03669   0.02634  -0.0713   0.4185   0.2044
   1.000   0.5064   0.03666   0.02614  -0.0750   0.4154   0.2155
   1.500   0.4952   0.03906   0.02886  -0.0684   0.4125   0.2217
   2.000   0.4852   0.04208   0.03208  -0.0626   0.4087   0.2286
   2.500   0.4915   0.04468   0.03483  -0.0591   0.4054   0.2376
   3.000   0.5222   0.04626   0.03648  -0.0582   0.4027   0.2512
   3.500   0.5796   0.04646   0.03672  -0.0602   0.4006   0.2735
   5.500  -0.1576   0.14773   0.13926  -0.0181   0.3713   0.2132
   6.000  -0.1079   0.15059   0.14226  -0.0196   0.3698   0.2253
   6.500  -0.0500   0.15464   0.14637  -0.0216   0.3689   0.2403
   7.000  -0.0801   0.15762   0.14941  -0.0205   0.3576   0.2445
   7.500  -0.0344   0.16038   0.15226  -0.0220   0.3557   0.2639
   8.000   0.0188   0.16397   0.15614  -0.0241   0.3547   0.3085
   8.500   0.0680   0.16811   0.16268  -0.0236   0.3541   0.7761
   9.000   0.0205   0.16939   0.16444  -0.0195   0.3427   0.8750
   9.500   0.0790   0.17219   0.16717  -0.0236   0.3413   1.0000
  10.000   0.1352   0.17684   0.17159  -0.0259   0.3405   1.0000
