  
       XFOIL         Version 6.99
  
 Calculated polar for: NACA 9518                                       
  
 1 1 Reynolds number fixed          Mach number fixed         
  
 xtrf =   1.000 (top)        1.000 (bottom)  
 Mach =   0.050     Re =     0.200 e 6     Ncrit =   9.000
  
   alpha    CL        CD       CDp       CM     Top_Xtr  Bot_Xtr
  ------ -------- --------- --------- -------- -------- --------
  -2.000   0.7690   0.02188   0.01399  -0.2400   0.7512   0.1772
  -1.500   0.7806   0.02275   0.01489  -0.2322   0.7377   0.1906
  -1.000   0.8724   0.02170   0.01382  -0.2390   0.7345   0.2192
  -0.500   0.8903   0.02252   0.01472  -0.2324   0.7223   0.2376
   0.000   0.9751   0.02172   0.01389  -0.2379   0.7177   0.2728
   0.500   1.0184   0.02203   0.01427  -0.2359   0.7087   0.3025
   1.000   1.0747   0.02194   0.01422  -0.2363   0.7008   0.3389
   1.500   1.1714   0.02109   0.01336  -0.2442   0.6967   0.3916
   2.000   1.1740   0.02230   0.01474  -0.2346   0.6838   0.4226
   2.500   1.2693   0.02143   0.01395  -0.2422   0.6791   0.4913
   3.000   1.2731   0.02270   0.01548  -0.2331   0.6667   0.5413
   3.500   1.3589   0.02153   0.01474  -0.2386   0.6614   0.7340
   4.000   1.3576   0.02277   0.01623  -0.2284   0.6491   1.0000
   6.000   1.5309   0.02537   0.01852  -0.2216   0.6123   1.0000
   6.500   1.6201   0.02462   0.01759  -0.2276   0.6062   1.0000
   7.000   1.6101   0.02694   0.02006  -0.2172   0.5932   1.0000
   7.500   1.6988   0.02617   0.01913  -0.2231   0.5869   1.0000
   8.000   1.6862   0.02866   0.02178  -0.2125   0.5738   1.0000
   8.500   1.7119   0.03011   0.02329  -0.2084   0.5635   1.0000
   9.000   1.7613   0.03045   0.02361  -0.2079   0.5541   1.0000
   9.500   1.7586   0.03323   0.02654  -0.2000   0.5416   1.0000
  10.000   1.8383   0.03219   0.02539  -0.2038   0.5341   1.0000
