  
       XFOIL         Version 6.99
  
 Calculated polar for: NACA 4108                                       
  
 1 1 Reynolds number fixed          Mach number fixed         
  
 xtrf =   1.000 (top)        1.000 (bottom)  
 Mach =   0.050     Re =     0.200 e 6     Ncrit =   9.000
  
   alpha    CL        CD       CDp       CM     Top_Xtr  Bot_Xtr
  ------ -------- --------- --------- -------- -------- --------
  -2.000   0.1844   0.03143   0.02613  -0.0615   0.8576   0.0258
  -1.500   0.2333   0.02556   0.01985  -0.0606   0.7883   0.0272
  -1.000   0.2800   0.02253   0.01605  -0.0583   0.6670   0.0306
  -0.500   0.3222   0.02496   0.01639  -0.0534   0.3366   0.0359
   0.000   0.3684   0.02192   0.01240  -0.0528   0.2144   0.0398
   0.500   0.4216   0.02069   0.01072  -0.0517   0.1993   0.0526
   1.000   0.4750   0.01969   0.00931  -0.0508   0.1905   0.0816
   1.500   0.5260   0.01780   0.00743  -0.0500   0.1850   0.1214
   2.000   0.5790   0.01738   0.00702  -0.0487   0.1814   0.1296
   2.500   0.6338   0.01832   0.00765  -0.0471   0.1782   0.0740
   3.000   0.6622   0.00606  -0.00427  -0.0425   0.1762   0.0690
   3.500   0.7131   0.00634  -0.00426  -0.0419   0.1741   0.0816
   4.000   0.7643   0.00622  -0.00278  -0.0413   0.1723   1.0000
   4.500   0.8152   0.00698  -0.00214  -0.0407   0.1713   1.0000
   5.000   0.8654   0.00779  -0.00134  -0.0401   0.1695   1.0000
   5.500   0.9150   0.00876  -0.00032  -0.0395   0.1678   1.0000
   6.000   0.9639   0.00994   0.00099  -0.0389   0.1666   1.0000
   6.500   1.0115   0.01132   0.00254  -0.0383   0.1657   1.0000
   7.000   1.0574   0.01300   0.00451  -0.0374   0.1650   1.0000
   7.500   1.1008   0.01509   0.00691  -0.0364   0.1646   1.0000
   8.000   1.1406   0.01779   0.01005  -0.0351   0.1645   1.0000
   8.500   1.1780   0.02073   0.01336  -0.0336   0.1635   1.0000
   9.000   1.2065   0.02514   0.01834  -0.0314   0.1636   1.0000
   9.500   1.2167   0.03222   0.02614  -0.0280   0.1652   1.0000
  10.000   1.2021   0.04218   0.03676  -0.0236   0.1683   1.0000
  -2.000   0.1844   0.03143   0.02613  -0.0615   0.8576   0.0258
  -1.500   0.2333   0.02556   0.01985  -0.0606   0.7883   0.0272
  -1.000   0.2800   0.02253   0.01605  -0.0583   0.6670   0.0306
  -0.500   0.3222   0.02496   0.01639  -0.0534   0.3366   0.0359
   0.000   0.3684   0.02192   0.01240  -0.0528   0.2144   0.0398
   0.500   0.4216   0.02069   0.01072  -0.0517   0.1993   0.0526
   1.000   0.4750   0.01969   0.00931  -0.0508   0.1905   0.0816
   1.500   0.5260   0.01780   0.00743  -0.0500   0.1850   0.1214
   2.000   0.5790   0.01738   0.00702  -0.0487   0.1814   0.1296
   2.500   0.6338   0.01832   0.00765  -0.0471   0.1782   0.0740
   3.000   0.6622   0.00606  -0.00427  -0.0425   0.1762   0.0690
   3.500   0.7131   0.00634  -0.00426  -0.0419   0.1741   0.0816
   4.000   0.7643   0.00622  -0.00278  -0.0413   0.1723   1.0000
   4.500   0.8152   0.00698  -0.00214  -0.0407   0.1713   1.0000
   5.000   0.8654   0.00779  -0.00134  -0.0401   0.1695   1.0000
   5.500   0.9150   0.00876  -0.00032  -0.0395   0.1678   1.0000
   6.000   0.9639   0.00994   0.00099  -0.0389   0.1666   1.0000
   6.500   1.0115   0.01132   0.00254  -0.0383   0.1657   1.0000
   7.000   1.0574   0.01300   0.00451  -0.0374   0.1650   1.0000
   7.500   1.1008   0.01509   0.00691  -0.0364   0.1646   1.0000
   8.000   1.1406   0.01779   0.01005  -0.0351   0.1645   1.0000
   8.500   1.1780   0.02073   0.01336  -0.0336   0.1635   1.0000
   9.000   1.2065   0.02514   0.01834  -0.0314   0.1636   1.0000
   9.500   1.2167   0.03222   0.02614  -0.0280   0.1652   1.0000
  10.000   1.2021   0.04218   0.03676  -0.0236   0.1683   1.0000
  -2.000   0.1844   0.03143   0.02613  -0.0615   0.8576   0.0258
  -1.500   0.2333   0.02556   0.01985  -0.0606   0.7883   0.0272
  -1.000   0.2800   0.02253   0.01605  -0.0583   0.6670   0.0306
  -0.500   0.3222   0.02496   0.01639  -0.0534   0.3366   0.0359
   0.000   0.3684   0.02192   0.01240  -0.0528   0.2144   0.0398
   0.500   0.4216   0.02069   0.01072  -0.0517   0.1993   0.0526
   1.000   0.4750   0.01969   0.00931  -0.0508   0.1905   0.0816
   1.500   0.5260   0.01780   0.00743  -0.0500   0.1850   0.1214
   2.000   0.5790   0.01738   0.00702  -0.0487   0.1814   0.1296
   2.500   0.6338   0.01832   0.00765  -0.0471   0.1782   0.0740
   3.000   0.6622   0.00606  -0.00427  -0.0425   0.1762   0.0690
   3.500   0.7131   0.00634  -0.00426  -0.0419   0.1741   0.0816
   4.000   0.7643   0.00622  -0.00278  -0.0413   0.1723   1.0000
   4.500   0.8152   0.00698  -0.00214  -0.0407   0.1713   1.0000
   5.000   0.8654   0.00779  -0.00134  -0.0401   0.1695   1.0000
   5.500   0.9150   0.00876  -0.00032  -0.0395   0.1678   1.0000
   6.000   0.9639   0.00994   0.00099  -0.0389   0.1666   1.0000
   6.500   1.0115   0.01132   0.00254  -0.0383   0.1657   1.0000
   7.000   1.0574   0.01300   0.00451  -0.0374   0.1650   1.0000
   7.500   1.1008   0.01509   0.00691  -0.0364   0.1646   1.0000
   8.000   1.1406   0.01779   0.01005  -0.0351   0.1645   1.0000
   8.500   1.1780   0.02073   0.01336  -0.0336   0.1635   1.0000
   9.000   1.2065   0.02514   0.01834  -0.0314   0.1636   1.0000
   9.500   1.2167   0.03222   0.02614  -0.0280   0.1652   1.0000
  10.000   1.2021   0.04218   0.03676  -0.0236   0.1683   1.0000
