  
       XFOIL         Version 6.99
  
 Calculated polar for: NACA 1316                                       
  
 1 1 Reynolds number fixed          Mach number fixed         
  
 xtrf =   1.000 (top)        1.000 (bottom)  
 Mach =   0.050     Re =     0.200 e 6     Ncrit =   9.000
  
   alpha    CL        CD       CDp       CM     Top_Xtr  Bot_Xtr
  ------ -------- --------- --------- -------- -------- --------
  -2.000  -0.1117   0.01163   0.00573  -0.0255   0.8545   0.6478
  -1.500  -0.0574   0.01131   0.00549  -0.0239   0.8286   0.6941
  -1.000  -0.0053   0.01114   0.00537  -0.0219   0.7981   0.7384
  -0.500   0.0478   0.01107   0.00527  -0.0200   0.7673   0.7808
   0.000   0.0998   0.01114   0.00532  -0.0179   0.7329   0.8203
   1.000   0.2088   0.01170   0.00570  -0.0145   0.6623   0.8877
   1.500   0.2670   0.01218   0.00600  -0.0136   0.6273   0.9183
   2.000   0.3395   0.01269   0.00630  -0.0161   0.5916   0.9371
   2.500   0.4192   0.01318   0.00656  -0.0206   0.5565   0.9527
   3.000   0.5019   0.01358   0.00682  -0.0260   0.5223   0.9671
   3.500   0.5868   0.01394   0.00704  -0.0321   0.4905   0.9800
   4.000   0.6726   0.01428   0.00717  -0.0386   0.4608   0.9921
   4.500   0.7475   0.01446   0.00733  -0.0432   0.4320   1.0000
   5.000   0.7869   0.01472   0.00749  -0.0406   0.4092   1.0000
   5.500   0.8253   0.01508   0.00774  -0.0378   0.3870   1.0000
   6.000   0.8619   0.01544   0.00809  -0.0344   0.3642   1.0000
   6.500   0.8970   0.01586   0.00850  -0.0308   0.3409   1.0000
   7.000   0.9307   0.01635   0.00893  -0.0268   0.3177   1.0000
   7.500   0.9629   0.01692   0.00945  -0.0225   0.2939   1.0000
   8.000   0.9938   0.01751   0.01004  -0.0181   0.2685   1.0000
   8.500   1.0221   0.01831   0.01072  -0.0133   0.2439   1.0000
   9.000   1.0498   0.01918   0.01157  -0.0085   0.2186   1.0000
   9.500   1.0749   0.02031   0.01259  -0.0036   0.1956   1.0000
  10.000   1.0977   0.02151   0.01379   0.0015   0.1743   1.0000
