  
       XFOIL         Version 6.99
  
 Calculated polar for: NACA 8728                                       
  
 1 1 Reynolds number fixed          Mach number fixed         
  
 xtrf =   1.000 (top)        1.000 (bottom)  
 Mach =   0.050     Re =     0.200 e 6     Ncrit =   9.000
  
   alpha    CL        CD       CDp       CM     Top_Xtr  Bot_Xtr
  ------ -------- --------- --------- -------- -------- --------
  -2.000   0.2448   0.04017   0.03293  -0.1790   0.7215   0.2979
  -1.500   0.3260   0.03870   0.03138  -0.1833   0.7191   0.3140
  -1.000   0.4066   0.03699   0.02976  -0.1873   0.7175   0.3307
   0.000   0.5414   0.03523   0.02800  -0.1917   0.7021   0.3635
   0.500   0.6323   0.03314   0.02592  -0.1972   0.7000   0.3833
   1.500   0.7876   0.03079   0.02360  -0.2047   0.6828   0.4213
   2.000   0.8552   0.03049   0.02320  -0.2071   0.6702   0.4404
   2.500   0.9493   0.02888   0.02157  -0.2134   0.6615   0.4626
   3.000   0.9963   0.02954   0.02226  -0.2125   0.6455   0.4800
   3.500   1.0686   0.02929   0.02187  -0.2157   0.6332   0.5010
   4.000   1.1220   0.02962   0.02225  -0.2156   0.6192   0.5197
   4.500   1.1574   0.03081   0.02347  -0.2130   0.6039   0.5371
   5.000   1.2383   0.03030   0.02277  -0.2174   0.5931   0.5593
   5.500   1.2493   0.03224   0.02491  -0.2106   0.5775   0.5735
   6.000   1.2967   0.03308   0.02567  -0.2100   0.5651   0.5931
   6.500   1.3358   0.03392   0.02658  -0.2075   0.5525   0.6087
   7.000   1.3653   0.03551   0.02820  -0.2042   0.5394   0.6260
   7.500   1.4176   0.03585   0.02847  -0.2038   0.5283   0.6423
   8.000   1.4320   0.03809   0.03084  -0.1983   0.5151   0.6568
   8.500   1.4953   0.03803   0.03061  -0.1998   0.5048   0.6749
   9.000   1.4951   0.04092   0.03372  -0.1923   0.4919   0.6863
   9.500   1.5572   0.04094   0.03356  -0.1938   0.4818   0.7048
  10.000   1.5538   0.04413   0.03697  -0.1863   0.4692   0.7169
