  
       XFOIL         Version 6.99
  
 Calculated polar for: NACA 3224                                       
  
 1 1 Reynolds number fixed          Mach number fixed         
  
 xtrf =   1.000 (top)        1.000 (bottom)  
 Mach =   0.050     Re =     0.200 e 6     Ncrit =   9.000
  
   alpha    CL        CD       CDp       CM     Top_Xtr  Bot_Xtr
  ------ -------- --------- --------- -------- -------- --------
  -2.000   0.0630   0.01487   0.00770  -0.0424   0.6203   0.5837
  -1.500   0.1111   0.01489   0.00767  -0.0404   0.5973   0.6113
  -1.000   0.1590   0.01493   0.00766  -0.0383   0.5742   0.6381
  -0.500   0.2061   0.01502   0.00770  -0.0362   0.5514   0.6665
   0.000   0.2523   0.01516   0.00778  -0.0338   0.5285   0.6961
   0.500   0.2967   0.01535   0.00790  -0.0312   0.5056   0.7280
   1.000   0.3418   0.01561   0.00814  -0.0285   0.4825   0.7592
   1.500   0.3853   0.01592   0.00840  -0.0258   0.4592   0.7874
   2.000   0.4271   0.01629   0.00873  -0.0227   0.4365   0.8158
   2.500   0.4687   0.01679   0.00914  -0.0196   0.4160   0.8454
   3.000   0.5107   0.01739   0.00961  -0.0166   0.3980   0.8752
   3.500   0.5571   0.01810   0.01026  -0.0145   0.3821   0.9016
   4.000   0.6136   0.01897   0.01106  -0.0145   0.3678   0.9243
   4.500   0.6850   0.02003   0.01193  -0.0178   0.3560   0.9427
   5.000   0.7742   0.02112   0.01289  -0.0250   0.3453   0.9534
   5.500   0.8615   0.02219   0.01385  -0.0320   0.3362   0.9646
   6.000   0.9434   0.02310   0.01469  -0.0381   0.3285   0.9775
   6.500   1.0378   0.02418   0.01558  -0.0467   0.3219   0.9854
   7.000   1.1172   0.02502   0.01652  -0.0529   0.3156   0.9963
   7.500   1.1599   0.02565   0.01712  -0.0520   0.3111   1.0000
   8.000   1.1818   0.02623   0.01763  -0.0471   0.3075   1.0000
   8.500   1.2063   0.02713   0.01850  -0.0425   0.3039   1.0000
   9.000   1.1933   0.02767   0.01918  -0.0311   0.3009   1.0000
   9.500   1.1985   0.02849   0.02008  -0.0231   0.2977   1.0000
  10.000   1.2194   0.02944   0.02105  -0.0182   0.2942   1.0000
