  
       XFOIL         Version 6.99
  
 Calculated polar for: NACA 7524                                       
  
 1 1 Reynolds number fixed          Mach number fixed         
  
 xtrf =   1.000 (top)        1.000 (bottom)  
 Mach =   0.050     Re =     0.200 e 6     Ncrit =   9.000
  
   alpha    CL        CD       CDp       CM     Top_Xtr  Bot_Xtr
  ------ -------- --------- --------- -------- -------- --------
  -2.000   0.5071   0.02110   0.01301  -0.1755   0.7073   0.2725
  -1.500   0.5998   0.02040   0.01223  -0.1824   0.7020   0.2962
  -1.000   0.6119   0.02098   0.01283  -0.1744   0.6889   0.3112
  -0.500   0.7025   0.02030   0.01212  -0.1810   0.6830   0.3386
   0.000   0.7135   0.02088   0.01284  -0.1729   0.6703   0.3561
   0.500   0.8033   0.02038   0.01225  -0.1793   0.6638   0.3872
   1.000   0.8134   0.02101   0.01304  -0.1711   0.6516   0.4078
   1.500   0.8994   0.02056   0.01255  -0.1769   0.6445   0.4434
   2.000   0.9126   0.02133   0.01348  -0.1694   0.6328   0.4690
   2.500   0.9904   0.02091   0.01308  -0.1735   0.6251   0.5106
   3.000   1.0089   0.02184   0.01417  -0.1673   0.6137   0.5458
   3.500   1.0815   0.02145   0.01386  -0.1704   0.6058   0.6008
   4.000   1.0986   0.02239   0.01512  -0.1640   0.5946   0.6576
   4.500   1.1589   0.02182   0.01493  -0.1643   0.5866   0.7985
   5.000   1.1708   0.02279   0.01611  -0.1571   0.5754   1.0000
   5.500   1.2411   0.02277   0.01582  -0.1600   0.5671   1.0000
   6.000   1.2524   0.02436   0.01745  -0.1535   0.5557   1.0000
   6.500   1.3223   0.02430   0.01717  -0.1562   0.5476   1.0000
   7.000   1.3267   0.02624   0.01919  -0.1490   0.5360   1.0000
   7.500   1.3986   0.02607   0.01881  -0.1519   0.5280   1.0000
   8.000   1.3945   0.02845   0.02132  -0.1439   0.5162   1.0000
   8.500   1.4710   0.02808   0.02073  -0.1474   0.5085   1.0000
   9.000   1.4565   0.03103   0.02385  -0.1384   0.4963   1.0000
   9.500   1.5352   0.03050   0.02311  -0.1421   0.4888   1.0000
  10.000   1.5137   0.03396   0.02678  -0.1327   0.4764   1.0000
