  
       XFOIL         Version 6.99
  
 Calculated polar for: NACA 6836                                       
  
 1 1 Reynolds number fixed          Mach number fixed         
  
 xtrf =   1.000 (top)        1.000 (bottom)  
 Mach =   0.050     Re =     0.200 e 6     Ncrit =   9.000
  
   alpha    CL        CD       CDp       CM     Top_Xtr  Bot_Xtr
  ------ -------- --------- --------- -------- -------- --------
  -2.000   0.2034   0.02625   0.01821  -0.1459   0.6661   0.3730
  -1.500   0.2539   0.02642   0.01849  -0.1458   0.6527   0.3824
  -1.000   0.3179   0.02632   0.01825  -0.1484   0.6397   0.3936
  -0.500   0.3708   0.02645   0.01844  -0.1490   0.6272   0.4038
   0.000   0.4230   0.02668   0.01865  -0.1493   0.6143   0.4148
   0.500   0.4872   0.02675   0.01863  -0.1520   0.6029   0.4265
   1.000   0.5247   0.02731   0.01930  -0.1497   0.5901   0.4368
   1.500   0.6055   0.02728   0.01902  -0.1553   0.5795   0.4501
   2.000   0.6250   0.02818   0.02016  -0.1500   0.5672   0.4603
   2.500   0.7031   0.02816   0.01994  -0.1548   0.5570   0.4744
   3.000   0.7247   0.02924   0.02121  -0.1502   0.5457   0.4852
   3.500   0.7764   0.02969   0.02165  -0.1503   0.5354   0.4981
   4.000   0.8284   0.03039   0.02230  -0.1511   0.5254   0.5116
   4.500   0.8565   0.03144   0.02351  -0.1474   0.5148   0.5232
   5.000   0.9425   0.03142   0.02320  -0.1535   0.5056   0.5391
   5.500   0.9386   0.03338   0.02551  -0.1451   0.4955   0.5499
   6.000   0.9869   0.03404   0.02615  -0.1449   0.4864   0.5644
   6.500   1.0305   0.03514   0.02725  -0.1444   0.4775   0.5783
   7.000   1.0450   0.03699   0.02930  -0.1391   0.4678   0.5903
   7.500   1.1185   0.03707   0.02914  -0.1431   0.4598   0.6066
   8.000   1.1110   0.03994   0.03235  -0.1350   0.4506   0.6176
   8.500   1.1431   0.04137   0.03381  -0.1328   0.4420   0.6318
   9.000   1.2044   0.04178   0.03411  -0.1347   0.4346   0.6467
   9.500   1.1778   0.04606   0.03874  -0.1252   0.4251   0.6562
  10.000   1.2308   0.04673   0.03928  -0.1262   0.4177   0.6721
