  
       XFOIL         Version 6.99
  
 Calculated polar for: NACA 6824                                       
  
 1 1 Reynolds number fixed          Mach number fixed         
  
 xtrf =   1.000 (top)        1.000 (bottom)  
 Mach =   0.050     Re =     0.200 e 6     Ncrit =   9.000
  
   alpha    CL        CD       CDp       CM     Top_Xtr  Bot_Xtr
  ------ -------- --------- --------- -------- -------- --------
  -2.000   0.2403   0.02910   0.02224  -0.1678   0.8021   0.3683
  -1.500   0.3243   0.02758   0.02077  -0.1725   0.7984   0.3905
  -1.000   0.3941   0.02666   0.01987  -0.1748   0.7862   0.4118
  -0.500   0.4849   0.02489   0.01813  -0.1807   0.7816   0.4357
   0.000   0.5653   0.02376   0.01703  -0.1848   0.7677   0.4588
   0.500   0.6613   0.02223   0.01550  -0.1918   0.7556   0.4836
   1.000   0.7644   0.02085   0.01405  -0.2002   0.7401   0.5089
   1.500   0.8390   0.02060   0.01377  -0.2035   0.7169   0.5310
   2.000   0.9030   0.02072   0.01384  -0.2049   0.6930   0.5519
   2.500   0.9617   0.02102   0.01407  -0.2054   0.6697   0.5731
   3.000   1.0180   0.02147   0.01440  -0.2054   0.6473   0.5945
   3.500   1.0676   0.02193   0.01485  -0.2038   0.6260   0.6128
   4.000   1.1078   0.02262   0.01554  -0.2008   0.6049   0.6305
   4.500   1.1491   0.02340   0.01629  -0.1981   0.5843   0.6501
   5.000   1.1828   0.02420   0.01716  -0.1935   0.5651   0.6646
   5.500   1.2249   0.02496   0.01788  -0.1909   0.5465   0.6814
   6.000   1.2652   0.02575   0.01860  -0.1878   0.5287   0.6973
   6.500   1.2996   0.02659   0.01941  -0.1836   0.5111   0.7102
   7.000   1.3327   0.02772   0.02057  -0.1798   0.4932   0.7277
   7.500   1.3579   0.02870   0.02160  -0.1738   0.4770   0.7371
   8.000   1.3973   0.02971   0.02252  -0.1713   0.4606   0.7530
   8.500   1.4212   0.03079   0.02362  -0.1655   0.4447   0.7643
   9.000   1.4468   0.03216   0.02507  -0.1608   0.4287   0.7778
   9.500   1.4794   0.03350   0.02638  -0.1575   0.4132   0.7928
  10.000   1.5101   0.03456   0.02735  -0.1535   0.3982   0.8051
