  
       XFOIL         Version 6.99
  
 Calculated polar for: NACA 2726                                       
  
 1 1 Reynolds number fixed          Mach number fixed         
  
 xtrf =   1.000 (top)        1.000 (bottom)  
 Mach =   0.050     Re =     0.200 e 6     Ncrit =   9.000
  
   alpha    CL        CD       CDp       CM     Top_Xtr  Bot_Xtr
  ------ -------- --------- --------- -------- -------- --------
  -1.500   0.0893   0.01619   0.00876  -0.0699   0.7184   0.4867
  -1.000   0.1444   0.01607   0.00857  -0.0694   0.6949   0.5054
  -0.500   0.1978   0.01608   0.00847  -0.0687   0.6721   0.5249
   0.000   0.2502   0.01618   0.00851  -0.0678   0.6501   0.5444
   0.500   0.3025   0.01628   0.00861  -0.0668   0.6292   0.5635
   1.000   0.3537   0.01642   0.00870  -0.0657   0.6089   0.5832
   1.500   0.3973   0.01656   0.00887  -0.0631   0.5890   0.6032
   2.000   0.4420   0.01679   0.00907  -0.0608   0.5700   0.6240
   2.500   0.4890   0.01705   0.00937  -0.0588   0.5518   0.6441
   3.000   0.5374   0.01734   0.00966  -0.0571   0.5345   0.6640
   3.500   0.5854   0.01764   0.00991  -0.0554   0.5173   0.6844
   4.000   0.6217   0.01792   0.01024  -0.0516   0.5004   0.7054
   4.500   0.6623   0.01828   0.01061  -0.0486   0.4844   0.7266
   5.000   0.7067   0.01863   0.01095  -0.0462   0.4691   0.7469
   5.500   0.7420   0.01895   0.01132  -0.0423   0.4538   0.7681
   6.000   0.7785   0.01941   0.01186  -0.0388   0.4387   0.7904
   6.500   0.8198   0.01991   0.01234  -0.0362   0.4245   0.8139
   7.000   0.8562   0.02038   0.01282  -0.0327   0.4104   0.8388
   7.500   0.8848   0.02096   0.01355  -0.0280   0.3966   0.8659
   8.000   0.9181   0.02154   0.01415  -0.0239   0.3838   0.8966
   8.500   0.9491   0.02219   0.01485  -0.0197   0.3707   0.9361
   9.000   1.0035   0.02327   0.01600  -0.0210   0.3561   0.9763
   9.500   1.0552   0.02419   0.01685  -0.0228   0.3427   1.0000
  10.000   1.0881   0.02502   0.01749  -0.0207   0.3307   1.0000
