  
       XFOIL         Version 6.99
  
 Calculated polar for: NACA 4518                                       
  
 1 1 Reynolds number fixed          Mach number fixed         
  
 xtrf =   1.000 (top)        1.000 (bottom)  
 Mach =   0.050     Re =     0.200 e 6     Ncrit =   9.000
  
   alpha    CL        CD       CDp       CM     Top_Xtr  Bot_Xtr
  ------ -------- --------- --------- -------- -------- --------
  -2.000   0.2570   0.01544   0.00810  -0.1180   0.7982   0.3853
  -1.500   0.3176   0.01499   0.00776  -0.1185   0.7862   0.4248
  -1.000   0.3777   0.01459   0.00743  -0.1188   0.7731   0.4673
  -0.500   0.4303   0.01438   0.00736  -0.1178   0.7574   0.5118
   0.000   0.4849   0.01418   0.00728  -0.1172   0.7422   0.5621
   0.500   0.5405   0.01393   0.00719  -0.1166   0.7274   0.6188
   1.000   0.5971   0.01366   0.00708  -0.1160   0.7127   0.6879
   1.500   0.6446   0.01346   0.00717  -0.1135   0.6959   0.7753
   2.000   0.6939   0.01337   0.00735  -0.1108   0.6788   0.8967
   2.500   0.7914   0.01351   0.00742  -0.1188   0.6605   0.9901
   3.000   0.8488   0.01371   0.00745  -0.1195   0.6423   1.0000
   3.500   0.8923   0.01397   0.00757  -0.1171   0.6242   1.0000
   4.000   0.9380   0.01428   0.00775  -0.1150   0.6059   1.0000
   4.500   0.9842   0.01463   0.00799  -0.1131   0.5872   1.0000
   5.000   1.0301   0.01502   0.00828  -0.1111   0.5682   1.0000
   5.500   1.0750   0.01545   0.00862  -0.1089   0.5488   1.0000
   6.000   1.1184   0.01592   0.00902  -0.1065   0.5291   1.0000
   6.500   1.1600   0.01643   0.00947  -0.1038   0.5090   1.0000
   7.000   1.1994   0.01699   0.00996  -0.1007   0.4887   1.0000
   7.500   1.2360   0.01760   0.01052  -0.0973   0.4680   1.0000
   8.000   1.2675   0.01829   0.01114  -0.0929   0.4475   1.0000
   8.500   1.2982   0.01910   0.01187  -0.0886   0.4267   1.0000
   9.000   1.3240   0.02006   0.01283  -0.0837   0.4054   1.0000
   9.500   1.3476   0.02118   0.01398  -0.0788   0.3837   1.0000
  10.000   1.3699   0.02250   0.01531  -0.0741   0.3619   1.0000
  -2.000   0.2570   0.01544   0.00810  -0.1180   0.7982   0.3853
  -1.500   0.3176   0.01499   0.00776  -0.1185   0.7862   0.4248
  -1.000   0.3777   0.01459   0.00743  -0.1188   0.7731   0.4673
  -0.500   0.4303   0.01438   0.00736  -0.1178   0.7574   0.5118
   0.000   0.4849   0.01418   0.00728  -0.1172   0.7422   0.5621
   0.500   0.5405   0.01393   0.00719  -0.1166   0.7274   0.6188
   1.000   0.5971   0.01366   0.00708  -0.1160   0.7127   0.6879
   1.500   0.6446   0.01346   0.00717  -0.1135   0.6959   0.7753
   2.000   0.6939   0.01337   0.00735  -0.1108   0.6788   0.8967
   2.500   0.7914   0.01351   0.00742  -0.1188   0.6605   0.9901
   3.000   0.8488   0.01371   0.00745  -0.1195   0.6423   1.0000
   3.500   0.8923   0.01397   0.00757  -0.1171   0.6242   1.0000
   4.000   0.9380   0.01428   0.00775  -0.1150   0.6059   1.0000
   4.500   0.9842   0.01463   0.00799  -0.1131   0.5872   1.0000
   5.000   1.0301   0.01502   0.00828  -0.1111   0.5682   1.0000
   5.500   1.0750   0.01545   0.00862  -0.1089   0.5488   1.0000
   6.000   1.1184   0.01592   0.00902  -0.1065   0.5291   1.0000
   6.500   1.1600   0.01643   0.00947  -0.1038   0.5090   1.0000
   7.000   1.1994   0.01699   0.00996  -0.1007   0.4887   1.0000
   7.500   1.2360   0.01760   0.01052  -0.0973   0.4680   1.0000
   8.000   1.2675   0.01829   0.01114  -0.0929   0.4475   1.0000
   8.500   1.2982   0.01910   0.01187  -0.0886   0.4267   1.0000
   9.000   1.3240   0.02006   0.01283  -0.0837   0.4054   1.0000
   9.500   1.3476   0.02118   0.01398  -0.0788   0.3837   1.0000
  10.000   1.3699   0.02250   0.01531  -0.0741   0.3619   1.0000
  -2.000   0.2570   0.01544   0.00810  -0.1180   0.7982   0.3853
  -1.500   0.3176   0.01499   0.00776  -0.1185   0.7862   0.4248
  -1.000   0.3777   0.01459   0.00743  -0.1188   0.7731   0.4673
  -0.500   0.4303   0.01438   0.00736  -0.1178   0.7574   0.5118
   0.000   0.4849   0.01418   0.00728  -0.1172   0.7422   0.5621
   0.500   0.5405   0.01393   0.00719  -0.1166   0.7274   0.6188
   1.000   0.5971   0.01366   0.00708  -0.1160   0.7127   0.6879
   1.500   0.6446   0.01346   0.00717  -0.1135   0.6959   0.7753
   2.000   0.6939   0.01337   0.00735  -0.1108   0.6788   0.8967
   2.500   0.7914   0.01351   0.00742  -0.1188   0.6605   0.9901
   3.000   0.8488   0.01371   0.00745  -0.1195   0.6423   1.0000
   3.500   0.8923   0.01397   0.00757  -0.1171   0.6242   1.0000
   4.000   0.9380   0.01428   0.00775  -0.1150   0.6059   1.0000
   4.500   0.9842   0.01463   0.00799  -0.1131   0.5872   1.0000
   5.000   1.0301   0.01502   0.00828  -0.1111   0.5682   1.0000
   5.500   1.0750   0.01545   0.00862  -0.1089   0.5488   1.0000
   6.000   1.1184   0.01592   0.00902  -0.1065   0.5291   1.0000
   6.500   1.1600   0.01643   0.00947  -0.1038   0.5090   1.0000
   7.000   1.1994   0.01699   0.00996  -0.1007   0.4887   1.0000
   7.500   1.2360   0.01760   0.01052  -0.0973   0.4680   1.0000
   8.000   1.2675   0.01829   0.01114  -0.0929   0.4475   1.0000
   8.500   1.2982   0.01910   0.01187  -0.0886   0.4267   1.0000
   9.000   1.3240   0.02006   0.01283  -0.0837   0.4054   1.0000
   9.500   1.3476   0.02118   0.01398  -0.0788   0.3837   1.0000
  10.000   1.3699   0.02250   0.01531  -0.0741   0.3619   1.0000
