  
       XFOIL         Version 6.99
  
 Calculated polar for: NACA 7440                                       
  
 1 1 Reynolds number fixed          Mach number fixed         
  
 xtrf =   1.000 (top)        1.000 (bottom)  
 Mach =   0.050     Re =     0.200 e 6     Ncrit =   9.000
  
   alpha    CL        CD       CDp       CM     Top_Xtr  Bot_Xtr
  ------ -------- --------- --------- -------- -------- --------
  -2.000   0.1727   0.03145   0.02193  -0.0847   0.5279   0.2865
  -1.500   0.0986   0.03449   0.02524  -0.0668   0.5204   0.2892
  -1.000   0.1250   0.03529   0.02593  -0.0639   0.5148   0.2970
  -0.500   0.2076   0.03427   0.02493  -0.0687   0.5114   0.3094
   0.000  -0.0223   0.04758   0.03871  -0.0372   0.4934   0.3025
   0.500   0.0744   0.04500   0.03602  -0.0423   0.4927   0.3163
   1.000   0.1768   0.04238   0.03337  -0.0484   0.4917   0.3317
   2.500  -0.4190   0.10903   0.10080  -0.0012   0.4293   0.3067
   3.000  -0.3718   0.11071   0.10242  -0.0021   0.4248   0.3176
   3.500  -0.3517   0.11398   0.10581  -0.0018   0.4169   0.3272
   4.000  -0.3336   0.11950   0.11142  -0.0021   0.4238   0.3369
   4.500  -0.2470   0.11630   0.10824  -0.0044   0.4072   0.3561
   5.000  -0.2221   0.12098   0.11294  -0.0049   0.4067   0.3692
   5.500  -0.1798   0.12478   0.11692  -0.0062   0.4055   0.3878
   6.500  -0.2165   0.13639   0.12880  -0.0038   0.3954   0.4109
   7.000  -0.1650   0.13849   0.13113  -0.0054   0.3927   0.4452
   7.500  -0.0998   0.14116   0.13418  -0.0077   0.3913   0.5061
   8.000  -0.1303   0.14582   0.13912  -0.0062   0.3802   0.5410
   9.000  -0.0211   0.15110   0.14528  -0.0083   0.3769   0.7172
   9.500  -0.0525   0.15514   0.14968  -0.0061   0.3657   0.7681
  10.000  -0.0126   0.15713   0.15214  -0.0035   0.3639   0.9018
