  
       XFOIL         Version 6.99
  
 Calculated polar for: NACA 9406                                       
  
 1 1 Reynolds number fixed          Mach number fixed         
  
 xtrf =   1.000 (top)        1.000 (bottom)  
 Mach =   0.050     Re =     0.200 e 6     Ncrit =   9.000
  
   alpha    CL        CD       CDp       CM     Top_Xtr  Bot_Xtr
  ------ -------- --------- --------- -------- -------- --------
  -2.000   0.6914   0.03048   0.02569  -0.2067   0.8183   0.0584
  -1.500   0.7698   0.02580   0.02061  -0.2140   0.8029   0.0722
  -1.000   0.8412   0.02226   0.01666  -0.2188   0.7864   0.1003
  -0.500   0.9346   0.01533   0.00820  -0.2258   0.7709   0.0540
   0.000   0.9935   0.01395   0.00634  -0.2263   0.7502   0.0752
   0.500   1.0498   0.01345   0.00564  -0.2264   0.7297   0.1225
   1.000   1.1031   0.01328   0.00545  -0.2261   0.7071   0.1926
   1.500   1.1576   0.01320   0.00544  -0.2261   0.6869   0.2912
   2.000   1.2056   0.01253   0.00553  -0.2247   0.6665   1.0000
   2.500   1.2579   0.01301   0.00573  -0.2243   0.6487   1.0000
   3.000   1.3104   0.01355   0.00613  -0.2239   0.6333   1.0000
   3.500   1.3623   0.01413   0.00660  -0.2236   0.6191   1.0000
   4.000   1.4136   0.01473   0.00721  -0.2232   0.6065   1.0000
   4.500   1.4646   0.01538   0.00802  -0.2228   0.5948   1.0000
   5.000   1.5156   0.01609   0.00888  -0.2224   0.5847   1.0000
   5.500   1.5646   0.01672   0.00973  -0.2215   0.5712   1.0000
   6.000   1.5980   0.01686   0.00987  -0.2167   0.5306   1.0000
   6.500   1.6105   0.01758   0.01044  -0.2079   0.4543   1.0000
   7.000   1.5580   0.02249   0.01376  -0.1894   0.1961   1.0000
   7.500   1.5178   0.02881   0.01924  -0.1758   0.0392   1.0000
   8.000   1.5154   0.03302   0.02380  -0.1684   0.0279   1.0000
