  
       XFOIL         Version 6.99
  
 Calculated polar for: NACA 9436                                       
  
 1 1 Reynolds number fixed          Mach number fixed         
  
 xtrf =   1.000 (top)        1.000 (bottom)  
 Mach =   0.050     Re =     0.200 e 6     Ncrit =   9.000
  
   alpha    CL        CD       CDp       CM     Top_Xtr  Bot_Xtr
  ------ -------- --------- --------- -------- -------- --------
  -2.000   0.3395   0.03264   0.02317  -0.1230   0.5326   0.2172
  -1.500   0.4083   0.03224   0.02278  -0.1260   0.5285   0.2258
  -1.000   0.4526   0.03301   0.02338  -0.1255   0.5239   0.2339
  -0.500   0.3942   0.03674   0.02747  -0.1114   0.5165   0.2367
   0.000   0.4346   0.03748   0.02826  -0.1107   0.5120   0.2453
   0.500   0.5240   0.03633   0.02694  -0.1162   0.5092   0.2583
   1.500  -0.2505   0.11365   0.10542  -0.0537   0.4609   0.2158
   2.000  -0.1863   0.11235   0.10421  -0.0546   0.4439   0.2247
   2.500  -0.1383   0.11439   0.10613  -0.0555   0.4412   0.2333
   3.000  -0.0963   0.11731   0.10919  -0.0564   0.4400   0.2419
   3.500  -0.1213   0.12542   0.11739  -0.0546   0.4414   0.2453
   4.000  -0.2176   0.12434   0.11693  -0.0376   0.4252   0.2422
   4.500  -0.1574   0.12762   0.12010  -0.0392   0.4234   0.2534
   5.000  -0.0334   0.13506   0.12709  -0.0555   0.4252   0.2730
   5.500   0.0351   0.13723   0.12935  -0.0577   0.4234   0.2889
   6.000   0.0020   0.14287   0.13506  -0.0559   0.4128   0.2930
   6.500   0.0542   0.14487   0.13712  -0.0573   0.4096   0.3096
   7.000   0.1174   0.14762   0.13985  -0.0593   0.4081   0.3295
   7.500   0.0902   0.15275   0.14516  -0.0583   0.3974   0.3378
   8.000   0.1404   0.15502   0.14749  -0.0598   0.3947   0.3627
   8.500   0.2007   0.15804   0.15077  -0.0619   0.3934   0.4036
   9.000   0.1782   0.16278   0.15574  -0.0616   0.3827   0.4281
  10.000   0.2721   0.16662   0.16150  -0.0609   0.3794   1.0000
