  
       XFOIL         Version 6.99
  
 Calculated polar for: NACA 3720                                       
  
 1 1 Reynolds number fixed          Mach number fixed         
  
 xtrf =   1.000 (top)        1.000 (bottom)  
 Mach =   0.050     Re =     0.200 e 6     Ncrit =   9.000
  
   alpha    CL        CD       CDp       CM     Top_Xtr  Bot_Xtr
  ------ -------- --------- --------- -------- -------- --------
  -2.000   0.0506   0.01931   0.01243  -0.0906   0.8408   0.4523
  -1.500   0.1281   0.01817   0.01141  -0.0936   0.8335   0.4831
  -1.000   0.2163   0.01684   0.01016  -0.0986   0.8299   0.5156
  -0.500   0.2768   0.01600   0.00947  -0.0984   0.8134   0.5436
   0.500   0.4169   0.01445   0.00804  -0.1018   0.7760   0.6035
   1.000   0.4845   0.01402   0.00764  -0.1032   0.7478   0.6313
   1.500   0.5612   0.01376   0.00730  -0.1063   0.7172   0.6583
   2.000   0.6214   0.01394   0.00736  -0.1065   0.6831   0.6834
   2.500   0.6786   0.01430   0.00756  -0.1062   0.6516   0.7079
   3.000   0.7255   0.01467   0.00787  -0.1039   0.6210   0.7317
   3.500   0.7738   0.01504   0.00813  -0.1020   0.5932   0.7555
   4.000   0.8172   0.01540   0.00844  -0.0992   0.5664   0.7795
   4.500   0.8573   0.01573   0.00877  -0.0958   0.5402   0.8042
   5.000   0.8947   0.01604   0.00908  -0.0918   0.5152   0.8295
   5.500   0.9284   0.01634   0.00939  -0.0871   0.4914   0.8577
   6.000   0.9608   0.01669   0.00976  -0.0822   0.4684   0.8923
   6.500   0.9964   0.01707   0.01015  -0.0780   0.4455   0.9518
   7.000   1.0458   0.01772   0.01068  -0.0780   0.4210   1.0000
   7.500   1.0866   0.01855   0.01142  -0.0761   0.3974   1.0000
   8.000   1.1241   0.01947   0.01225  -0.0736   0.3747   1.0000
   8.500   1.1590   0.02049   0.01318  -0.0706   0.3526   1.0000
   9.000   1.1918   0.02162   0.01422  -0.0674   0.3312   1.0000
   9.500   1.2223   0.02289   0.01540  -0.0639   0.3107   1.0000
  10.000   1.2507   0.02430   0.01675  -0.0603   0.2909   1.0000
