  
       XFOIL         Version 6.99
  
 Calculated polar for: NACA 6634                                       
  
 1 1 Reynolds number fixed          Mach number fixed         
  
 xtrf =   1.000 (top)        1.000 (bottom)  
 Mach =   0.050     Re =     0.200 e 6     Ncrit =   9.000
  
   alpha    CL        CD       CDp       CM     Top_Xtr  Bot_Xtr
  ------ -------- --------- --------- -------- -------- --------
  -2.000   0.1128   0.02837   0.02036  -0.1097   0.6628   0.3389
  -1.500   0.2206   0.02653   0.01835  -0.1181   0.6601   0.3534
  -1.000   0.2303   0.02752   0.01947  -0.1117   0.6441   0.3620
  -0.500   0.3393   0.02584   0.01759  -0.1204   0.6399   0.3775
   0.000   0.3478   0.02697   0.01888  -0.1138   0.6246   0.3870
   0.500   0.4326   0.02617   0.01791  -0.1188   0.6173   0.4021
   1.000   0.4609   0.02686   0.01872  -0.1153   0.6044   0.4136
   1.500   0.5270   0.02677   0.01851  -0.1176   0.5952   0.4285
   2.000   0.5653   0.02730   0.01913  -0.1157   0.5837   0.4416
   2.500   0.6259   0.02751   0.01922  -0.1172   0.5744   0.4572
   3.000   0.6583   0.02830   0.02013  -0.1146   0.5630   0.4709
   3.500   0.7249   0.02843   0.02011  -0.1170   0.5545   0.4878
   4.000   0.7400   0.02985   0.02172  -0.1120   0.5427   0.5013
   4.500   0.8343   0.02911   0.02076  -0.1184   0.5358   0.5216
   5.000   0.8132   0.03188   0.02382  -0.1085   0.5231   0.5330
   5.500   0.8989   0.03123   0.02297  -0.1135   0.5164   0.5537
   6.000   0.8811   0.03432   0.02636  -0.1046   0.5043   0.5660
   6.500   0.9533   0.03398   0.02587  -0.1077   0.4973   0.5865
   7.000   0.9484   0.03698   0.02911  -0.1011   0.4865   0.6006
   7.500   1.0018   0.03733   0.02938  -0.1018   0.4786   0.6205
   8.000   1.0291   0.03909   0.03125  -0.0994   0.4702   0.6386
   8.500   1.0426   0.04144   0.03371  -0.0957   0.4604   0.6559
   9.000   1.1331   0.04003   0.03211  -0.1007   0.4551   0.6809
   9.500   1.0763   0.04640   0.03890  -0.0896   0.4426   0.6940
  10.000   1.1556   0.04507   0.03748  -0.0930   0.4373   0.7209
